Country,Datetime (UTC),Datetime (Local),Price (EUR/MWhe),Price_MAD_kWh,Hour,DayOfWeek,Month
Netherlands,12/04/2024 23:00,2024-04-13 01:00:00,44.15,0.4790275,1,5,4
Netherlands,2018-09-30 19:00:00,2018-09-30 21:00:00,65.31,0.7086135,21,6,9
Netherlands,2017-11-24 00:00:00,2017-11-24 01:00:00,39.83,0.43215549999999997,1,4,11
Netherlands,2021-08-13 16:00:00,2021-08-13 18:00:00,104.91,1.1382735,18,4,8
Netherlands,2016-06-30 18:00:00,2016-06-30 20:00:00,34.91,0.37877349999999993,20,3,6
Netherlands,2016-05-10 14:00:00,2016-05-10 16:00:00,29.94,0.324849,16,1,5
Netherlands,2019-09-13 00:00:00,2019-09-13 02:00:00,27.11,0.29414349999999995,2,4,9
Netherlands,2022-11-09 04:00:00,2022-11-09 05:00:00,72.16,0.782936,5,2,11
Netherlands,22/11/2023 06:00,2023-11-22 07:00:00,140.55,1.5249675,7,2,11
Netherlands,2018-06-16 22:00:00,2018-06-17 00:00:00,41.57,0.4510345,0,6,6
Netherlands,2016-05-16 10:00:00,2016-05-16 12:00:00,24.99,0.2711414999999999,12,0,5
Netherlands,2022-01-30 05:00:00,2022-01-30 06:00:00,114.93,1.2469905000000001,6,6,1
Netherlands,2016-08-20 02:00:00,2016-08-20 04:00:00,22.32,0.242172,4,5,8
Netherlands,2019-11-09 00:00:00,2019-11-09 01:00:00,39.78,0.431613,1,5,11
Netherlands,2019-10-20 00:00:00,2019-10-20 02:00:00,27.01,0.2930585,2,6,10
Netherlands,2015-11-15 21:00:00,2015-11-15 22:00:00,33.7,0.36564500000000005,22,6,11
Netherlands,22/04/2024 17:00,2024-04-22 19:00:00,136.12,1.476902,19,0,4
Netherlands,2020-03-27 06:00:00,2020-03-27 07:00:00,26.95,0.2924075,7,4,3
Netherlands,2015-06-04 19:00:00,2015-06-04 21:00:00,38.94,0.42249899999999996,21,3,6
Netherlands,2019-11-25 07:00:00,2019-11-25 08:00:00,58.37,0.6333145,8,0,11
Netherlands,2015-06-14 08:00:00,2015-06-14 10:00:00,26.84,0.291214,10,6,6
Netherlands,2016-11-08 06:00:00,2016-11-08 07:00:00,44.99,0.4881415,7,1,11
Netherlands,2015-02-02 20:00:00,2015-02-02 21:00:00,43.05,0.46709249999999997,21,0,2
Netherlands,2017-07-03 07:00:00,2017-07-03 09:00:00,40.7,0.441595,9,0,7
Netherlands,2021-11-26 14:00:00,2021-11-26 15:00:00,165.49,1.7955665,15,4,11
Netherlands,2015-12-13 08:00:00,2015-12-13 09:00:00,31.85,0.3455725,9,6,12
Netherlands,2022-09-20 19:00:00,2022-09-20 21:00:00,429.9,4.664415,21,1,9
Netherlands,2023-07-28 03:00:00,2023-07-28 05:00:00,89.53,0.9714005,5,4,7
Netherlands,2019-02-28 19:00:00,2019-02-28 20:00:00,49.2,0.5338200000000001,20,3,2
Netherlands,2022-02-19 10:00:00,2022-02-19 11:00:00,0.0,0.0,11,5,2
Netherlands,2020-02-18 13:00:00,2020-02-18 14:00:00,23.28,0.252588,14,1,2
Netherlands,2018-06-28 17:00:00,2018-06-28 19:00:00,52.27,0.5671295,19,3,6
Netherlands,2022-02-18 15:00:00,2022-02-18 16:00:00,215.1,2.333835,16,4,2
Netherlands,17/10/2023 15:00,2023-10-17 17:00:00,139.89,1.5178064999999998,17,1,10
Netherlands,22/11/2023 22:00,2023-11-22 23:00:00,80.2,0.87017,23,2,11
Netherlands,2020-04-02 18:00:00,2020-04-02 20:00:00,27.3,0.296205,20,3,4
Netherlands,2016-05-28 20:00:00,2016-05-28 22:00:00,53.12,0.576352,22,5,5
Netherlands,2018-09-05 13:00:00,2018-09-05 15:00:00,68.87,0.7472395000000001,15,2,9
Netherlands,2017-10-01 20:00:00,2017-10-01 22:00:00,40.85,0.4432225,22,6,10
Netherlands,2020-09-26 10:00:00,2020-09-26 12:00:00,34.08,0.369768,12,5,9
Netherlands,2020-01-27 05:00:00,2020-01-27 06:00:00,21.4,0.23218999999999998,6,0,1
Netherlands,2023-07-23 11:00:00,2023-07-23 13:00:00,-10.08,-0.10936799999999999,13,6,7
Netherlands,18/02/2024 13:00,2024-02-18 14:00:00,64.6,0.7009099999999999,14,6,2
Netherlands,2016-03-27 02:00:00,2016-03-27 04:00:00,16.56,0.17967599999999997,4,6,3
Netherlands,2016-06-13 07:00:00,2016-06-13 09:00:00,48.03,0.5211255,9,0,6
Netherlands,2019-08-03 16:00:00,2019-08-03 18:00:00,38.95,0.4226075,18,5,8
Netherlands,2022-12-02 21:00:00,2022-12-02 22:00:00,304.96,3.3088159999999998,22,4,12
Netherlands,2022-05-11 17:00:00,2022-05-11 19:00:00,219.3,2.379405,19,2,5
Netherlands,2022-09-11 00:00:00,2022-09-11 02:00:00,385.06,4.177900999999999,2,6,9
Netherlands,24/11/2023 06:00,2023-11-24 07:00:00,94.61,1.0265185,7,4,11
Netherlands,2017-12-19 13:00:00,2017-12-19 14:00:00,70.2,0.76167,14,1,12
Netherlands,2015-10-05 19:00:00,2015-10-05 21:00:00,40.25,0.4367125,21,0,10
Netherlands,02/10/2024 03:00,2024-10-02 05:00:00,80.8,0.8766799999999999,5,2,10
Netherlands,2015-11-02 21:00:00,2015-11-02 22:00:00,37.37,0.4054645,22,0,11
Netherlands,2016-09-30 12:00:00,2016-09-30 14:00:00,25.4,0.27559,14,4,9
Netherlands,2022-01-24 14:00:00,2022-01-24 15:00:00,256.49,2.7829165,15,0,1
Netherlands,2015-02-21 22:00:00,2015-02-21 23:00:00,50.77,0.5508545,23,5,2
Netherlands,2020-12-16 04:00:00,2020-12-16 05:00:00,40.34,0.437689,5,2,12
Netherlands,2019-10-12 08:00:00,2019-10-12 10:00:00,39.9,0.43291499999999994,10,5,10
Netherlands,2015-10-14 13:00:00,2015-10-14 15:00:00,37.18,0.40340299999999996,15,2,10
Netherlands,08/09/2024 07:00,2024-09-08 09:00:00,37.87,0.41088949999999996,9,6,9
Netherlands,2022-03-11 00:00:00,2022-03-11 01:00:00,193.22,2.096437,1,4,3
Netherlands,2017-03-02 03:00:00,2017-03-02 04:00:00,28.08,0.30466799999999994,4,3,3
Netherlands,2023-05-04 21:00:00,2023-05-04 23:00:00,94.36,1.023806,23,3,5
Netherlands,2023-05-27 10:00:00,2023-05-27 12:00:00,0.0,0.0,12,5,5
Netherlands,2020-04-13 06:00:00,2020-04-13 08:00:00,-5.91,-0.06412349999999999,8,0,4
Netherlands,2020-09-13 20:00:00,2020-09-13 22:00:00,43.5,0.471975,22,6,9
Netherlands,2016-07-29 23:00:00,2016-07-30 01:00:00,26.51,0.28763350000000004,1,5,7
Netherlands,01/01/2024 10:00,2024-01-01 11:00:00,0.54,0.005859,11,0,1
Netherlands,2018-12-24 09:00:00,2018-12-24 10:00:00,66.33,0.7196805,10,0,12
Netherlands,09/03/2024 05:00,2024-03-09 06:00:00,50.0,0.5425,6,5,3
Netherlands,2017-08-25 14:00:00,2017-08-25 16:00:00,36.04,0.391034,16,4,8
Netherlands,2019-09-15 10:00:00,2019-09-15 12:00:00,28.0,0.3038,12,6,9
Netherlands,2016-12-11 12:00:00,2016-12-11 13:00:00,34.94,0.37909899999999996,13,6,12
Netherlands,2016-08-04 10:00:00,2016-08-04 12:00:00,27.44,0.297724,12,3,8
Netherlands,2019-10-02 07:00:00,2019-10-02 09:00:00,51.75,0.5614874999999999,9,2,10
Netherlands,2017-04-09 14:00:00,2017-04-09 16:00:00,23.82,0.258447,16,6,4
Netherlands,2017-01-14 23:00:00,2017-01-15 00:00:00,32.99,0.3579415,0,6,1
Netherlands,2022-07-08 12:00:00,2022-07-08 14:00:00,220.0,2.387,14,4,7
Netherlands,2018-07-19 14:00:00,2018-07-19 16:00:00,52.73,0.5721205,16,3,7
Netherlands,09/05/2024 22:00,2024-05-10 00:00:00,97.89,1.0621064999999998,0,4,5
Netherlands,08/12/2024 08:00,2024-12-08 09:00:00,98.73,1.0712205,9,6,12
Netherlands,2016-06-05 00:00:00,2016-06-05 02:00:00,20.08,0.21786799999999998,2,6,6
Netherlands,2019-09-24 15:00:00,2019-09-24 17:00:00,54.96,0.5963160000000001,17,1,9
Netherlands,2016-02-25 19:00:00,2016-02-25 20:00:00,30.31,0.3288635,20,3,2
Netherlands,2021-01-31 23:00:00,2021-02-01 00:00:00,41.18,0.446803,0,0,2
Netherlands,2019-08-11 00:00:00,2019-08-11 02:00:00,16.6,0.18011000000000002,2,6,8
Netherlands,15/10/2024 05:00,2024-10-15 07:00:00,175.94,1.9089489999999998,7,1,10
Netherlands,2022-10-11 17:00:00,2022-10-11 19:00:00,484.75,5.2595374999999995,19,1,10
Netherlands,2019-03-30 16:00:00,2019-03-30 17:00:00,40.29,0.4371465,17,5,3
Netherlands,2017-10-10 04:00:00,2017-10-10 06:00:00,47.2,0.51212,6,1,10
Netherlands,2017-05-14 13:00:00,2017-05-14 15:00:00,27.17,0.2947945,15,6,5
Netherlands,2017-10-12 20:00:00,2017-10-12 22:00:00,39.9,0.43291499999999994,22,3,10
Netherlands,2023-09-09 20:00:00,2023-09-09 22:00:00,110.9,1.203265,22,5,9
Netherlands,2016-04-13 08:00:00,2016-04-13 10:00:00,33.23,0.36054549999999996,10,2,4
Netherlands,2019-11-02 09:00:00,2019-11-02 10:00:00,38.43,0.4169655,10,5,11
Netherlands,2018-03-26 05:00:00,2018-03-26 07:00:00,63.03,0.6838755,7,0,3
Netherlands,2017-11-01 10:00:00,2017-11-01 11:00:00,35.1,0.380835,11,2,11
Netherlands,2019-02-13 05:00:00,2019-02-13 06:00:00,45.62,0.494977,6,2,2
Netherlands,2015-05-20 06:00:00,2015-05-20 08:00:00,56.11,0.6087935,8,2,5
Netherlands,30/06/2024 18:00,2024-06-30 20:00:00,99.9,1.083915,20,6,6
Netherlands,14/11/2024 00:00,2024-11-14 01:00:00,100.0,1.085,1,3,11
Netherlands,25/11/2024 02:00,2024-11-25 03:00:00,-1.09,-0.011826500000000002,3,0,11
Netherlands,2018-06-06 12:00:00,2018-06-06 14:00:00,56.84,0.6167140000000001,14,2,6
Netherlands,12/03/2024 00:00,2024-03-12 01:00:00,65.56,0.711326,1,1,3
Netherlands,2019-09-14 00:00:00,2019-09-14 02:00:00,32.07,0.3479595,2,5,9
Netherlands,2018-09-17 22:00:00,2018-09-18 00:00:00,50.0,0.5425,0,1,9
Netherlands,2021-02-02 16:00:00,2021-02-02 17:00:00,57.41,0.6228984999999999,17,1,2
Netherlands,2016-09-26 21:00:00,2016-09-26 23:00:00,28.4,0.30813999999999997,23,0,9
Netherlands,2023-04-19 01:00:00,2023-04-19 03:00:00,98.95,1.0736075,3,2,4
Netherlands,2015-07-09 23:00:00,2015-07-10 01:00:00,38.68,0.419678,1,4,7
Netherlands,2021-05-09 21:00:00,2021-05-09 23:00:00,52.78,0.572663,23,6,5
Netherlands,2020-03-20 05:00:00,2020-03-20 06:00:00,27.4,0.29728999999999994,6,4,3
Netherlands,2021-06-10 20:00:00,2021-06-10 22:00:00,87.25,0.9466625000000001,22,3,6
Netherlands,2022-08-09 16:00:00,2022-08-09 18:00:00,420.0,4.557,18,1,8
Netherlands,2020-04-16 13:00:00,2020-04-16 15:00:00,15.77,0.1711045,15,3,4
Netherlands,2019-11-03 05:00:00,2019-11-03 06:00:00,28.35,0.3075975,6,6,11
Netherlands,2021-06-02 11:00:00,2021-06-02 13:00:00,54.02,0.586117,13,2,6
Netherlands,2022-11-25 05:00:00,2022-11-25 06:00:00,228.4,2.47814,6,4,11
Netherlands,2017-03-23 10:00:00,2017-03-23 11:00:00,32.78,0.355663,11,3,3
Netherlands,2019-04-27 13:00:00,2019-04-27 15:00:00,30.47,0.3305995,15,5,4
Netherlands,2023-08-01 08:00:00,2023-08-01 10:00:00,86.03,0.9334254999999999,10,1,8
Netherlands,2015-06-25 05:00:00,2015-06-25 07:00:00,45.97,0.4987745,7,3,6
Netherlands,2017-09-12 06:00:00,2017-09-12 08:00:00,49.69,0.5391364999999999,8,1,9
Netherlands,2015-05-31 11:00:00,2015-05-31 13:00:00,22.06,0.23935099999999998,13,6,5
Netherlands,2022-03-13 05:00:00,2022-03-13 06:00:00,146.93,1.5941904999999998,6,6,3
Netherlands,2018-04-01 02:00:00,2018-04-01 04:00:00,34.0,0.36889999999999995,4,6,4
Netherlands,25/09/2024 14:00,2024-09-25 16:00:00,97.58,1.058743,16,2,9
Netherlands,2019-01-15 10:00:00,2019-01-15 11:00:00,56.82,0.616497,11,1,1
Netherlands,2015-07-31 01:00:00,2015-07-31 03:00:00,40.3,0.43725499999999995,3,4,7
Netherlands,15/09/2024 23:00,2024-09-16 01:00:00,81.59,0.8852515,1,0,9
Netherlands,2021-01-04 07:00:00,2021-01-04 08:00:00,60.0,0.651,8,0,1
Netherlands,2015-06-28 00:00:00,2015-06-28 02:00:00,27.29,0.2960965,2,6,6
Netherlands,2022-11-03 21:00:00,2022-11-03 22:00:00,125.32,1.3597219999999999,22,3,11
Netherlands,2018-07-20 19:00:00,2018-07-20 21:00:00,56.1,0.6086849999999999,21,4,7
Netherlands,2019-03-17 22:00:00,2019-03-17 23:00:00,39.5,0.428575,23,6,3
Netherlands,2022-04-07 14:00:00,2022-04-07 16:00:00,149.9,1.626415,16,3,4
Netherlands,2020-05-08 16:00:00,2020-05-08 18:00:00,25.6,0.27776,18,4,5
Netherlands,2015-10-08 04:00:00,2015-10-08 06:00:00,46.49,0.5044164999999999,6,3,10
Netherlands,2019-04-04 04:00:00,2019-04-04 06:00:00,44.67,0.48466950000000003,6,3,4
Netherlands,2020-01-15 13:00:00,2020-01-15 14:00:00,35.0,0.37975,14,2,1
Netherlands,2018-09-07 23:00:00,2018-09-08 01:00:00,55.41,0.6011985,1,5,9
Netherlands,2016-03-21 21:00:00,2016-03-21 22:00:00,26.16,0.28383600000000003,22,0,3
Netherlands,2020-04-02 16:00:00,2020-04-02 18:00:00,22.71,0.2464035,18,3,4
Netherlands,2021-02-22 03:00:00,2021-02-22 04:00:00,37.22,0.403837,4,0,2
Netherlands,2015-08-11 02:00:00,2015-08-11 04:00:00,28.52,0.309442,4,1,8
Netherlands,2017-03-31 03:00:00,2017-03-31 05:00:00,27.24,0.295554,5,4,3
Netherlands,2020-06-14 11:00:00,2020-06-14 13:00:00,17.97,0.19497449999999997,13,6,6
Netherlands,2020-10-22 00:00:00,2020-10-22 02:00:00,28.3,0.307055,2,3,10
Netherlands,2018-01-25 15:00:00,2018-01-25 16:00:00,45.47,0.4933495,16,3,1
Netherlands,2021-08-09 05:00:00,2021-08-09 07:00:00,82.39,0.8939315,7,0,8
Netherlands,2017-11-07 17:00:00,2017-11-07 18:00:00,65.79,0.7138215,18,1,11
Netherlands,2021-05-28 10:00:00,2021-05-28 12:00:00,73.29,0.7951965,12,4,5
Netherlands,2018-10-25 09:00:00,2018-10-25 11:00:00,50.0,0.5425,11,3,10
Netherlands,2023-06-19 10:00:00,2023-06-19 12:00:00,93.3,1.012305,12,0,6
Netherlands,2020-01-04 21:00:00,2020-01-04 22:00:00,39.75,0.4312875,22,5,1
Netherlands,2017-01-13 01:00:00,2017-01-13 02:00:00,32.44,0.351974,2,4,1
Netherlands,2018-10-01 05:00:00,2018-10-01 07:00:00,77.32,0.838922,7,0,10
Netherlands,2017-01-14 06:00:00,2017-01-14 07:00:00,35.4,0.38409,7,5,1
Netherlands,2016-01-19 06:00:00,2016-01-19 07:00:00,54.1,0.586985,7,1,1
Netherlands,2015-07-01 19:00:00,2015-07-01 21:00:00,43.33,0.4701305,21,2,7
Netherlands,2020-08-19 15:00:00,2020-08-19 17:00:00,42.04,0.456134,17,2,8
Netherlands,2019-05-08 08:00:00,2019-05-08 10:00:00,44.66,0.4845609999999999,10,2,5
Netherlands,23/04/2024 23:00,2024-04-24 01:00:00,76.29,0.8277465,1,2,4
Netherlands,2023-01-27 09:00:00,2023-01-27 10:00:00,195.0,2.11575,10,4,1
Netherlands,2016-06-06 00:00:00,2016-06-06 02:00:00,21.87,0.23728950000000001,2,0,6
Netherlands,2017-01-24 12:00:00,2017-01-24 13:00:00,117.68,1.276828,13,1,1
Netherlands,2018-01-20 01:00:00,2018-01-20 02:00:00,31.1,0.337435,2,5,1
Netherlands,2015-12-03 06:00:00,2015-12-03 07:00:00,49.0,0.53165,7,3,12
Netherlands,2015-11-19 03:00:00,2015-11-19 04:00:00,24.99,0.2711414999999999,4,3,11
Netherlands,08/12/2024 01:00,2024-12-08 02:00:00,75.81,0.8225385,2,6,12
Netherlands,2018-07-02 21:00:00,2018-07-02 23:00:00,50.55,0.5484675,23,0,7
Netherlands,2022-06-19 16:00:00,2022-06-19 18:00:00,223.09,2.4205265,18,6,6
Netherlands,2017-10-09 15:00:00,2017-10-09 17:00:00,57.59,0.6248515,17,0,10
Netherlands,2018-10-28 04:00:00,2018-10-28 05:00:00,42.28,0.458738,5,6,10
Netherlands,2022-08-10 19:00:00,2022-08-10 21:00:00,420.0,4.557,21,2,8
Netherlands,2015-12-15 04:00:00,2015-12-15 05:00:00,29.84,0.323764,5,1,12
Netherlands,2015-08-23 22:00:00,2015-08-24 00:00:00,49.8,0.54033,0,0,8
Netherlands,2016-08-22 02:00:00,2016-08-22 04:00:00,18.07,0.1960595,4,0,8
Netherlands,2019-12-15 03:00:00,2019-12-15 04:00:00,11.91,0.1292235,4,6,12
Netherlands,2022-04-26 18:00:00,2022-04-26 20:00:00,286.76,3.111346,20,1,4
Netherlands,12/07/2024 18:00,2024-07-12 20:00:00,91.6,0.9938599999999999,20,4,7
Netherlands,21/04/2024 13:00,2024-04-21 15:00:00,-10.03,-0.10882549999999999,15,6,4
Netherlands,2016-05-10 09:00:00,2016-05-10 11:00:00,29.27,0.3175795,11,1,5
Netherlands,2018-09-18 05:00:00,2018-09-18 07:00:00,74.5,0.808325,7,1,9
Netherlands,2017-09-20 02:00:00,2017-09-20 04:00:00,31.0,0.33635,4,2,9
Netherlands,2020-05-07 23:00:00,2020-05-08 01:00:00,19.1,0.207235,1,4,5
Netherlands,2023-04-04 23:00:00,2023-04-05 01:00:00,118.13,1.2817105,1,2,4
Netherlands,2023-05-27 21:00:00,2023-05-27 23:00:00,94.71,1.0276035,23,5,5
Netherlands,2018-09-15 09:00:00,2018-09-15 11:00:00,65.5,0.710675,11,5,9
Netherlands,2021-10-10 08:00:00,2021-10-10 10:00:00,146.48,1.5893079999999997,10,6,10
Netherlands,2019-11-28 09:00:00,2019-11-28 10:00:00,49.05,0.5321925,10,3,11
Netherlands,2019-09-30 23:00:00,2019-10-01 01:00:00,30.26,0.32832100000000003,1,1,10
Netherlands,2016-11-17 15:00:00,2016-11-17 16:00:00,41.73,0.45277049999999996,16,3,11
Netherlands,2019-03-17 11:00:00,2019-03-17 12:00:00,37.4,0.40579,12,6,3
Netherlands,2021-07-15 04:00:00,2021-07-15 06:00:00,86.59,0.9395015,6,3,7
Netherlands,2020-04-11 08:00:00,2020-04-11 10:00:00,14.3,0.155155,10,5,4
Netherlands,20/02/2024 22:00,2024-02-20 23:00:00,49.61,0.5382685,23,1,2
Netherlands,2016-04-14 10:00:00,2016-04-14 12:00:00,26.4,0.28644,12,3,4
Netherlands,2016-11-15 06:00:00,2016-11-15 07:00:00,44.65,0.4844525,7,1,11
Netherlands,2016-06-03 17:00:00,2016-06-03 19:00:00,33.61,0.3646685,19,4,6
Netherlands,2019-07-11 09:00:00,2019-07-11 11:00:00,53.99,0.5857915,11,3,7
Netherlands,04/12/2023 01:00,2023-12-04 02:00:00,88.02,0.9550169999999999,2,0,12
Netherlands,2018-09-30 09:00:00,2018-09-30 11:00:00,55.0,0.59675,11,6,9
Netherlands,2015-04-10 12:00:00,2015-04-10 14:00:00,41.32,0.448322,14,4,4
Netherlands,2020-06-07 09:00:00,2020-06-07 11:00:00,16.06,0.174251,11,6,6
Netherlands,2020-10-03 20:00:00,2020-10-03 22:00:00,33.27,0.3609795,22,5,10
Netherlands,2018-10-13 02:00:00,2018-10-13 04:00:00,42.74,0.463729,4,5,10
Netherlands,13/05/2024 14:00,2024-05-13 16:00:00,1.09,0.011826500000000002,16,0,5
Netherlands,2017-11-19 14:00:00,2017-11-19 15:00:00,33.3,0.36130499999999993,15,6,11
Netherlands,2018-11-12 02:00:00,2018-11-12 03:00:00,50.9,0.552265,3,0,11
Netherlands,21/06/2024 04:00,2024-06-21 06:00:00,96.0,1.0415999999999999,6,4,6
Netherlands,12/06/2024 23:00,2024-06-13 01:00:00,89.63,0.9724854999999999,1,3,6
Netherlands,2023-05-20 08:00:00,2023-05-20 10:00:00,1.94,0.021049,10,5,5
Netherlands,2018-06-11 05:00:00,2018-06-11 07:00:00,56.87,0.6170395,7,0,6
Netherlands,2016-08-08 03:00:00,2016-08-08 05:00:00,8.94,0.096999,5,0,8
Netherlands,03/07/2024 14:00,2024-07-03 16:00:00,60.09,0.6519765,16,2,7
Netherlands,25/08/2024 10:00,2024-08-25 12:00:00,-15.5,-0.168175,12,6,8
Netherlands,2015-05-22 09:00:00,2015-05-22 11:00:00,46.12,0.5004019999999999,11,4,5
Netherlands,2018-08-13 23:00:00,2018-08-14 01:00:00,47.88,0.519498,1,1,8
Netherlands,14/06/2024 02:00,2024-06-14 04:00:00,47.29,0.5130965,4,4,6
Netherlands,2018-10-31 07:00:00,2018-10-31 08:00:00,52.4,0.5685399999999999,8,2,10
Netherlands,2016-01-31 10:00:00,2016-01-31 11:00:00,29.0,0.31465,11,6,1
Netherlands,2021-05-17 08:00:00,2021-05-17 10:00:00,82.0,0.8896999999999999,10,0,5
Netherlands,2021-05-03 21:00:00,2021-05-03 23:00:00,52.96,0.574616,23,0,5
Netherlands,2020-10-20 13:00:00,2020-10-20 15:00:00,36.32,0.394072,15,1,10
Netherlands,18/05/2024 06:00,2024-05-18 08:00:00,58.29,0.6324465,8,5,5
Netherlands,2015-12-13 06:00:00,2015-12-13 07:00:00,32.88,0.356748,7,6,12
Netherlands,13/03/2024 08:00,2024-03-13 09:00:00,76.85,0.8338224999999999,9,2,3
Netherlands,2015-12-17 06:00:00,2015-12-17 07:00:00,40.04,0.434434,7,3,12
Netherlands,12/03/2024 14:00,2024-03-12 15:00:00,65.2,0.7074199999999999,15,1,3
Netherlands,2020-12-16 00:00:00,2020-12-16 01:00:00,41.92,0.454832,1,2,12
Netherlands,2022-07-28 08:00:00,2022-07-28 10:00:00,405.5,4.399675,10,3,7
Netherlands,2017-10-07 16:00:00,2017-10-07 18:00:00,52.61,0.5708185,18,5,10
Netherlands,2015-04-05 11:00:00,2015-04-05 13:00:00,29.61,0.32126849999999996,13,6,4
Netherlands,2021-08-24 19:00:00,2021-08-24 21:00:00,107.47,1.1660495,21,1,8
Netherlands,2018-01-24 18:00:00,2018-01-24 19:00:00,46.65,0.5061525,19,2,1
Netherlands,2022-08-12 12:00:00,2022-08-12 14:00:00,294.29,3.1930465,14,4,8
Netherlands,2017-01-20 14:00:00,2017-01-20 15:00:00,72.93,0.7912905000000001,15,4,1
Netherlands,17/03/2024 01:00,2024-03-17 02:00:00,55.83,0.6057555,2,6,3
Netherlands,2020-09-06 18:00:00,2020-09-06 20:00:00,49.44,0.536424,20,6,9
Netherlands,2018-09-09 00:00:00,2018-09-09 02:00:00,52.31,0.5675635,2,6,9
Netherlands,2020-12-14 07:00:00,2020-12-14 08:00:00,41.0,0.44484999999999997,8,0,12
Netherlands,2018-10-07 11:00:00,2018-10-07 13:00:00,50.9,0.552265,13,6,10
Netherlands,2022-11-14 16:00:00,2022-11-14 17:00:00,254.18,2.757853,17,0,11
Netherlands,2018-01-09 23:00:00,2018-01-10 00:00:00,34.4,0.37323999999999996,0,2,1
Netherlands,2023-05-12 03:00:00,2023-05-12 05:00:00,98.68,1.070678,5,4,5
Netherlands,2017-10-12 13:00:00,2017-10-12 15:00:00,32.7,0.354795,15,3,10
Netherlands,2016-12-04 09:00:00,2016-12-04 10:00:00,35.88,0.389298,10,6,12
Netherlands,2018-02-26 11:00:00,2018-02-26 12:00:00,58.5,0.634725,12,0,2
Netherlands,03/03/2024 13:00,2024-03-03 14:00:00,46.84,0.5082139999999999,14,6,3
Netherlands,2023-07-06 05:00:00,2023-07-06 07:00:00,126.17,1.3689445,7,3,7
Netherlands,2022-12-29 10:00:00,2022-12-29 11:00:00,109.03,1.1829755,11,3,12
Netherlands,2016-07-23 00:00:00,2016-07-23 02:00:00,29.1,0.315735,2,5,7
Netherlands,2022-06-15 20:00:00,2022-06-15 22:00:00,239.9,2.602915,22,2,6
Netherlands,04/03/2024 06:00,2024-03-04 07:00:00,96.67,1.0488695000000001,7,0,3
Netherlands,2020-02-05 22:00:00,2020-02-05 23:00:00,24.9,0.270165,23,2,2
Netherlands,2019-10-08 13:00:00,2019-10-08 15:00:00,35.31,0.3831135,15,1,10
Netherlands,2019-12-24 10:00:00,2019-12-24 11:00:00,37.0,0.40145,11,1,12
Netherlands,2019-02-12 22:00:00,2019-02-12 23:00:00,40.2,0.43617,23,1,2
Netherlands,2020-11-21 18:00:00,2020-11-21 19:00:00,44.9,0.48716499999999996,19,5,11
Netherlands,2019-07-13 11:00:00,2019-07-13 13:00:00,34.7,0.376495,13,5,7
Netherlands,2017-05-06 22:00:00,2017-05-07 00:00:00,40.47,0.4390995,0,6,5
Netherlands,2023-08-03 18:00:00,2023-08-03 20:00:00,100.0,1.085,20,3,8
Netherlands,23/03/2024 08:00,2024-03-23 09:00:00,11.19,0.12141149999999999,9,5,3
Netherlands,2017-11-08 18:00:00,2017-11-08 19:00:00,70.58,0.7657930000000001,19,2,11
Netherlands,2023-03-05 15:00:00,2023-03-05 16:00:00,120.12,1.303302,16,6,3
Netherlands,2021-04-02 19:00:00,2021-04-02 21:00:00,45.0,0.48825,21,4,4
Netherlands,2021-06-30 08:00:00,2021-06-30 10:00:00,106.54,1.155959,10,2,6
Netherlands,2023-02-16 03:00:00,2023-02-16 04:00:00,106.79,1.1586714999999999,4,3,2
Netherlands,2019-05-15 07:00:00,2019-05-15 09:00:00,47.82,0.518847,9,2,5
Netherlands,2017-10-15 17:00:00,2017-10-15 19:00:00,57.74,0.626479,19,6,10
Netherlands,2022-08-25 23:00:00,2022-08-26 01:00:00,580.07,6.2937595,1,4,8
Netherlands,2020-12-04 21:00:00,2020-12-04 22:00:00,49.9,0.541415,22,4,12
Netherlands,2015-11-06 18:00:00,2015-11-06 19:00:00,42.87,0.46513949999999993,19,4,11
Netherlands,2023-03-25 09:00:00,2023-03-25 10:00:00,-7.99,-0.0866915,10,5,3
Netherlands,2023-09-07 01:00:00,2023-09-07 03:00:00,83.98,0.911183,3,3,9
Netherlands,2023-02-23 05:00:00,2023-02-23 06:00:00,153.98,1.6706829999999997,6,3,2
Netherlands,2023-04-15 23:00:00,2023-04-16 01:00:00,103.49,1.1228664999999998,1,6,4
Netherlands,2018-09-19 04:00:00,2018-09-19 06:00:00,63.15,0.6851775,6,2,9
Netherlands,13/11/2024 13:00,2024-11-13 14:00:00,153.42,1.6646069999999997,14,2,11
Netherlands,2021-09-15 06:00:00,2021-09-15 08:00:00,192.11,2.0843935,8,2,9
Netherlands,2017-08-07 08:00:00,2017-08-07 10:00:00,34.08,0.369768,10,0,8
Netherlands,2021-02-01 04:00:00,2021-02-01 05:00:00,39.99,0.4338915,5,0,2
Netherlands,2015-12-12 16:00:00,2015-12-12 17:00:00,40.0,0.434,17,5,12
Netherlands,2018-02-06 09:00:00,2018-02-06 10:00:00,57.68,0.6258279999999999,10,1,2
Netherlands,2019-04-13 00:00:00,2019-04-13 02:00:00,42.36,0.459606,2,5,4
Netherlands,2021-05-09 07:00:00,2021-05-09 09:00:00,0.0,0.0,9,6,5
Netherlands,2020-07-05 11:00:00,2020-07-05 13:00:00,-2.63,-0.0285355,13,6,7
Netherlands,2019-11-17 07:00:00,2019-11-17 08:00:00,36.85,0.39982249999999997,8,6,11
Netherlands,2015-05-09 23:00:00,2015-05-10 01:00:00,38.7,0.419895,1,6,5
Netherlands,2019-07-10 18:00:00,2019-07-10 20:00:00,51.47,0.5584494999999999,20,2,7
Netherlands,2020-04-02 08:00:00,2020-04-02 10:00:00,21.35,0.2316475,10,3,4
Netherlands,2017-10-30 15:00:00,2017-10-30 16:00:00,56.4,0.6119399999999999,16,0,10
Netherlands,2020-06-04 17:00:00,2020-06-04 19:00:00,26.07,0.2828595,19,3,6
Netherlands,22/11/2023 02:00,2023-11-22 03:00:00,92.0,0.9982,3,2,11
Netherlands,2019-10-03 09:00:00,2019-10-03 11:00:00,47.57,0.5161345,11,3,10
Netherlands,2020-03-23 09:00:00,2020-03-23 10:00:00,10.66,0.115661,10,0,3
Netherlands,2019-01-03 09:00:00,2019-01-03 10:00:00,79.68,0.8645280000000001,10,3,1
Netherlands,2019-06-07 18:00:00,2019-06-07 20:00:00,40.07,0.4347595,20,4,6
Netherlands,2020-08-07 16:00:00,2020-08-07 18:00:00,43.82,0.475447,18,4,8
Netherlands,2020-01-23 20:00:00,2020-01-23 21:00:00,47.16,0.511686,21,3,1
Netherlands,2020-03-28 19:00:00,2020-03-28 20:00:00,17.02,0.184667,20,5,3
Netherlands,2021-10-09 05:00:00,2021-10-09 07:00:00,186.34,2.021789,7,5,10
Netherlands,2016-12-10 06:00:00,2016-12-10 07:00:00,24.72,0.268212,7,5,12
Netherlands,28/11/2024 00:00,2024-11-28 01:00:00,41.21,0.4471285,1,3,11
Netherlands,31/12/2024 00:00,2024-12-31 01:00:00,54.9,0.595665,1,1,12
Netherlands,2022-09-26 23:00:00,2022-09-27 01:00:00,180.24,1.9556040000000001,1,1,9
Netherlands,2017-10-05 23:00:00,2017-10-06 01:00:00,35.15,0.3813775,1,4,10
Netherlands,2016-03-26 16:00:00,2016-03-26 17:00:00,19.39,0.2103815,17,5,3
Netherlands,2020-12-05 22:00:00,2020-12-05 23:00:00,42.03,0.45602550000000003,23,5,12
Netherlands,2019-12-14 05:00:00,2019-12-14 06:00:00,22.25,0.2414125,6,5,12
Netherlands,2022-11-13 07:00:00,2022-11-13 08:00:00,155.96,1.6921659999999998,8,6,11
Netherlands,2018-01-13 02:00:00,2018-01-13 03:00:00,33.8,0.36672999999999994,3,5,1
Netherlands,2017-06-24 15:00:00,2017-06-24 17:00:00,30.27,0.3284295,17,5,6
Netherlands,2018-09-03 01:00:00,2018-09-03 03:00:00,53.96,0.585466,3,0,9
Netherlands,20/08/2024 14:00,2024-08-20 16:00:00,49.92,0.541632,16,1,8
Netherlands,2018-06-26 00:00:00,2018-06-26 02:00:00,42.65,0.4627525,2,1,6
Netherlands,2015-08-06 14:00:00,2015-08-06 16:00:00,50.0,0.5425,16,3,8
Netherlands,2019-02-21 21:00:00,2019-02-21 22:00:00,45.08,0.48911799999999994,22,3,2
Netherlands,04/04/2024 08:00,2024-04-04 10:00:00,69.17,0.7504945000000001,10,3,4
Netherlands,2017-11-02 15:00:00,2017-11-02 16:00:00,57.65,0.6255025,16,3,11
Netherlands,2020-08-08 11:00:00,2020-08-08 13:00:00,20.29,0.22014649999999997,13,5,8
Netherlands,2023-06-22 12:00:00,2023-06-22 14:00:00,106.46,1.1550909999999999,14,3,6
Netherlands,21/05/2024 03:00,2024-05-21 05:00:00,86.6,0.93961,5,1,5
Netherlands,2018-09-07 15:00:00,2018-09-07 17:00:00,62.65,0.6797525,17,4,9
Netherlands,2022-02-04 21:00:00,2022-02-04 22:00:00,148.94,1.615999,22,4,2
Netherlands,2015-06-07 21:00:00,2015-06-07 23:00:00,59.96,0.650566,23,6,6
Netherlands,2018-03-09 14:00:00,2018-03-09 15:00:00,42.19,0.45776149999999993,15,4,3
Netherlands,2017-08-06 03:00:00,2017-08-06 05:00:00,10.87,0.11793949999999997,5,6,8
Netherlands,2017-07-17 06:00:00,2017-07-17 08:00:00,42.66,0.4628609999999999,8,0,7
Netherlands,2023-09-10 00:00:00,2023-09-10 02:00:00,103.7,1.125145,2,6,9
Netherlands,2022-12-16 16:00:00,2022-12-16 17:00:00,505.0,5.47925,17,4,12
Netherlands,2016-07-31 18:00:00,2016-07-31 20:00:00,28.92,0.313782,20,6,7
Netherlands,2015-03-01 08:00:00,2015-03-01 09:00:00,25.22,0.273637,9,6,3
Netherlands,2015-02-16 18:00:00,2015-02-16 19:00:00,47.45,0.5148325,19,0,2
Netherlands,2023-06-21 21:00:00,2023-06-21 23:00:00,134.86,1.463231,23,2,6
Netherlands,2018-03-05 14:00:00,2018-03-05 15:00:00,55.1,0.597835,15,0,3
Netherlands,2023-09-24 02:00:00,2023-09-24 04:00:00,78.05,0.8468424999999999,4,6,9
Netherlands,2019-07-03 09:00:00,2019-07-03 11:00:00,33.4,0.36239,11,2,7
Netherlands,2020-01-18 07:00:00,2020-01-18 08:00:00,32.24,0.349804,8,5,1
Netherlands,2023-06-07 00:00:00,2023-06-07 02:00:00,72.4,0.7855400000000001,2,2,6
Netherlands,2023-03-28 02:00:00,2023-03-28 04:00:00,95.4,1.0350899999999998,4,1,3
Netherlands,2016-08-29 19:00:00,2016-08-29 21:00:00,35.91,0.38962349999999996,21,0,8
Netherlands,2015-04-19 16:00:00,2015-04-19 18:00:00,39.94,0.433349,18,6,4
Netherlands,2021-10-15 15:00:00,2021-10-15 17:00:00,254.88,2.7654479999999997,17,4,10
Netherlands,2022-12-07 19:00:00,2022-12-07 20:00:00,365.9,3.9700149999999996,20,2,12
Netherlands,2018-10-31 12:00:00,2018-10-31 13:00:00,51.4,0.5576899999999999,13,2,10
Netherlands,2020-08-29 14:00:00,2020-08-29 16:00:00,34.71,0.3766035,16,5,8
Netherlands,22/04/2024 11:00,2024-04-22 13:00:00,71.24,0.7729539999999999,13,0,4
Netherlands,2021-02-20 03:00:00,2021-02-20 04:00:00,35.02,0.37996700000000005,4,5,2
Netherlands,2023-05-04 15:00:00,2023-05-04 17:00:00,94.29,1.0230465,17,3,5
Netherlands,2019-02-16 08:00:00,2019-02-16 09:00:00,55.07,0.5975095,9,5,2
Netherlands,2015-12-24 02:00:00,2015-12-24 03:00:00,15.28,0.165788,3,3,12
Netherlands,2022-08-09 12:00:00,2022-08-09 14:00:00,238.79,2.5908714999999995,14,1,8
Netherlands,2022-06-09 16:00:00,2022-06-09 18:00:00,175.94,1.9089489999999998,18,3,6
Netherlands,2021-02-15 04:00:00,2021-02-15 05:00:00,39.22,0.425537,5,0,2
Netherlands,2021-05-17 02:00:00,2021-05-17 04:00:00,56.72,0.615412,4,0,5
Netherlands,2019-03-16 14:00:00,2019-03-16 15:00:00,33.24,0.360654,15,5,3
Netherlands,2020-08-18 17:00:00,2020-08-18 19:00:00,58.05,0.6298425,19,1,8
Netherlands,2020-06-26 12:00:00,2020-06-26 14:00:00,32.03,0.34752550000000004,14,4,6
Netherlands,2020-05-08 23:00:00,2020-05-09 01:00:00,20.72,0.22481199999999998,1,5,5
Netherlands,2018-10-28 23:00:00,2018-10-29 00:00:00,41.87,0.45428949999999996,0,0,10
Netherlands,2021-06-11 00:00:00,2021-06-11 02:00:00,68.1,0.7388849999999999,2,4,6
Netherlands,2019-06-06 02:00:00,2019-06-06 04:00:00,24.06,0.261051,4,3,6
Netherlands,2016-10-29 11:00:00,2016-10-29 13:00:00,35.0,0.37975,13,5,10
Netherlands,2015-09-21 22:00:00,2015-09-22 00:00:00,23.75,0.2576875,0,1,9
Netherlands,2019-03-12 14:00:00,2019-03-12 15:00:00,43.19,0.46861149999999996,15,1,3
Netherlands,2018-11-01 18:00:00,2018-11-01 19:00:00,65.0,0.70525,19,3,11
Netherlands,2015-05-04 19:00:00,2015-05-04 21:00:00,41.54,0.450709,21,0,5
Netherlands,2019-03-29 01:00:00,2019-03-29 02:00:00,34.44,0.37367399999999995,2,4,3
Netherlands,2017-07-18 17:00:00,2017-07-18 19:00:00,46.49,0.5044164999999999,19,1,7
Netherlands,2022-04-02 05:00:00,2022-04-02 07:00:00,318.95,3.4606074999999996,7,5,4
Netherlands,2017-07-04 19:00:00,2017-07-04 21:00:00,41.68,0.452228,21,1,7
Netherlands,2020-05-13 17:00:00,2020-05-13 19:00:00,20.0,0.217,19,2,5
Netherlands,2017-04-01 07:00:00,2017-04-01 09:00:00,35.1,0.380835,9,5,4
Netherlands,2021-01-01 08:00:00,2021-01-01 09:00:00,44.88,0.48694800000000005,9,4,1
Netherlands,04/05/2024 13:00,2024-05-04 15:00:00,26.15,0.28372749999999997,15,5,5
Netherlands,2016-07-09 18:00:00,2016-07-09 20:00:00,32.12,0.348502,20,5,7
Netherlands,2020-12-20 19:00:00,2020-12-20 20:00:00,39.38,0.427273,20,6,12
Netherlands,09/07/2024 23:00,2024-07-10 01:00:00,79.9,0.8669150000000001,1,2,7
Netherlands,2017-12-13 23:00:00,2017-12-14 00:00:00,34.5,0.37432499999999996,0,3,12
Netherlands,2017-10-19 19:00:00,2017-10-19 21:00:00,36.21,0.39287849999999996,21,3,10
Netherlands,10/02/2024 15:00,2024-02-10 16:00:00,85.05,0.9227924999999999,16,5,2
Netherlands,2020-02-02 13:00:00,2020-02-02 14:00:00,32.5,0.352625,14,6,2
Netherlands,2016-12-03 15:00:00,2016-12-03 16:00:00,52.0,0.5641999999999999,16,5,12
Netherlands,2022-03-29 13:00:00,2022-03-29 15:00:00,200.96,2.180416,15,1,3
Netherlands,2023-06-21 17:00:00,2023-06-21 19:00:00,167.5,1.817375,19,2,6
Netherlands,2023-07-26 15:00:00,2023-07-26 17:00:00,89.19,0.9677114999999998,17,2,7
Netherlands,2018-12-23 16:00:00,2018-12-23 17:00:00,69.02,0.748867,17,6,12
Netherlands,01/01/2025 03:00,2025-01-01 04:00:00,0.68,0.007378,4,2,1
Netherlands,2016-11-07 12:00:00,2016-11-07 13:00:00,42.67,0.4629695,13,0,11
Netherlands,17/01/2024 08:00,2024-01-17 09:00:00,106.18,1.1520530000000002,9,2,1
Netherlands,2021-08-01 17:00:00,2021-08-01 19:00:00,84.9,0.9211650000000001,19,6,8
Netherlands,2018-06-18 12:00:00,2018-06-18 14:00:00,52.51,0.5697334999999999,14,0,6
Netherlands,2016-04-16 04:00:00,2016-04-16 06:00:00,19.46,0.211141,6,5,4
Netherlands,2019-09-12 20:00:00,2019-09-12 22:00:00,36.29,0.39374649999999994,22,3,9
Netherlands,2015-12-13 16:00:00,2015-12-13 17:00:00,44.2,0.47957,17,6,12
Netherlands,2017-06-06 04:00:00,2017-06-06 06:00:00,26.7,0.289695,6,1,6
Netherlands,2016-02-23 03:00:00,2016-02-23 04:00:00,17.83,0.19345549999999997,4,1,2
Netherlands,2020-04-11 21:00:00,2020-04-11 23:00:00,21.82,0.23674699999999999,23,5,4
Netherlands,2015-02-18 13:00:00,2015-02-18 14:00:00,42.92,0.46568200000000004,14,2,2
Netherlands,2017-06-05 05:00:00,2017-06-05 07:00:00,24.62,0.267127,7,0,6
Netherlands,2022-12-16 21:00:00,2022-12-16 22:00:00,306.75,3.3282374999999997,22,4,12
Netherlands,2016-01-16 01:00:00,2016-01-16 02:00:00,25.58,0.27754299999999993,2,5,1
Netherlands,2022-09-24 22:00:00,2022-09-25 00:00:00,268.66,2.9149610000000004,0,6,9
Netherlands,2023-01-19 06:00:00,2023-01-19 07:00:00,159.9,1.734915,7,3,1
Netherlands,2016-10-15 16:00:00,2016-10-15 18:00:00,49.92,0.541632,18,5,10
Netherlands,2022-08-31 11:00:00,2022-08-31 13:00:00,452.0,4.9041999999999994,13,2,8
Netherlands,2018-07-11 10:00:00,2018-07-11 12:00:00,55.99,0.6074915,12,2,7
Netherlands,2015-03-17 07:00:00,2015-03-17 08:00:00,59.67,0.6474194999999999,8,1,3
Netherlands,2018-08-11 13:00:00,2018-08-11 15:00:00,43.1,0.46763499999999997,15,5,8
Netherlands,2015-12-05 03:00:00,2015-12-05 04:00:00,19.15,0.20777749999999998,4,5,12
Netherlands,2020-05-09 18:00:00,2020-05-09 20:00:00,32.67,0.3544695,20,5,5
Netherlands,31/12/2024 03:00,2024-12-31 04:00:00,30.88,0.335048,4,1,12
Netherlands,2020-10-01 10:00:00,2020-10-01 12:00:00,44.0,0.4774,12,3,10
Netherlands,2017-11-27 23:00:00,2017-11-28 00:00:00,37.6,0.40796,0,1,11
Netherlands,2019-04-12 12:00:00,2019-04-12 14:00:00,42.11,0.45689349999999995,14,4,4
Netherlands,2019-12-14 00:00:00,2019-12-14 01:00:00,32.62,0.353927,1,5,12
Netherlands,2023-02-28 02:00:00,2023-02-28 03:00:00,124.59,1.3518015,3,1,2
Netherlands,2017-08-01 11:00:00,2017-08-01 13:00:00,35.93,0.3898405,13,1,8
Netherlands,2019-03-09 18:00:00,2019-03-09 19:00:00,49.9,0.541415,19,5,3
Netherlands,2016-03-16 06:00:00,2016-03-16 07:00:00,34.26,0.37172099999999997,7,2,3
Netherlands,2015-08-01 01:00:00,2015-08-01 03:00:00,22.03,0.2390255,3,5,8
Netherlands,2019-07-01 20:00:00,2019-07-01 22:00:00,38.9,0.422065,22,0,7
Netherlands,2021-11-02 18:00:00,2021-11-02 19:00:00,280.0,3.038,19,1,11
Netherlands,2018-08-23 17:00:00,2018-08-23 19:00:00,73.62,0.7987770000000001,19,3,8
Netherlands,2018-02-06 04:00:00,2018-02-06 05:00:00,37.2,0.40362,5,1,2
Netherlands,2015-04-16 22:00:00,2015-04-17 00:00:00,53.1,0.576135,0,4,4
Netherlands,2022-10-22 08:00:00,2022-10-22 10:00:00,130.74,1.418529,10,5,10
Netherlands,2015-01-12 14:00:00,2015-01-12 15:00:00,39.0,0.42314999999999997,15,0,1
Netherlands,2020-07-22 05:00:00,2020-07-22 07:00:00,38.74,0.420329,7,2,7
Netherlands,2018-09-13 15:00:00,2018-09-13 17:00:00,75.7,0.821345,17,3,9
Netherlands,30/06/2024 16:00,2024-06-30 18:00:00,75.75,0.8218874999999999,18,6,6
Netherlands,2019-03-14 01:00:00,2019-03-14 02:00:00,38.3,0.41555499999999995,2,3,3
Netherlands,2023-01-07 23:00:00,2023-01-08 00:00:00,11.55,0.1253175,0,6,1
Netherlands,2021-12-16 09:00:00,2021-12-16 10:00:00,408.8,4.435479999999999,10,3,12
Netherlands,2017-09-16 08:00:00,2017-09-16 10:00:00,44.9,0.48716499999999996,10,5,9
Netherlands,2016-01-01 18:00:00,2016-01-01 19:00:00,35.34,0.38343900000000003,19,4,1
Netherlands,2015-12-28 04:00:00,2015-12-28 05:00:00,22.05,0.2392425,5,0,12
Netherlands,2016-08-14 09:00:00,2016-08-14 11:00:00,20.62,0.223727,11,6,8
Netherlands,2018-08-09 00:00:00,2018-08-09 02:00:00,46.14,0.5006189999999999,2,3,8
Netherlands,2015-01-16 13:00:00,2015-01-16 14:00:00,44.99,0.4881415,14,4,1
Netherlands,2015-04-17 00:00:00,2015-04-17 02:00:00,35.24,0.38235399999999997,2,4,4
Netherlands,2019-09-29 16:00:00,2019-09-29 18:00:00,33.45,0.3629325,18,6,9
Netherlands,2017-09-19 21:00:00,2017-09-19 23:00:00,35.74,0.387779,23,1,9
Netherlands,2016-05-18 11:00:00,2016-05-18 13:00:00,31.42,0.34090699999999996,13,2,5
Netherlands,2018-08-19 20:00:00,2018-08-19 22:00:00,66.01,0.7162085,22,6,8
Netherlands,2018-02-21 22:00:00,2018-02-21 23:00:00,38.51,0.41783349999999997,23,2,2
Netherlands,2017-04-02 20:00:00,2017-04-02 22:00:00,41.0,0.44484999999999997,22,6,4
Netherlands,2020-12-19 13:00:00,2020-12-19 14:00:00,40.66,0.44116099999999997,14,5,12
Netherlands,2016-02-14 11:00:00,2016-02-14 12:00:00,19.94,0.216349,12,6,2
Netherlands,2015-07-15 05:00:00,2015-07-15 07:00:00,55.82,0.6056469999999999,7,2,7
Netherlands,2016-03-15 05:00:00,2016-03-15 06:00:00,29.3,0.317905,6,1,3
Netherlands,2016-03-07 08:00:00,2016-03-07 09:00:00,35.18,0.38170299999999996,9,0,3
Netherlands,2022-08-30 23:00:00,2022-08-31 01:00:00,508.88,5.521348,1,2,8
Netherlands,2016-08-24 19:00:00,2016-08-24 21:00:00,35.87,0.38918949999999997,21,2,8
Netherlands,2019-12-23 02:00:00,2019-12-23 03:00:00,30.16,0.32723599999999997,3,0,12
Netherlands,2015-07-31 06:00:00,2015-07-31 08:00:00,38.88,0.421848,8,4,7
Netherlands,01/01/2025 22:00,2025-01-01 23:00:00,38.0,0.4123,23,2,1
Netherlands,2015-01-21 11:00:00,2015-01-21 12:00:00,48.49,0.5261165,12,2,1
Netherlands,2021-10-14 13:00:00,2021-10-14 15:00:00,144.27,1.5653295,15,3,10
Netherlands,2023-07-10 08:00:00,2023-07-10 10:00:00,105.28,1.142288,10,0,7
Netherlands,2019-04-27 20:00:00,2019-04-27 22:00:00,36.36,0.39450599999999997,22,5,4
Netherlands,2023-05-29 07:00:00,2023-05-29 09:00:00,0.0,0.0,9,0,5
Netherlands,2015-08-16 01:00:00,2015-08-16 03:00:00,30.0,0.3255,3,6,8
Netherlands,2020-09-16 08:00:00,2020-09-16 10:00:00,61.83,0.6708555,10,2,9
Netherlands,2023-04-04 11:00:00,2023-04-04 13:00:00,107.2,1.16312,13,1,4
Netherlands,2021-05-24 21:00:00,2021-05-24 23:00:00,53.72,0.582862,23,0,5
Netherlands,2021-05-07 14:00:00,2021-05-07 16:00:00,53.06,0.575701,16,4,5
Netherlands,2019-03-21 14:00:00,2019-03-21 15:00:00,36.81,0.39938850000000004,15,3,3
Netherlands,2019-03-15 18:00:00,2019-03-15 19:00:00,46.75,0.5072375,19,4,3
Netherlands,2021-06-24 00:00:00,2021-06-24 02:00:00,76.19,0.8266614999999999,2,3,6
Netherlands,2018-09-08 17:00:00,2018-09-08 19:00:00,72.3,0.7844549999999999,19,5,9
Netherlands,2020-12-18 15:00:00,2020-12-18 16:00:00,49.04,0.532084,16,4,12
Netherlands,2023-01-16 11:00:00,2023-01-16 12:00:00,148.59,1.6122014999999998,12,0,1
Netherlands,2017-10-21 15:00:00,2017-10-21 17:00:00,36.56,0.396676,17,5,10
Netherlands,2022-05-31 11:00:00,2022-05-31 13:00:00,184.07,1.9971594999999998,13,1,5
Netherlands,2020-01-23 12:00:00,2020-01-23 13:00:00,53.68,0.582428,13,3,1
Netherlands,2017-12-21 13:00:00,2017-12-21 14:00:00,51.22,0.5557369999999999,14,3,12
Netherlands,2022-05-07 09:00:00,2022-05-07 11:00:00,190.67,2.0687694999999997,11,5,5
Netherlands,2023-08-09 04:00:00,2023-08-09 06:00:00,98.16,1.0650359999999999,6,2,8
Netherlands,2020-10-20 03:00:00,2020-10-20 05:00:00,29.31,0.31801349999999995,5,1,10
Netherlands,2021-03-09 21:00:00,2021-03-09 22:00:00,58.3,0.632555,22,1,3
Netherlands,2017-07-17 09:00:00,2017-07-17 11:00:00,42.74,0.463729,11,0,7
Netherlands,2022-04-15 04:00:00,2022-04-15 06:00:00,205.33,2.2278305,6,4,4
Netherlands,2018-10-21 14:00:00,2018-10-21 16:00:00,52.06,0.564851,16,6,10
Netherlands,2018-07-08 20:00:00,2018-07-08 22:00:00,71.9,0.780115,22,6,7
Netherlands,2022-07-22 01:00:00,2022-07-22 03:00:00,286.08,3.103968,3,4,7
Netherlands,2016-02-07 13:00:00,2016-02-07 14:00:00,15.09,0.1637265,14,6,2
Netherlands,2019-03-09 08:00:00,2019-03-09 09:00:00,51.36,0.557256,9,5,3
Netherlands,2019-10-21 12:00:00,2019-10-21 14:00:00,45.16,0.4899859999999999,14,0,10
Netherlands,2020-06-08 23:00:00,2020-06-09 01:00:00,25.79,0.27982149999999995,1,1,6
Netherlands,2019-08-14 12:00:00,2019-08-14 14:00:00,31.01,0.3364585,14,2,8
Netherlands,2022-03-20 08:00:00,2022-03-20 09:00:00,77.7,0.8430449999999999,9,6,3
Netherlands,2016-03-27 20:00:00,2016-03-27 22:00:00,19.98,0.21678299999999998,22,6,3
Netherlands,2018-08-03 15:00:00,2018-08-03 17:00:00,69.72,0.756462,17,4,8
Netherlands,15/08/2024 01:00,2024-08-15 03:00:00,89.37,0.9696644999999999,3,3,8
Netherlands,2018-05-08 06:00:00,2018-05-08 08:00:00,48.39,0.5250315,8,1,5
Netherlands,2018-11-19 11:00:00,2018-11-19 12:00:00,53.2,0.5772200000000001,12,0,11
Netherlands,2022-08-28 19:00:00,2022-08-28 21:00:00,645.31,7.0016134999999995,21,6,8
Netherlands,2015-08-12 01:00:00,2015-08-12 03:00:00,26.94,0.292299,3,2,8
Netherlands,2017-05-04 16:00:00,2017-05-04 18:00:00,36.97,0.40112449999999994,18,3,5
Netherlands,2021-08-22 04:00:00,2021-08-22 06:00:00,67.9,0.736715,6,6,8
Netherlands,2021-12-26 16:00:00,2021-12-26 17:00:00,224.75,2.4385375,17,6,12
Netherlands,2018-09-11 09:00:00,2018-09-11 11:00:00,70.67,0.7667695,11,1,9
Netherlands,2018-12-03 20:00:00,2018-12-03 21:00:00,61.09,0.6628265,21,0,12
Netherlands,2021-06-03 01:00:00,2021-06-03 03:00:00,67.22,0.729337,3,3,6
Netherlands,2021-05-10 05:00:00,2021-05-10 07:00:00,69.99,0.7593915,7,0,5
Netherlands,2019-08-15 13:00:00,2019-08-15 15:00:00,28.3,0.307055,15,3,8
Netherlands,2022-03-28 06:00:00,2022-03-28 08:00:00,250.0,2.7125,8,0,3
Netherlands,2017-02-23 01:00:00,2017-02-23 02:00:00,28.49,0.30911649999999996,2,3,2
Netherlands,2019-08-29 05:00:00,2019-08-29 07:00:00,52.1,0.5652849999999999,7,3,8
Netherlands,2023-04-26 00:00:00,2023-04-26 02:00:00,95.0,1.03075,2,2,4
Netherlands,2021-01-26 13:00:00,2021-01-26 14:00:00,65.74,0.7132789999999999,14,1,1
Netherlands,06/01/2025 02:00,2025-01-06 03:00:00,2.77,0.0300545,3,0,1
Netherlands,2022-03-11 13:00:00,2022-03-11 14:00:00,11.33,0.1229305,14,4,3
Netherlands,05/02/2024 00:00,2024-02-05 01:00:00,0.1,0.001085,1,0,2
Netherlands,2016-12-21 04:00:00,2016-12-21 05:00:00,31.34,0.340039,5,2,12
Netherlands,2022-09-15 14:00:00,2022-09-15 16:00:00,274.7,2.980495,16,3,9
Netherlands,2021-05-19 03:00:00,2021-05-19 05:00:00,69.79,0.7572215,5,2,5
Netherlands,2020-09-21 07:00:00,2020-09-21 09:00:00,72.09,0.7821765,9,0,9
Netherlands,2016-07-04 07:00:00,2016-07-04 09:00:00,52.87,0.5736395,9,0,7
Netherlands,2019-05-04 00:00:00,2019-05-04 02:00:00,35.56,0.385826,2,5,5
Netherlands,2015-12-26 00:00:00,2015-12-26 01:00:00,11.5,0.124775,1,5,12
Netherlands,2015-09-27 03:00:00,2015-09-27 05:00:00,33.95,0.3683575,5,6,9
Netherlands,04/03/2024 02:00,2024-03-04 03:00:00,66.22,0.718487,3,0,3
Netherlands,2021-09-09 00:00:00,2021-09-09 02:00:00,105.03,1.1395754999999999,2,3,9
Netherlands,2022-05-27 15:00:00,2022-05-27 17:00:00,117.6,1.2759599999999998,17,4,5
Netherlands,26/03/2024 01:00,2024-03-26 02:00:00,64.3,0.697655,2,1,3
Netherlands,2015-04-08 11:00:00,2015-04-08 13:00:00,50.0,0.5425,13,2,4
Netherlands,2017-06-13 21:00:00,2017-06-13 23:00:00,36.9,0.40036499999999997,23,1,6
Netherlands,2022-08-22 11:00:00,2022-08-22 13:00:00,519.99,5.6418915,13,0,8
Netherlands,2019-11-13 08:00:00,2019-11-13 09:00:00,51.56,0.5594260000000001,9,2,11
Netherlands,2021-12-03 02:00:00,2021-12-03 03:00:00,173.5,1.882475,3,4,12
Netherlands,08/10/2024 16:00,2024-10-08 18:00:00,144.0,1.5623999999999998,18,1,10
Netherlands,08/11/2023 16:00,2023-11-08 17:00:00,119.14,1.2926689999999998,17,2,11
Netherlands,2016-09-18 18:00:00,2016-09-18 20:00:00,60.88,0.660548,20,6,9
Netherlands,2019-01-19 04:00:00,2019-01-19 05:00:00,53.71,0.5827535,5,5,1
Netherlands,2021-07-30 21:00:00,2021-07-30 23:00:00,69.62,0.7553770000000001,23,4,7
Netherlands,2019-01-19 06:00:00,2019-01-19 07:00:00,56.49,0.6129165000000001,7,5,1
Netherlands,2018-09-25 16:00:00,2018-09-25 18:00:00,78.73,0.8542205,18,1,9
Netherlands,2017-02-09 12:00:00,2017-02-09 13:00:00,62.47,0.6777995,13,3,2
Netherlands,2022-10-06 06:00:00,2022-10-06 08:00:00,239.9,2.602915,8,3,10
Netherlands,2017-07-18 20:00:00,2017-07-18 22:00:00,40.7,0.441595,22,1,7
Netherlands,2022-09-29 22:00:00,2022-09-30 00:00:00,349.44,3.791424,0,4,9
Netherlands,2017-10-23 15:00:00,2017-10-23 17:00:00,58.6,0.63581,17,0,10
Netherlands,2021-07-08 19:00:00,2021-07-08 21:00:00,120.82,1.310897,21,3,7
Netherlands,2021-05-30 19:00:00,2021-05-30 21:00:00,79.29,0.8602965,21,6,5
Netherlands,2019-06-07 16:00:00,2019-06-07 18:00:00,38.99,0.42304149999999996,18,4,6
Netherlands,27/10/2023 00:00,2023-10-27 02:00:00,97.26,1.0552709999999998,2,4,10
Netherlands,2017-06-15 11:00:00,2017-06-15 13:00:00,34.6,0.37541,13,3,6
Netherlands,2022-11-02 17:00:00,2022-11-02 18:00:00,138.2,1.4994699999999999,18,2,11
Netherlands,2021-10-10 21:00:00,2021-10-10 23:00:00,159.16,1.726886,23,6,10
Netherlands,2022-11-08 06:00:00,2022-11-08 07:00:00,128.27,1.3917295,7,1,11
Netherlands,2020-05-05 01:00:00,2020-05-05 03:00:00,17.78,0.192913,3,1,5
Netherlands,09/12/2024 09:00,2024-12-09 10:00:00,123.36,1.3384559999999999,10,0,12
Netherlands,2019-10-07 18:00:00,2019-10-07 20:00:00,51.93,0.5634404999999999,20,0,10
Netherlands,2023-06-06 11:00:00,2023-06-06 13:00:00,43.1,0.46763499999999997,13,1,6
Netherlands,2018-08-07 09:00:00,2018-08-07 11:00:00,67.94,0.737149,11,1,8
Netherlands,2018-09-16 04:00:00,2018-09-16 06:00:00,45.25,0.49096249999999997,6,6,9
Netherlands,2022-08-02 13:00:00,2022-08-02 15:00:00,86.82,0.9419969999999999,15,1,8
Netherlands,05/08/2024 09:00,2024-08-05 11:00:00,51.44,0.558124,11,0,8
Netherlands,2021-06-29 08:00:00,2021-06-29 10:00:00,99.14,1.0756689999999998,10,1,6
Netherlands,2020-03-16 18:00:00,2020-03-16 19:00:00,61.36,0.665756,19,0,3
Netherlands,05/02/2024 01:00,2024-02-05 02:00:00,0.1,0.001085,2,0,2
Netherlands,2023-04-18 19:00:00,2023-04-18 21:00:00,134.28,1.4569379999999998,21,1,4
Netherlands,2019-03-28 03:00:00,2019-03-28 04:00:00,33.12,0.35935199999999995,4,3,3
Netherlands,2015-05-31 15:00:00,2015-05-31 17:00:00,13.58,0.147343,17,6,5
Netherlands,2015-03-29 09:00:00,2015-03-29 11:00:00,42.44,0.46047399999999994,11,6,3
Netherlands,30/11/2024 03:00,2024-11-30 04:00:00,88.04,0.955234,4,5,11
Netherlands,2016-03-07 22:00:00,2016-03-07 23:00:00,24.5,0.265825,23,0,3
Netherlands,2022-06-04 05:00:00,2022-06-04 07:00:00,169.86,1.842981,7,5,6
Netherlands,2017-11-11 05:00:00,2017-11-11 06:00:00,31.0,0.33635,6,5,11
Netherlands,2015-04-01 22:00:00,2015-04-02 00:00:00,36.1,0.391685,0,3,4
Netherlands,2017-08-26 23:00:00,2017-08-27 01:00:00,34.42,0.373457,1,6,8
Netherlands,2021-03-26 12:00:00,2021-03-26 13:00:00,30.82,0.334397,13,4,3
Netherlands,2021-03-31 22:00:00,2021-04-01 00:00:00,54.38,0.5900230000000001,0,3,4
Netherlands,15/12/2024 14:00,2024-12-15 15:00:00,83.0,0.90055,15,6,12
Netherlands,2022-06-10 06:00:00,2022-06-10 08:00:00,212.84,2.3093139999999996,8,4,6
Netherlands,2021-03-22 13:00:00,2021-03-22 14:00:00,50.71,0.5502035,14,0,3
Netherlands,2017-02-08 19:00:00,2017-02-08 20:00:00,72.01,0.7813085,20,2,2
Netherlands,2018-08-24 23:00:00,2018-08-25 01:00:00,55.97,0.6072744999999999,1,5,8
Netherlands,2016-03-31 08:00:00,2016-03-31 10:00:00,34.64,0.375844,10,3,3
Netherlands,11/04/2024 13:00,2024-04-11 15:00:00,77.6,0.8419599999999999,15,3,4
Netherlands,2023-03-17 13:00:00,2023-03-17 14:00:00,89.51,0.9711835,14,4,3
Netherlands,2017-10-16 19:00:00,2017-10-16 21:00:00,39.0,0.42314999999999997,21,0,10
Netherlands,2022-11-01 12:00:00,2022-11-01 13:00:00,41.24,0.447454,13,1,11
Netherlands,2016-02-29 07:00:00,2016-02-29 08:00:00,34.05,0.36944249999999995,8,0,2
Netherlands,2015-01-28 07:00:00,2015-01-28 08:00:00,44.94,0.48759899999999995,8,2,1
Netherlands,2022-04-29 13:00:00,2022-04-29 15:00:00,195.04,2.1161839999999996,15,4,4
Netherlands,2019-11-01 16:00:00,2019-11-01 17:00:00,38.0,0.4123,17,4,11
Netherlands,2016-12-03 23:00:00,2016-12-04 00:00:00,35.6,0.38626,0,6,12
Netherlands,2016-02-05 21:00:00,2016-02-05 22:00:00,24.55,0.2663675,22,4,2
Netherlands,2017-07-03 22:00:00,2017-07-04 00:00:00,28.83,0.3128055,0,1,7
Netherlands,2023-07-04 14:00:00,2023-07-04 16:00:00,84.29,0.9145465,16,1,7
Netherlands,2016-02-06 03:00:00,2016-02-06 04:00:00,14.94,0.162099,4,5,2
Netherlands,14/09/2024 01:00,2024-09-14 03:00:00,92.8,1.0068799999999998,3,5,9
Netherlands,2017-09-23 17:00:00,2017-09-23 19:00:00,45.2,0.49042,19,5,9
Netherlands,27/05/2024 05:00,2024-05-27 07:00:00,110.56,1.199576,7,0,5
Netherlands,2023-03-29 01:00:00,2023-03-29 03:00:00,98.04,1.063734,3,2,3
Netherlands,2018-04-29 17:00:00,2018-04-29 19:00:00,32.6,0.35370999999999997,19,6,4
Netherlands,2016-04-20 21:00:00,2016-04-20 23:00:00,24.5,0.265825,23,2,4
Netherlands,02/10/2024 10:00,2024-10-02 12:00:00,88.0,0.9548,12,2,10
Netherlands,2020-02-24 07:00:00,2020-02-24 08:00:00,47.53,0.5157005,8,0,2
Netherlands,2015-08-10 22:00:00,2015-08-11 00:00:00,30.7,0.333095,0,1,8
Netherlands,2022-09-13 01:00:00,2022-09-13 03:00:00,308.4,3.3461399999999992,3,1,9
Netherlands,2020-10-03 13:00:00,2020-10-03 15:00:00,27.52,0.29859199999999997,15,5,10
Netherlands,2015-01-30 12:00:00,2015-01-30 13:00:00,47.44,0.514724,13,4,1
Netherlands,2021-08-20 17:00:00,2021-08-20 19:00:00,125.22,1.3586369999999999,19,4,8
Netherlands,16/11/2024 02:00,2024-11-16 03:00:00,96.07,1.0423594999999999,3,5,11
Netherlands,2015-09-02 10:00:00,2015-09-02 12:00:00,35.54,0.385609,12,2,9
Netherlands,2020-03-31 14:00:00,2020-03-31 16:00:00,17.86,0.19378099999999998,16,1,3
Netherlands,2017-03-25 21:00:00,2017-03-25 22:00:00,32.94,0.35739899999999997,22,5,3
Netherlands,2021-08-22 16:00:00,2021-08-22 18:00:00,88.02,0.9550169999999999,18,6,8
Netherlands,2017-03-02 13:00:00,2017-03-02 14:00:00,32.21,0.34947849999999997,14,3,3
Netherlands,2021-01-16 06:00:00,2021-01-16 07:00:00,49.78,0.540113,7,5,1
Netherlands,2023-09-06 01:00:00,2023-09-06 03:00:00,84.19,0.9134615,3,2,9
Netherlands,2017-11-14 11:00:00,2017-11-14 12:00:00,54.61,0.5925185000000001,12,1,11
Netherlands,2016-03-14 19:00:00,2016-03-14 20:00:00,34.32,0.37237200000000004,20,0,3
Netherlands,2019-12-27 10:00:00,2019-12-27 11:00:00,40.17,0.43584449999999997,11,4,12
Netherlands,2023-07-08 16:00:00,2023-07-08 18:00:00,107.3,1.164205,18,5,7
Netherlands,2020-05-04 01:00:00,2020-05-04 03:00:00,20.3,0.220255,3,0,5
Netherlands,2017-05-03 05:00:00,2017-05-03 07:00:00,42.14,0.457219,7,2,5
Netherlands,2019-09-25 01:00:00,2019-09-25 03:00:00,28.19,0.30586149999999995,3,2,9
Netherlands,2019-09-25 00:00:00,2019-09-25 02:00:00,29.44,0.319424,2,2,9
Netherlands,2018-06-26 21:00:00,2018-06-26 23:00:00,52.91,0.5740735,23,1,6
Netherlands,12/10/2024 06:00,2024-10-12 08:00:00,122.0,1.3237,8,5,10
Netherlands,2018-08-28 23:00:00,2018-08-29 01:00:00,54.87,0.5953394999999999,1,2,8
Netherlands,2020-11-13 17:00:00,2020-11-13 18:00:00,50.05,0.5430424999999999,18,4,11
Netherlands,2023-08-26 11:00:00,2023-08-26 13:00:00,15.0,0.16275,13,5,8
Netherlands,03/10/2023 16:00,2023-10-03 18:00:00,108.0,1.1718,18,1,10
Netherlands,2018-12-26 17:00:00,2018-12-26 18:00:00,72.38,0.785323,18,2,12
Netherlands,2017-09-03 13:00:00,2017-09-03 15:00:00,30.15,0.3271275,15,6,9
Netherlands,2020-05-14 04:00:00,2020-05-14 06:00:00,21.94,0.238049,6,3,5
Netherlands,14/02/2024 11:00,2024-02-14 12:00:00,62.16,0.6744359999999999,12,2,2
Netherlands,2016-11-12 01:00:00,2016-11-12 02:00:00,35.6,0.38626,2,5,11
Netherlands,2023-02-20 12:00:00,2023-02-20 13:00:00,84.9,0.9211650000000001,13,0,2
Netherlands,2016-05-07 16:00:00,2016-05-07 18:00:00,20.58,0.223293,18,5,5
Netherlands,2019-11-01 05:00:00,2019-11-01 06:00:00,29.1,0.315735,6,4,11
Netherlands,06/09/2024 22:00,2024-09-07 00:00:00,102.3,1.109955,0,5,9
Netherlands,2019-02-28 07:00:00,2019-02-28 08:00:00,56.49,0.6129165000000001,8,3,2
Netherlands,2023-01-29 04:00:00,2023-01-29 05:00:00,123.58,1.3408429999999998,5,6,1
Netherlands,2020-06-05 05:00:00,2020-06-05 07:00:00,24.63,0.2672355,7,4,6
Netherlands,2022-08-27 13:00:00,2022-08-27 15:00:00,446.02,4.839317,15,5,8
Netherlands,2021-03-07 22:00:00,2021-03-07 23:00:00,48.99,0.5315415,23,6,3
Netherlands,2022-09-10 20:00:00,2022-09-10 22:00:00,443.97,4.8170744999999995,22,5,9
Netherlands,2019-10-30 02:00:00,2019-10-30 03:00:00,35.58,0.38604299999999997,3,2,10
Netherlands,2016-08-12 04:00:00,2016-08-12 06:00:00,27.93,0.3030405,6,4,8
Netherlands,2020-02-22 05:00:00,2020-02-22 06:00:00,21.86,0.23718099999999998,6,5,2
Netherlands,2022-02-14 17:00:00,2022-02-14 18:00:00,241.79,2.6234215,18,0,2
Netherlands,2019-09-18 22:00:00,2019-09-19 00:00:00,33.34,0.36173900000000003,0,3,9
Netherlands,2020-09-13 09:00:00,2020-09-13 11:00:00,0.01,0.0001085,11,6,9
Netherlands,2016-02-25 13:00:00,2016-02-25 14:00:00,25.0,0.27125,14,3,2
Netherlands,2015-10-18 14:00:00,2015-10-18 16:00:00,35.01,0.3798585,16,6,10
Netherlands,2022-10-30 23:00:00,2022-10-31 00:00:00,124.47,1.3504995,0,0,10
Netherlands,2023-04-01 09:00:00,2023-04-01 11:00:00,84.37,0.9154145,11,5,4
Netherlands,19/03/2024 18:00,2024-03-19 19:00:00,128.96,1.399216,19,1,3
Netherlands,2020-07-10 00:00:00,2020-07-10 02:00:00,32.94,0.35739899999999997,2,4,7
Netherlands,16/08/2024 13:00,2024-08-16 15:00:00,54.25,0.5886125,15,4,8
Netherlands,12/11/2024 21:00,2024-11-12 22:00:00,124.44,1.350174,22,1,11
Netherlands,2019-07-26 02:00:00,2019-07-26 04:00:00,36.37,0.3946145,4,4,7
Netherlands,2016-07-10 15:00:00,2016-07-10 17:00:00,27.07,0.2937095,17,6,7
Netherlands,2016-06-18 05:00:00,2016-06-18 07:00:00,32.8,0.3558799999999999,7,5,6
Netherlands,2018-06-17 00:00:00,2018-06-17 02:00:00,35.0,0.37975,2,6,6
Netherlands,2019-03-19 16:00:00,2019-03-19 17:00:00,48.96,0.531216,17,1,3
Netherlands,2022-01-24 19:00:00,2022-01-24 20:00:00,274.98,2.983533,20,0,1
Netherlands,2018-10-14 19:00:00,2018-10-14 21:00:00,80.0,0.868,21,6,10
Netherlands,2020-05-12 17:00:00,2020-05-12 19:00:00,27.83,0.3019555,19,1,5
Netherlands,2018-10-17 18:00:00,2018-10-17 20:00:00,86.14,0.934619,20,2,10
Netherlands,2015-09-19 08:00:00,2015-09-19 10:00:00,40.86,0.443331,10,5,9
Netherlands,31/12/2024 08:00,2024-12-31 09:00:00,147.99,1.6056915,9,1,12
Netherlands,2019-12-11 08:00:00,2019-12-11 09:00:00,53.03,0.5753755,9,2,12
Netherlands,2022-04-30 14:00:00,2022-04-30 16:00:00,163.88,1.778098,16,5,4
Netherlands,2020-10-02 21:00:00,2020-10-02 23:00:00,29.9,0.32441499999999995,23,4,10
Netherlands,2021-05-09 15:00:00,2021-05-09 17:00:00,11.79,0.1279215,17,6,5
Netherlands,29/11/2023 03:00,2023-11-29 04:00:00,84.94,0.921599,4,2,11
Netherlands,2015-08-23 03:00:00,2015-08-23 05:00:00,14.41,0.1563485,5,6,8
Netherlands,2017-03-27 05:00:00,2017-03-27 07:00:00,48.0,0.5207999999999999,7,0,3
Netherlands,2023-04-15 07:00:00,2023-04-15 09:00:00,101.1,1.096935,9,5,4
Netherlands,2016-09-11 17:00:00,2016-09-11 19:00:00,39.85,0.4323725,19,6,9
Netherlands,26/01/2024 04:00,2024-01-26 05:00:00,50.87,0.5519394999999999,5,4,1
Netherlands,2015-11-21 01:00:00,2015-11-21 02:00:00,23.04,0.24998399999999998,2,5,11
Netherlands,2017-03-13 00:00:00,2017-03-13 01:00:00,27.81,0.30173849999999997,1,0,3
Netherlands,2017-01-31 07:00:00,2017-01-31 08:00:00,81.82,0.8877469999999998,8,1,1
Netherlands,2018-11-01 23:00:00,2018-11-02 00:00:00,54.9,0.595665,0,4,11
Netherlands,2022-09-07 06:00:00,2022-09-07 08:00:00,524.77,5.6937545,8,2,9
Netherlands,2020-03-14 12:00:00,2020-03-14 13:00:00,23.81,0.25833849999999997,13,5,3
Netherlands,2020-04-21 12:00:00,2020-04-21 14:00:00,-4.01,-0.0435085,14,1,4
Netherlands,2016-10-12 19:00:00,2016-10-12 21:00:00,35.0,0.37975,21,2,10
Netherlands,2018-07-24 22:00:00,2018-07-25 00:00:00,53.64,0.581994,0,2,7
Netherlands,22/02/2024 03:00,2024-02-22 04:00:00,35.51,0.38528349999999995,4,3,2
Netherlands,2023-05-05 04:00:00,2023-05-05 06:00:00,101.22,1.098237,6,4,5
Netherlands,2018-02-18 05:00:00,2018-02-18 06:00:00,35.38,0.38387299999999996,6,6,2
Netherlands,23/07/2024 16:00,2024-07-23 18:00:00,82.41,0.8941484999999999,18,1,7
Netherlands,2021-08-08 02:00:00,2021-08-08 04:00:00,0.66,0.007161000000000001,4,6,8
Netherlands,18/12/2024 17:00,2024-12-18 18:00:00,89.9,0.975415,18,2,12
Netherlands,2020-10-26 02:00:00,2020-10-26 03:00:00,18.8,0.20398,3,0,10
Netherlands,2022-06-29 07:00:00,2022-06-29 09:00:00,297.01,3.2225584999999994,9,2,6
Netherlands,2016-02-05 07:00:00,2016-02-05 08:00:00,37.7,0.409045,8,4,2
Netherlands,15/12/2023 11:00,2023-12-15 12:00:00,94.2,1.02207,12,4,12
Netherlands,2015-09-26 00:00:00,2015-09-26 02:00:00,46.27,0.5020295,2,5,9
Netherlands,2018-05-08 15:00:00,2018-05-08 17:00:00,55.58,0.603043,17,1,5
Netherlands,2016-11-11 21:00:00,2016-11-11 22:00:00,40.92,0.44398200000000004,22,4,11
Netherlands,2020-04-08 08:00:00,2020-04-08 10:00:00,21.5,0.233275,10,2,4
Netherlands,2017-09-21 04:00:00,2017-09-21 06:00:00,40.0,0.434,6,3,9
Netherlands,2018-11-22 09:00:00,2018-11-22 10:00:00,92.57,1.0043844999999998,10,3,11
Netherlands,2016-06-01 17:00:00,2016-06-01 19:00:00,32.92,0.357182,19,2,6
Netherlands,02/10/2024 05:00,2024-10-02 07:00:00,119.9,1.300915,7,2,10
Netherlands,2019-02-06 09:00:00,2019-02-06 10:00:00,55.37,0.6007645,10,2,2
Netherlands,2019-06-28 12:00:00,2019-06-28 14:00:00,33.89,0.3677065,14,4,6
Netherlands,2021-01-25 12:00:00,2021-01-25 13:00:00,67.0,0.72695,13,0,1
Netherlands,2023-03-01 13:00:00,2023-03-01 14:00:00,108.0,1.1718,14,2,3
Netherlands,2022-02-06 22:00:00,2022-02-06 23:00:00,108.9,1.181565,23,6,2
Netherlands,2017-12-18 00:00:00,2017-12-18 01:00:00,38.0,0.4123,1,0,12
Netherlands,2015-06-02 08:00:00,2015-06-02 10:00:00,57.44,0.6232239999999999,10,1,6
Netherlands,2019-07-29 16:00:00,2019-07-29 18:00:00,49.37,0.5356645,18,0,7
Netherlands,2020-07-09 10:00:00,2020-07-09 12:00:00,43.23,0.46904549999999995,12,3,7
Netherlands,28/11/2023 05:00,2023-11-28 06:00:00,97.62,1.0591769999999998,6,1,11
Netherlands,2022-09-22 21:00:00,2022-09-22 23:00:00,378.69,4.1087865,23,3,9
Netherlands,2023-03-17 16:00:00,2023-03-17 17:00:00,126.76,1.375346,17,4,3
Netherlands,2018-08-18 10:00:00,2018-08-18 12:00:00,51.0,0.55335,12,5,8
Netherlands,2019-05-16 03:00:00,2019-05-16 05:00:00,35.05,0.3802925,5,3,5
Netherlands,2018-03-15 00:00:00,2018-03-15 01:00:00,20.41,0.2214485,1,3,3
Netherlands,2016-12-08 20:00:00,2016-12-08 21:00:00,34.94,0.37909899999999996,21,3,12
Netherlands,2020-07-08 20:00:00,2020-07-08 22:00:00,45.49,0.4935665,22,2,7
Netherlands,2016-04-11 16:00:00,2016-04-11 18:00:00,28.47,0.3088995,18,0,4
Netherlands,2018-11-04 03:00:00,2018-11-04 04:00:00,44.9,0.48716499999999996,4,6,11
Netherlands,2015-09-11 19:00:00,2015-09-11 21:00:00,44.94,0.48759899999999995,21,4,9
Netherlands,2016-08-31 03:00:00,2016-08-31 05:00:00,23.24,0.252154,5,2,8
Netherlands,2017-04-02 04:00:00,2017-04-02 06:00:00,27.4,0.29728999999999994,6,6,4
Netherlands,2022-10-19 06:00:00,2022-10-19 08:00:00,193.21,2.0963285000000003,8,2,10
Netherlands,2017-03-02 20:00:00,2017-03-02 21:00:00,32.6,0.35370999999999997,21,3,3
Netherlands,17/05/2024 20:00,2024-05-17 22:00:00,90.0,0.9765,22,4,5
Netherlands,2023-01-14 00:00:00,2023-01-14 01:00:00,117.2,1.27162,1,5,1
Netherlands,2021-06-08 16:00:00,2021-06-08 18:00:00,83.79,0.9091215000000001,18,1,6
Netherlands,2017-02-13 18:00:00,2017-02-13 19:00:00,39.96,0.43356599999999995,19,0,2
Netherlands,14/10/2024 19:00,2024-10-14 21:00:00,113.64,1.232994,21,0,10
Netherlands,2016-01-16 10:00:00,2016-01-16 11:00:00,34.33,0.37248049999999994,11,5,1
Netherlands,2016-08-08 02:00:00,2016-08-08 04:00:00,8.12,0.08810199999999999,4,0,8
Netherlands,2019-02-19 03:00:00,2019-02-19 04:00:00,36.08,0.391468,4,1,2
Netherlands,2015-07-29 10:00:00,2015-07-29 12:00:00,36.1,0.391685,12,2,7
Netherlands,2023-03-02 01:00:00,2023-03-02 02:00:00,114.0,1.2368999999999999,2,3,3
Netherlands,2021-02-09 00:00:00,2021-02-09 01:00:00,46.5,0.504525,1,1,2
Netherlands,2016-09-19 14:00:00,2016-09-19 16:00:00,37.78,0.409913,16,0,9
Netherlands,2018-09-13 08:00:00,2018-09-13 10:00:00,78.89,0.8559565,10,3,9
Netherlands,2020-06-12 04:00:00,2020-06-12 06:00:00,20.2,0.21916999999999998,6,4,6
Netherlands,2015-11-08 15:00:00,2015-11-08 16:00:00,32.45,0.3520825,16,6,11
Netherlands,2015-04-25 04:00:00,2015-04-25 06:00:00,31.35,0.3401475,6,5,4
Netherlands,2022-09-24 16:00:00,2022-09-24 18:00:00,385.7,4.184844999999999,18,5,9
Netherlands,12/06/2024 02:00,2024-06-12 04:00:00,86.3,0.9363549999999999,4,2,6
Netherlands,2018-04-07 04:00:00,2018-04-07 06:00:00,34.5,0.37432499999999996,6,5,4
Netherlands,2021-09-16 03:00:00,2021-09-16 05:00:00,135.03,1.4650755,5,3,9
Netherlands,2019-11-10 03:00:00,2019-11-10 04:00:00,33.86,0.36738099999999996,4,6,11
Netherlands,2015-01-15 11:00:00,2015-01-15 12:00:00,51.68,0.560728,12,3,1
Netherlands,2017-06-14 01:00:00,2017-06-14 03:00:00,27.86,0.302281,3,2,6
Netherlands,2020-06-20 04:00:00,2020-06-20 06:00:00,21.85,0.23707250000000002,6,5,6
Netherlands,2015-10-22 08:00:00,2015-10-22 10:00:00,46.11,0.5002935,10,3,10
Netherlands,2015-11-30 00:00:00,2015-11-30 01:00:00,30.62,0.332227,1,0,11
Netherlands,01/04/2024 01:00,2024-04-01 03:00:00,43.54,0.47240899999999997,3,0,4
Netherlands,2020-02-03 07:00:00,2020-02-03 08:00:00,39.97,0.43367449999999996,8,0,2
Netherlands,2016-12-08 14:00:00,2016-12-08 15:00:00,43.21,0.46882850000000004,15,3,12
Netherlands,2015-07-23 19:00:00,2015-07-23 21:00:00,52.95,0.5745075000000001,21,3,7
Netherlands,2020-03-07 18:00:00,2020-03-07 19:00:00,39.95,0.43345750000000005,19,5,3
Netherlands,2018-10-20 14:00:00,2018-10-20 16:00:00,55.11,0.5979435,16,5,10
Netherlands,07/01/2025 16:00,2025-01-07 17:00:00,160.7,1.7435949999999998,17,1,1
Netherlands,06/08/2024 08:00,2024-08-06 10:00:00,36.04,0.391034,10,1,8
Netherlands,2016-12-30 03:00:00,2016-12-30 04:00:00,33.09,0.3590265,4,4,12
Netherlands,2021-03-27 20:00:00,2021-03-27 21:00:00,49.38,0.535773,21,5,3
Netherlands,2017-11-16 13:00:00,2017-11-16 14:00:00,40.7,0.441595,14,3,11
Netherlands,2019-11-29 08:00:00,2019-11-29 09:00:00,59.43,0.6448154999999999,9,4,11
Netherlands,2023-01-27 02:00:00,2023-01-27 03:00:00,116.0,1.2586,3,4,1
Netherlands,2022-06-18 05:00:00,2022-06-18 07:00:00,190.15,2.0631275000000002,7,5,6
Netherlands,2023-01-11 08:00:00,2023-01-11 09:00:00,155.6,1.68826,9,2,1
Netherlands,2020-03-17 11:00:00,2020-03-17 12:00:00,20.9,0.226765,12,1,3
Netherlands,2023-06-29 10:00:00,2023-06-29 12:00:00,90.0,0.9765,12,3,6
Netherlands,2020-11-01 07:00:00,2020-11-01 08:00:00,9.86,0.10698099999999999,8,6,11
Netherlands,2016-09-08 01:00:00,2016-09-08 03:00:00,23.08,0.250418,3,3,9
Netherlands,2016-02-21 00:00:00,2016-02-21 01:00:00,14.45,0.1567825,1,6,2
Netherlands,2022-08-04 06:00:00,2022-08-04 08:00:00,477.3,5.178705,8,3,8
Netherlands,2018-03-06 03:00:00,2018-03-06 04:00:00,36.91,0.4004734999999999,4,1,3
Netherlands,2023-02-28 21:00:00,2023-02-28 22:00:00,150.49,1.6328165000000001,22,1,2
Netherlands,22/04/2024 06:00,2024-04-22 08:00:00,117.46,1.2744409999999997,8,0,4
Netherlands,2023-05-12 17:00:00,2023-05-12 19:00:00,119.62,1.297877,19,4,5
Netherlands,16/07/2024 13:00,2024-07-16 15:00:00,-10.08,-0.10936799999999999,15,1,7
Netherlands,2020-01-04 11:00:00,2020-01-04 12:00:00,35.0,0.37975,12,5,1
Netherlands,2022-10-14 17:00:00,2022-10-14 19:00:00,299.3,3.247405,19,4,10
Netherlands,22/09/2024 17:00,2024-09-22 19:00:00,162.06,1.7583509999999998,19,6,9
Netherlands,28/03/2024 21:00,2024-03-28 22:00:00,32.76,0.355446,22,3,3
Netherlands,2016-12-22 18:00:00,2016-12-22 19:00:00,45.0,0.48825,19,3,12
Netherlands,28/12/2023 04:00,2023-12-28 05:00:00,-1.04,-0.011284,5,3,12
Netherlands,2018-02-12 08:00:00,2018-02-12 09:00:00,46.32,0.502572,9,0,2
Netherlands,2019-04-25 22:00:00,2019-04-26 00:00:00,37.0,0.40145,0,4,4
Netherlands,2023-07-10 03:00:00,2023-07-10 05:00:00,105.12,1.140552,5,0,7
Netherlands,2021-06-23 20:00:00,2021-06-23 22:00:00,93.35,1.0128475,22,2,6
Netherlands,2019-09-26 08:00:00,2019-09-26 10:00:00,48.69,0.5282864999999999,10,3,9
Netherlands,08/10/2024 11:00,2024-10-08 13:00:00,70.97,0.7700245,13,1,10
Netherlands,2022-12-18 09:00:00,2022-12-18 10:00:00,245.84,2.667364,10,6,12
Netherlands,2020-07-08 15:00:00,2020-07-08 17:00:00,45.05,0.48879249999999996,17,2,7
Netherlands,2015-12-08 06:00:00,2015-12-08 07:00:00,45.5,0.49367500000000003,7,1,12
Netherlands,2016-04-13 17:00:00,2016-04-13 19:00:00,33.0,0.35805000000000003,19,2,4
Netherlands,2016-10-15 00:00:00,2016-10-15 02:00:00,26.61,0.2887185,2,5,10
Netherlands,2021-12-10 02:00:00,2021-12-10 03:00:00,146.78,1.592563,3,4,12
Netherlands,2019-12-12 01:00:00,2019-12-12 02:00:00,35.02,0.37996700000000005,2,3,12
Netherlands,2019-02-19 18:00:00,2019-02-19 19:00:00,52.42,0.568757,19,1,2
Netherlands,2016-03-09 16:00:00,2016-03-09 17:00:00,33.0,0.35805000000000003,17,2,3
Netherlands,2019-11-08 21:00:00,2019-11-08 22:00:00,43.8,0.47523,22,4,11
Netherlands,2016-09-15 05:00:00,2016-09-15 07:00:00,38.59,0.4187015,7,3,9
Netherlands,2021-07-17 04:00:00,2021-07-17 06:00:00,62.27,0.6756295,6,5,7
Netherlands,2019-04-16 13:00:00,2019-04-16 15:00:00,36.87,0.4000395,15,1,4
Netherlands,11/03/2024 06:00,2024-03-11 07:00:00,82.61,0.8963185,7,0,3
Netherlands,2019-06-02 08:00:00,2019-06-02 10:00:00,11.76,0.127596,10,6,6
Netherlands,2023-05-05 19:00:00,2023-05-05 21:00:00,126.31,1.3704635,21,4,5
Netherlands,09/11/2024 22:00,2024-11-09 23:00:00,110.1,1.1945849999999998,23,5,11
Netherlands,2015-07-30 07:00:00,2015-07-30 09:00:00,52.44,0.568974,9,3,7
Netherlands,2023-03-15 13:00:00,2023-03-15 14:00:00,74.9,0.8126650000000001,14,2,3
Netherlands,2022-11-26 15:00:00,2022-11-26 16:00:00,288.2,3.1269699999999996,16,5,11
Netherlands,2015-03-28 22:00:00,2015-03-28 23:00:00,32.96,0.357616,23,5,3
Netherlands,2020-11-18 22:00:00,2020-11-18 23:00:00,31.9,0.34611499999999995,23,2,11
Netherlands,2017-11-25 21:00:00,2017-11-25 22:00:00,39.9,0.43291499999999994,22,5,11
Netherlands,2020-02-04 20:00:00,2020-02-04 21:00:00,30.13,0.32691049999999994,21,1,2
Netherlands,2023-01-01 09:00:00,2023-01-01 10:00:00,0.99,0.010741500000000001,10,6,1
Netherlands,2019-08-04 00:00:00,2019-08-04 02:00:00,35.41,0.38419849999999994,2,6,8
Netherlands,2016-07-25 18:00:00,2016-07-25 20:00:00,36.47,0.3956995,20,0,7
Netherlands,2021-03-08 18:00:00,2021-03-08 19:00:00,103.71,1.1252535,19,0,3
Netherlands,2016-04-11 06:00:00,2016-04-11 08:00:00,34.61,0.3755185,8,0,4
Netherlands,2015-08-19 06:00:00,2015-08-19 08:00:00,47.02,0.510167,8,2,8
Netherlands,2016-02-05 09:00:00,2016-02-05 10:00:00,36.5,0.39602499999999996,10,4,2
Netherlands,2019-04-15 05:00:00,2019-04-15 07:00:00,58.76,0.637546,7,0,4
Netherlands,2022-06-12 20:00:00,2022-06-12 22:00:00,210.0,2.2785,22,6,6
Netherlands,23/03/2024 15:00,2024-03-23 16:00:00,-2.36,-0.025605999999999997,16,5,3
Netherlands,2021-04-28 15:00:00,2021-04-28 17:00:00,65.71,0.7129535,17,2,4
Netherlands,2015-07-29 18:00:00,2015-07-29 20:00:00,31.5,0.341775,20,2,7
Netherlands,2017-06-15 02:00:00,2017-06-15 04:00:00,28.8,0.31248000000000004,4,3,6
Netherlands,2022-11-14 23:00:00,2022-11-15 00:00:00,135.65,1.4718025,0,1,11
Netherlands,2019-11-20 11:00:00,2019-11-20 12:00:00,57.23,0.6209454999999999,12,2,11
Netherlands,10/09/2024 15:00,2024-09-10 17:00:00,23.26,0.252371,17,1,9
Netherlands,2018-07-23 10:00:00,2018-07-23 12:00:00,57.27,0.6213795,12,0,7
Netherlands,2023-08-19 20:00:00,2023-08-19 22:00:00,123.71,1.3422534999999998,22,5,8
Netherlands,2016-09-05 20:00:00,2016-09-05 22:00:00,32.96,0.357616,22,0,9
Netherlands,2016-08-08 10:00:00,2016-08-08 12:00:00,31.17,0.3381945,12,0,8
Netherlands,2022-06-02 05:00:00,2022-06-02 07:00:00,223.1,2.420635,7,3,6
Netherlands,2020-10-01 09:00:00,2020-10-01 11:00:00,44.9,0.48716499999999996,11,3,10
Netherlands,20/07/2024 14:00,2024-07-20 16:00:00,1.43,0.0155155,16,5,7
Netherlands,2019-12-05 15:00:00,2019-12-05 16:00:00,44.9,0.48716499999999996,16,3,12
Netherlands,2017-05-21 13:00:00,2017-05-21 15:00:00,27.4,0.29728999999999994,15,6,5
Netherlands,2022-11-14 02:00:00,2022-11-14 03:00:00,108.0,1.1718,3,0,11
Netherlands,2019-03-25 09:00:00,2019-03-25 10:00:00,34.61,0.3755185,10,0,3
Netherlands,2015-07-31 05:00:00,2015-07-31 07:00:00,37.92,0.411432,7,4,7
Netherlands,2015-09-01 22:00:00,2015-09-02 00:00:00,46.78,0.507563,0,2,9
Netherlands,19/07/2024 22:00,2024-07-20 00:00:00,95.0,1.03075,0,5,7
Netherlands,2023-05-08 02:00:00,2023-05-08 04:00:00,84.35,0.9151974999999999,4,0,5
Netherlands,2021-02-13 01:00:00,2021-02-13 02:00:00,47.02,0.510167,2,5,2
Netherlands,2022-10-05 04:00:00,2022-10-05 06:00:00,178.0,1.9313,6,2,10
Netherlands,2021-03-24 12:00:00,2021-03-24 13:00:00,42.6,0.46220999999999995,13,2,3
Netherlands,2020-02-06 01:00:00,2020-02-06 02:00:00,23.82,0.258447,2,3,2
Netherlands,18/03/2024 13:00,2024-03-18 14:00:00,60.2,0.6531699999999999,14,0,3
Netherlands,2015-08-29 15:00:00,2015-08-29 17:00:00,40.83,0.4430055,17,5,8
Netherlands,2015-02-26 04:00:00,2015-02-26 05:00:00,38.0,0.4123,5,3,2
Netherlands,2018-06-23 17:00:00,2018-06-23 19:00:00,43.93,0.47664049999999997,19,5,6
Netherlands,2021-04-08 07:00:00,2021-04-08 09:00:00,66.49,0.7214164999999999,9,3,4
Netherlands,2023-02-20 00:00:00,2023-02-20 01:00:00,64.9,0.704165,1,0,2
Netherlands,19/12/2024 17:00,2024-12-19 18:00:00,129.99,1.4103915,18,3,12
Netherlands,2023-08-04 17:00:00,2023-08-04 19:00:00,111.54,1.210209,19,4,8
Netherlands,2021-02-05 13:00:00,2021-02-05 14:00:00,50.0,0.5425,14,4,2
Netherlands,2017-04-04 17:00:00,2017-04-04 19:00:00,45.26,0.491071,19,1,4
Netherlands,2015-04-25 17:00:00,2015-04-25 19:00:00,45.0,0.48825,19,5,4
Netherlands,2017-12-14 00:00:00,2017-12-14 01:00:00,34.3,0.37215499999999996,1,3,12
Netherlands,2016-02-10 05:00:00,2016-02-10 06:00:00,22.8,0.24738,6,2,2
Netherlands,2017-07-23 15:00:00,2017-07-23 17:00:00,29.4,0.31898999999999994,17,6,7
Netherlands,2018-07-28 06:00:00,2018-07-28 08:00:00,50.83,0.5515055,8,5,7
Netherlands,2016-07-18 13:00:00,2016-07-18 15:00:00,43.83,0.47555549999999996,15,0,7
Netherlands,2023-02-27 01:00:00,2023-02-27 02:00:00,132.92,1.4421819999999999,2,0,2
Netherlands,2022-04-18 13:00:00,2022-04-18 15:00:00,60.58,0.657293,15,0,4
Netherlands,2023-07-16 05:00:00,2023-07-16 07:00:00,-10.0,-0.1085,7,6,7
Netherlands,2016-06-16 19:00:00,2016-06-16 21:00:00,33.02,0.358267,21,3,6
Netherlands,2018-04-12 01:00:00,2018-04-12 03:00:00,30.9,0.335265,3,3,4
Netherlands,2020-06-15 06:00:00,2020-06-15 08:00:00,36.05,0.3911425,8,0,6
Netherlands,2018-09-14 01:00:00,2018-09-14 03:00:00,52.49,0.5695165,3,4,9
Netherlands,2018-09-16 02:00:00,2018-09-16 04:00:00,45.2,0.49042,4,6,9
Netherlands,2017-06-03 03:00:00,2017-06-03 05:00:00,25.0,0.27125,5,5,6
Netherlands,2018-01-28 11:00:00,2018-01-28 12:00:00,33.8,0.36672999999999994,12,6,1
Netherlands,20/03/2024 11:00,2024-03-20 12:00:00,64.11,0.6955935,12,2,3
Netherlands,2021-03-31 06:00:00,2021-03-31 08:00:00,76.39,0.8288315,8,2,3
Netherlands,2023-03-07 17:00:00,2023-03-07 18:00:00,165.9,1.8000150000000001,18,1,3
Netherlands,2022-03-04 00:00:00,2022-03-04 01:00:00,346.6,3.7606100000000002,1,4,3
Netherlands,2022-11-03 22:00:00,2022-11-03 23:00:00,113.54,1.2319090000000001,23,3,11
Netherlands,2020-01-24 13:00:00,2020-01-24 14:00:00,52.0,0.5641999999999999,14,4,1
Netherlands,2023-06-21 16:00:00,2023-06-21 18:00:00,138.17,1.4991444999999999,18,2,6
Netherlands,2020-01-14 15:00:00,2020-01-14 16:00:00,32.38,0.35132300000000005,16,1,1
Netherlands,2018-12-05 13:00:00,2018-12-05 14:00:00,68.7,0.745395,14,2,12
Netherlands,25/01/2024 03:00,2024-01-25 04:00:00,75.31,0.8171135,4,3,1
Netherlands,2015-04-07 12:00:00,2015-04-07 14:00:00,45.0,0.48825,14,1,4
Netherlands,2018-03-03 17:00:00,2018-03-03 18:00:00,75.24,0.8163539999999999,18,5,3
Netherlands,2017-12-07 15:00:00,2017-12-07 16:00:00,52.49,0.5695165,16,3,12
Netherlands,2022-11-25 10:00:00,2022-11-25 11:00:00,220.0,2.387,11,4,11
Netherlands,2016-08-25 11:00:00,2016-08-25 13:00:00,50.27,0.5454295,13,3,8
Netherlands,2021-03-03 03:00:00,2021-03-03 04:00:00,43.3,0.469805,4,2,3
Netherlands,01/06/2024 15:00,2024-06-01 17:00:00,41.89,0.45450650000000004,17,5,6
Netherlands,2016-03-01 17:00:00,2016-03-01 18:00:00,27.52,0.29859199999999997,18,1,3
Netherlands,2021-09-01 09:00:00,2021-09-01 11:00:00,109.75,1.1907874999999999,11,2,9
Netherlands,2019-02-16 11:00:00,2019-02-16 12:00:00,35.62,0.38647699999999996,12,5,2
Netherlands,2022-06-08 01:00:00,2022-06-08 03:00:00,162.96,1.768116,3,2,6
Netherlands,15/10/2024 06:00,2024-10-15 08:00:00,171.13,1.8567604999999998,8,1,10
Netherlands,2018-10-05 11:00:00,2018-10-05 13:00:00,55.34,0.600439,13,4,10
Netherlands,2021-07-04 11:00:00,2021-07-04 13:00:00,74.0,0.8029,13,6,7
Netherlands,2019-03-03 21:00:00,2019-03-03 22:00:00,41.9,0.45461499999999994,22,6,3
Netherlands,2023-03-27 19:00:00,2023-03-27 21:00:00,144.7,1.5699949999999998,21,0,3
Netherlands,2017-05-22 08:00:00,2017-05-22 10:00:00,37.02,0.40166700000000005,10,0,5
Netherlands,2021-08-18 10:00:00,2021-08-18 12:00:00,94.78,1.0283630000000001,12,2,8
Netherlands,2016-11-09 05:00:00,2016-11-09 06:00:00,32.75,0.3553375,6,2,11
Netherlands,2017-01-11 06:00:00,2017-01-11 07:00:00,51.13,0.5547605,7,2,1
Netherlands,2021-11-14 05:00:00,2021-11-14 06:00:00,195.0,2.11575,6,6,11
Netherlands,2018-08-21 02:00:00,2018-08-21 04:00:00,51.16,0.5550859999999999,4,1,8
Netherlands,2022-08-02 03:00:00,2022-08-02 05:00:00,393.03,4.264375499999999,5,1,8
Netherlands,2018-05-02 16:00:00,2018-05-02 18:00:00,47.0,0.50995,18,2,5
Netherlands,2022-07-12 18:00:00,2022-07-12 20:00:00,505.37,5.483264500000001,20,1,7
Netherlands,2017-08-01 23:00:00,2017-08-02 01:00:00,26.59,0.28850149999999997,1,2,8
Netherlands,2023-02-03 18:00:00,2023-02-03 19:00:00,180.0,1.953,19,4,2
Netherlands,2015-07-30 00:00:00,2015-07-30 02:00:00,25.01,0.2713585,2,3,7
Netherlands,13/12/2023 20:00,2023-12-13 21:00:00,90.88,0.9860479999999999,21,2,12
Netherlands,2019-09-09 04:00:00,2019-09-09 06:00:00,47.98,0.520583,6,0,9
Netherlands,2016-11-29 15:00:00,2016-11-29 16:00:00,57.26,0.6212709999999999,16,1,11
Netherlands,2022-12-07 14:00:00,2022-12-07 15:00:00,436.74,4.7386289999999995,15,2,12
Netherlands,2020-06-06 06:00:00,2020-06-06 08:00:00,5.79,0.0628215,8,5,6
Netherlands,2022-11-25 13:00:00,2022-11-25 14:00:00,290.15,3.1481274999999997,14,4,11
Netherlands,2015-05-17 06:00:00,2015-05-17 08:00:00,26.92,0.292082,8,6,5
Netherlands,2021-09-22 03:00:00,2021-09-22 05:00:00,119.09,1.2921265000000002,5,2,9
Netherlands,2015-03-27 14:00:00,2015-03-27 15:00:00,49.96,0.542066,15,4,3
Netherlands,2017-08-28 04:00:00,2017-08-28 06:00:00,41.99,0.4555915,6,0,8
Netherlands,2020-05-05 14:00:00,2020-05-05 16:00:00,12.97,0.1407245,16,1,5
Netherlands,2020-05-07 11:00:00,2020-05-07 13:00:00,15.3,0.16600499999999999,13,3,5
Netherlands,2019-05-17 07:00:00,2019-05-17 09:00:00,49.17,0.5334945,9,4,5
Netherlands,2021-06-23 18:00:00,2021-06-23 20:00:00,128.56,1.394876,20,2,6
Netherlands,2022-09-26 13:00:00,2022-09-26 15:00:00,165.24,1.792854,15,0,9
Netherlands,2018-01-17 02:00:00,2018-01-17 03:00:00,24.79,0.2689715,3,2,1
Netherlands,2023-09-25 01:00:00,2023-09-25 03:00:00,0.0,0.0,3,0,9
Netherlands,2022-10-10 02:00:00,2022-10-10 04:00:00,90.66,0.9836609999999999,4,0,10
Netherlands,2016-04-28 14:00:00,2016-04-28 16:00:00,26.5,0.287525,16,3,4
Netherlands,2023-06-27 22:00:00,2023-06-28 00:00:00,98.05,1.0638425,0,2,6
Netherlands,2023-09-04 11:00:00,2023-09-04 13:00:00,72.51,0.7867335000000001,13,0,9
Netherlands,26/02/2024 05:00,2024-02-26 06:00:00,68.44,0.742574,6,0,2
Netherlands,2022-10-14 12:00:00,2022-10-14 14:00:00,221.42,2.4024069999999997,14,4,10
Netherlands,09/03/2024 11:00,2024-03-09 12:00:00,-30.0,-0.3255,12,5,3
Netherlands,2020-08-22 23:00:00,2020-08-23 01:00:00,24.41,0.2648485,1,6,8
Netherlands,2017-07-05 04:00:00,2017-07-05 06:00:00,37.72,0.409262,6,2,7
Netherlands,2019-05-22 04:00:00,2019-05-22 06:00:00,37.6,0.40796,6,2,5
Netherlands,2016-12-30 07:00:00,2016-12-30 08:00:00,47.04,0.510384,8,4,12
Netherlands,2019-06-23 09:00:00,2019-06-23 11:00:00,24.8,0.26908,11,6,6
Netherlands,2018-12-10 17:00:00,2018-12-10 18:00:00,76.2,0.82677,18,0,12
Netherlands,2018-07-22 19:00:00,2018-07-22 21:00:00,58.73,0.6372204999999999,21,6,7
Netherlands,2021-07-03 23:00:00,2021-07-04 01:00:00,86.74,0.9411289999999999,1,6,7
Netherlands,2019-12-30 07:00:00,2019-12-30 08:00:00,43.54,0.47240899999999997,8,0,12
Netherlands,2022-02-07 10:00:00,2022-02-07 11:00:00,149.97,1.6271744999999997,11,0,2
Netherlands,2021-07-07 00:00:00,2021-07-07 02:00:00,75.07,0.8145094999999999,2,2,7
Netherlands,2019-11-13 17:00:00,2019-11-13 18:00:00,56.09,0.6085765,18,2,11
Netherlands,2021-12-22 07:00:00,2021-12-22 08:00:00,489.69,5.3131365,8,2,12
Netherlands,2021-03-25 01:00:00,2021-03-25 02:00:00,49.68,0.5390280000000001,2,3,3
Netherlands,2015-05-05 21:00:00,2015-05-05 23:00:00,32.02,0.34741700000000003,23,1,5
Netherlands,25/04/2024 10:00,2024-04-25 12:00:00,73.92,0.8020320000000001,12,3,4
Netherlands,2018-01-26 21:00:00,2018-01-26 22:00:00,40.43,0.4386655,22,4,1
Netherlands,2015-11-02 14:00:00,2015-11-02 15:00:00,48.05,0.5213424999999999,15,0,11
Netherlands,2018-04-06 19:00:00,2018-04-06 21:00:00,39.9,0.43291499999999994,21,4,4
Netherlands,2020-05-26 07:00:00,2020-05-26 09:00:00,23.22,0.25193699999999997,9,1,5
Netherlands,2018-09-27 15:00:00,2018-09-27 17:00:00,62.85,0.6819225,17,3,9
Netherlands,2021-02-06 03:00:00,2021-02-06 04:00:00,34.72,0.376712,4,5,2
Netherlands,2015-08-09 23:00:00,2015-08-10 01:00:00,27.19,0.29501150000000004,1,0,8
Netherlands,2021-07-19 16:00:00,2021-07-19 18:00:00,100.0,1.085,18,0,7
Netherlands,2015-07-25 20:00:00,2015-07-25 22:00:00,60.0,0.651,22,5,7
Netherlands,01/11/2023 11:00,2023-11-01 12:00:00,47.64,0.516894,12,2,11
Netherlands,2016-06-27 08:00:00,2016-06-27 10:00:00,45.39,0.49248149999999996,10,0,6
Netherlands,2018-11-06 07:00:00,2018-11-06 08:00:00,70.1,0.760585,8,1,11
Netherlands,2020-05-08 04:00:00,2020-05-08 06:00:00,25.54,0.277109,6,4,5
Netherlands,2023-09-30 19:00:00,2023-09-30 21:00:00,111.81,1.2131385000000001,21,5,9
Netherlands,2020-06-04 16:00:00,2020-06-04 18:00:00,28.2,0.30596999999999996,18,3,6
Netherlands,2016-03-16 11:00:00,2016-03-16 12:00:00,22.96,0.249116,12,2,3
Netherlands,2017-03-07 04:00:00,2017-03-07 05:00:00,32.98,0.35783299999999996,5,1,3
Netherlands,2016-04-08 17:00:00,2016-04-08 19:00:00,32.22,0.349587,19,4,4
Netherlands,2018-09-29 09:00:00,2018-09-29 11:00:00,80.58,0.874293,11,5,9
Netherlands,2019-08-06 19:00:00,2019-08-06 21:00:00,52.69,0.5716864999999999,21,1,8
Netherlands,2016-01-09 08:00:00,2016-01-09 09:00:00,37.12,0.40275199999999994,9,5,1
Netherlands,2017-02-13 22:00:00,2017-02-13 23:00:00,32.8,0.3558799999999999,23,0,2
Netherlands,2021-10-04 22:00:00,2021-10-05 00:00:00,121.65,1.3199025,0,1,10
Netherlands,2018-05-07 18:00:00,2018-05-07 20:00:00,48.81,0.5295884999999999,20,0,5
Netherlands,2015-03-25 02:00:00,2015-03-25 03:00:00,29.62,0.321377,3,2,3
Netherlands,2022-07-09 19:00:00,2022-07-09 21:00:00,347.0,3.76495,21,5,7
Netherlands,2018-09-09 21:00:00,2018-09-09 23:00:00,66.85,0.7253224999999999,23,6,9
Netherlands,04/02/2024 12:00,2024-02-04 13:00:00,5.07,0.0550095,13,6,2
Netherlands,2022-12-20 02:00:00,2022-12-20 03:00:00,76.35,0.8283974999999999,3,1,12
Netherlands,2018-08-27 07:00:00,2018-08-27 09:00:00,63.88,0.693098,9,0,8
Netherlands,19/02/2024 08:00,2024-02-19 09:00:00,75.06,0.8144009999999999,9,0,2
Netherlands,2019-05-15 22:00:00,2019-05-16 00:00:00,34.5,0.37432499999999996,0,3,5
Netherlands,2018-05-12 20:00:00,2018-05-12 22:00:00,42.92,0.46568200000000004,22,5,5
Netherlands,04/11/2024 22:00,2024-11-04 23:00:00,92.72,1.006012,23,0,11
Netherlands,2022-10-10 10:00:00,2022-10-10 12:00:00,137.62,1.493177,12,0,10
Netherlands,2017-03-14 17:00:00,2017-03-14 18:00:00,45.58,0.49454299999999995,18,1,3
Netherlands,2022-08-02 09:00:00,2022-08-02 11:00:00,243.03,2.6368755,11,1,8
Netherlands,2016-03-25 09:00:00,2016-03-25 10:00:00,27.26,0.295771,10,4,3
Netherlands,2021-08-20 21:00:00,2021-08-20 23:00:00,106.0,1.1501,23,4,8
Netherlands,2017-10-14 18:00:00,2017-10-14 20:00:00,44.12,0.47870199999999996,20,5,10
Netherlands,2016-09-09 06:00:00,2016-09-09 08:00:00,43.25,0.46926249999999997,8,4,9
Netherlands,2023-05-24 06:00:00,2023-05-24 08:00:00,109.66,1.189811,8,2,5
Netherlands,2016-01-07 11:00:00,2016-01-07 12:00:00,40.66,0.44116099999999997,12,3,1
Netherlands,2018-09-14 14:00:00,2018-09-14 16:00:00,58.0,0.6293,16,4,9
Netherlands,2022-11-02 00:00:00,2022-11-02 01:00:00,24.34,0.264089,1,2,11
Netherlands,2016-08-28 00:00:00,2016-08-28 02:00:00,21.01,0.2279585,2,6,8
Netherlands,2016-07-11 06:00:00,2016-07-11 08:00:00,32.94,0.35739899999999997,8,0,7
Netherlands,2022-05-25 02:00:00,2022-05-25 04:00:00,169.9,1.843415,4,2,5
Netherlands,2022-10-12 02:00:00,2022-10-12 04:00:00,219.9,2.385915,4,2,10
Netherlands,2022-04-22 01:00:00,2022-04-22 03:00:00,179.41,1.9465985,3,4,4
Netherlands,2023-01-25 22:00:00,2023-01-25 23:00:00,135.0,1.46475,23,2,1
Netherlands,2019-06-23 11:00:00,2019-06-23 13:00:00,14.9,0.161665,13,6,6
Netherlands,2019-09-12 06:00:00,2019-09-12 08:00:00,55.25,0.5994625,8,3,9
Netherlands,2022-03-17 12:00:00,2022-03-17 13:00:00,199.9,2.168915,13,3,3
Netherlands,2019-05-27 19:00:00,2019-05-27 21:00:00,45.7,0.49584500000000004,21,0,5
Netherlands,2020-08-01 01:00:00,2020-08-01 03:00:00,20.06,0.21765099999999998,3,5,8
Netherlands,2017-08-07 19:00:00,2017-08-07 21:00:00,39.94,0.433349,21,0,8
Netherlands,2022-12-22 00:00:00,2022-12-22 01:00:00,146.12,1.585402,1,3,12
Netherlands,2018-02-05 18:00:00,2018-02-05 19:00:00,55.41,0.6011985,19,0,2
Netherlands,2018-12-06 07:00:00,2018-12-06 08:00:00,67.17,0.7287945,8,3,12
Netherlands,2019-06-04 16:00:00,2019-06-04 18:00:00,45.13,0.4896605,18,1,6
Netherlands,2016-09-19 07:00:00,2016-09-19 09:00:00,43.91,0.47642349999999994,9,0,9
Netherlands,2018-12-26 15:00:00,2018-12-26 16:00:00,58.13,0.6307105000000001,16,2,12
Netherlands,2018-01-17 08:00:00,2018-01-17 09:00:00,51.44,0.558124,9,2,1
Netherlands,2016-09-10 00:00:00,2016-09-10 02:00:00,27.42,0.297507,2,5,9
Netherlands,2020-08-30 11:00:00,2020-08-30 13:00:00,25.2,0.27341999999999994,13,6,8
Netherlands,02/10/2024 21:00,2024-10-02 23:00:00,85.0,0.92225,23,2,10
Netherlands,2019-07-23 15:00:00,2019-07-23 17:00:00,52.97,0.5747245,17,1,7
Netherlands,2021-01-15 07:00:00,2021-01-15 08:00:00,93.74,1.0170789999999998,8,4,1
Netherlands,2022-11-30 19:00:00,2022-11-30 20:00:00,414.77,4.5002545,20,2,11
Netherlands,2015-11-29 01:00:00,2015-11-29 02:00:00,33.19,0.3601115,2,6,11
Netherlands,2018-02-15 12:00:00,2018-02-15 13:00:00,48.7,0.528395,13,3,2
Netherlands,2018-08-31 00:00:00,2018-08-31 02:00:00,54.29,0.5890464999999999,2,4,8
Netherlands,2021-10-06 03:00:00,2021-10-06 05:00:00,77.19,0.8375115,5,2,10
Netherlands,2020-05-23 05:00:00,2020-05-23 07:00:00,15.07,0.1635095,7,5,5
Netherlands,2020-06-07 15:00:00,2020-06-07 17:00:00,17.0,0.18444999999999998,17,6,6
Netherlands,2020-04-01 01:00:00,2020-04-01 03:00:00,19.25,0.20886249999999998,3,2,4
Netherlands,2016-03-22 03:00:00,2016-03-22 04:00:00,21.96,0.23826599999999998,4,1,3
Netherlands,2015-04-19 13:00:00,2015-04-19 15:00:00,32.23,0.3496955,15,6,4
Netherlands,2022-08-14 03:00:00,2022-08-14 05:00:00,351.01,3.8084584999999995,5,6,8
Netherlands,2020-07-06 12:00:00,2020-07-06 14:00:00,14.5,0.157325,14,0,7
Netherlands,2015-12-23 21:00:00,2015-12-23 22:00:00,30.54,0.33135899999999996,22,2,12
Netherlands,2023-03-24 08:00:00,2023-03-24 09:00:00,62.36,0.676606,9,4,3
Netherlands,2015-04-20 07:00:00,2015-04-20 09:00:00,53.15,0.5766775,9,0,4
Netherlands,2022-09-29 17:00:00,2022-09-29 19:00:00,605.0,6.56425,19,3,9
Netherlands,2020-10-24 17:00:00,2020-10-24 19:00:00,41.17,0.4466945,19,5,10
Netherlands,2021-07-10 08:00:00,2021-07-10 10:00:00,74.73,0.8108205,10,5,7
Netherlands,2022-10-13 12:00:00,2022-10-13 14:00:00,255.0,2.76675,14,3,10
Netherlands,2022-10-18 07:00:00,2022-10-18 09:00:00,203.35,2.2063474999999997,9,1,10
Netherlands,18/01/2024 06:00,2024-01-18 07:00:00,109.23,1.1851455000000002,7,3,1
Netherlands,2020-01-19 19:00:00,2020-01-19 20:00:00,41.14,0.44636899999999996,20,6,1
Netherlands,2018-09-25 09:00:00,2018-09-25 11:00:00,77.43,0.8401155,11,1,9
Netherlands,26/06/2024 06:00,2024-06-26 08:00:00,121.1,1.3139349999999999,8,2,6
Netherlands,2019-08-27 20:00:00,2019-08-27 22:00:00,46.18,0.501053,22,1,8
Netherlands,2016-06-03 01:00:00,2016-06-03 03:00:00,23.59,0.2559515,3,4,6
Netherlands,2022-06-23 12:00:00,2022-06-23 14:00:00,228.0,2.4737999999999998,14,3,6
Netherlands,2017-12-18 09:00:00,2017-12-18 10:00:00,51.07,0.5541095,10,0,12
Netherlands,2016-02-20 20:00:00,2016-02-20 21:00:00,23.94,0.259749,21,5,2
Netherlands,15/04/2024 03:00,2024-04-15 05:00:00,78.88,0.8558479999999999,5,0,4
Netherlands,2021-09-21 14:00:00,2021-09-21 16:00:00,132.5,1.437625,16,1,9
Netherlands,2022-10-17 02:00:00,2022-10-17 04:00:00,78.23,0.8487955,4,0,10
Netherlands,2015-09-18 13:00:00,2015-09-18 15:00:00,38.0,0.4123,15,4,9
Netherlands,2017-01-15 10:00:00,2017-01-15 11:00:00,38.23,0.41479549999999993,11,6,1
Netherlands,2017-04-21 16:00:00,2017-04-21 18:00:00,30.0,0.3255,18,4,4
Netherlands,2016-04-20 18:00:00,2016-04-20 20:00:00,32.16,0.34893599999999997,20,2,4
Netherlands,2018-09-25 06:00:00,2018-09-25 08:00:00,114.54,1.242759,8,1,9
Netherlands,2015-10-05 10:00:00,2015-10-05 12:00:00,44.94,0.48759899999999995,12,0,10
Netherlands,2021-04-26 08:00:00,2021-04-26 10:00:00,50.84,0.551614,10,0,4
Netherlands,2018-06-04 00:00:00,2018-06-04 02:00:00,43.18,0.468503,2,0,6
Netherlands,2023-02-18 00:00:00,2023-02-18 01:00:00,70.1,0.760585,1,5,2
Netherlands,2018-03-26 02:00:00,2018-03-26 04:00:00,37.25,0.4041625,4,0,3
Netherlands,2021-01-11 20:00:00,2021-01-11 21:00:00,45.1,0.48933499999999996,21,0,1
Netherlands,2016-10-14 16:00:00,2016-10-14 18:00:00,31.41,0.3407985,18,4,10
Netherlands,2019-01-02 05:00:00,2019-01-02 06:00:00,47.86,0.519281,6,2,1
Netherlands,2022-03-01 09:00:00,2022-03-01 10:00:00,273.94,2.9722489999999997,10,1,3
Netherlands,2015-08-20 23:00:00,2015-08-21 01:00:00,40.99,0.4447415,1,4,8
Netherlands,2018-06-22 09:00:00,2018-06-22 11:00:00,43.39,0.4707815,11,4,6
Netherlands,2015-11-25 19:00:00,2015-11-25 20:00:00,37.81,0.4102385,20,2,11
Netherlands,2023-06-05 14:00:00,2023-06-05 16:00:00,65.3,0.7085049999999999,16,0,6
Netherlands,2021-05-30 07:00:00,2021-05-30 09:00:00,31.96,0.346766,9,6,5
Netherlands,2018-11-24 10:00:00,2018-11-24 11:00:00,73.17,0.7938945,11,5,11
Netherlands,2016-05-17 18:00:00,2016-05-17 20:00:00,36.76,0.3988459999999999,20,1,5
Netherlands,2020-08-11 09:00:00,2020-08-11 11:00:00,25.48,0.276458,11,1,8
Netherlands,2021-01-11 14:00:00,2021-01-11 15:00:00,45.07,0.4890095,15,0,1
Netherlands,2019-01-16 04:00:00,2019-01-16 05:00:00,39.0,0.42314999999999997,5,2,1
Netherlands,2017-11-17 11:00:00,2017-11-17 12:00:00,46.21,0.5013785,12,4,11
Netherlands,19/09/2024 21:00,2024-09-19 23:00:00,78.87,0.8557395,23,3,9
Netherlands,29/12/2023 11:00,2023-12-29 12:00:00,30.44,0.330274,12,4,12
Netherlands,2016-01-06 00:00:00,2016-01-06 01:00:00,25.58,0.27754299999999993,1,2,1
Netherlands,2022-07-01 16:00:00,2022-07-01 18:00:00,282.13,3.0611105,18,4,7
Netherlands,2022-11-25 07:00:00,2022-11-25 08:00:00,282.0,3.0597,8,4,11
Netherlands,2018-12-18 00:00:00,2018-12-18 01:00:00,51.02,0.553567,1,1,12
Netherlands,2016-01-02 14:00:00,2016-01-02 15:00:00,29.0,0.31465,15,5,1
Netherlands,22/03/2024 21:00,2024-03-22 22:00:00,73.2,0.79422,22,4,3
Netherlands,24/04/2024 08:00,2024-04-24 10:00:00,74.9,0.8126650000000001,10,2,4
Netherlands,2019-03-02 03:00:00,2019-03-02 04:00:00,40.63,0.44083550000000005,4,5,3
Netherlands,2023-07-08 01:00:00,2023-07-08 03:00:00,86.59,0.9395015,3,5,7
Netherlands,2021-11-05 03:00:00,2021-11-05 04:00:00,132.14,1.4337189999999997,4,4,11
Netherlands,2020-02-25 20:00:00,2020-02-25 21:00:00,30.1,0.32658499999999996,21,1,2
Netherlands,2015-06-09 05:00:00,2015-06-09 07:00:00,39.96,0.43356599999999995,7,1,6
Netherlands,20/11/2023 08:00,2023-11-20 09:00:00,117.59,1.2758515,9,0,11
Netherlands,2020-03-11 17:00:00,2020-03-11 18:00:00,37.0,0.40145,18,2,3
Netherlands,2019-03-25 20:00:00,2019-03-25 21:00:00,39.81,0.43193850000000006,21,0,3
Netherlands,2016-06-14 09:00:00,2016-06-14 11:00:00,42.44,0.46047399999999994,11,1,6
Netherlands,2016-06-23 09:00:00,2016-06-23 11:00:00,45.12,0.489552,11,3,6
Netherlands,2015-03-06 07:00:00,2015-03-06 08:00:00,67.04,0.727384,8,4,3
Netherlands,2017-05-18 17:00:00,2017-05-18 19:00:00,42.4,0.46003999999999995,19,3,5
Netherlands,2019-12-19 05:00:00,2019-12-19 06:00:00,30.84,0.33461399999999997,6,3,12
Netherlands,2018-04-22 01:00:00,2018-04-22 03:00:00,15.96,0.173166,3,6,4
Netherlands,2016-12-25 08:00:00,2016-12-25 09:00:00,35.04,0.38018399999999997,9,6,12
Netherlands,2015-04-09 05:00:00,2015-04-09 07:00:00,64.99,0.7051415,7,3,4
Netherlands,2022-11-24 07:00:00,2022-11-24 08:00:00,299.91,3.2540235,8,3,11
Netherlands,17/01/2024 07:00,2024-01-17 08:00:00,96.74,1.049629,8,2,1
Netherlands,2015-12-20 14:00:00,2015-12-20 15:00:00,26.7,0.289695,15,6,12
Netherlands,2015-12-25 09:00:00,2015-12-25 10:00:00,35.7,0.38734500000000005,10,4,12
Netherlands,2015-11-21 06:00:00,2015-11-21 07:00:00,33.02,0.358267,7,5,11
Netherlands,2019-03-24 04:00:00,2019-03-24 05:00:00,34.2,0.37107,5,6,3
Netherlands,2018-09-11 21:00:00,2018-09-11 23:00:00,66.15,0.7177275000000001,23,1,9
Netherlands,2021-06-20 05:00:00,2021-06-20 07:00:00,65.6,0.7117599999999998,7,6,6
Netherlands,2015-01-16 18:00:00,2015-01-16 19:00:00,48.02,0.5210170000000001,19,4,1
Netherlands,2021-02-08 14:00:00,2021-02-08 15:00:00,54.96,0.5963160000000001,15,0,2
Netherlands,18/12/2024 15:00,2024-12-18 16:00:00,78.69,0.8537864999999999,16,2,12
Netherlands,2021-06-20 11:00:00,2021-06-20 13:00:00,27.2,0.29512,13,6,6
Netherlands,2019-07-27 04:00:00,2019-07-27 06:00:00,34.2,0.37107,6,5,7
Netherlands,2017-03-20 15:00:00,2017-03-20 16:00:00,30.56,0.331576,16,0,3
Netherlands,2022-04-21 12:00:00,2022-04-21 14:00:00,157.48,1.708658,14,3,4
Netherlands,2023-05-02 08:00:00,2023-05-02 10:00:00,115.71,1.2554534999999998,10,1,5
Netherlands,2015-04-03 17:00:00,2015-04-03 19:00:00,40.57,0.44018450000000003,19,4,4
Netherlands,2019-09-25 23:00:00,2019-09-26 01:00:00,32.57,0.3533845,1,3,9
Netherlands,24/02/2024 05:00,2024-02-24 06:00:00,61.67,0.6691195,6,5,2
Netherlands,2023-03-30 12:00:00,2023-03-30 14:00:00,5.1,0.055334999999999995,14,3,3
Netherlands,26/12/2023 12:00,2023-12-26 13:00:00,2.73,0.0296205,13,1,12
Netherlands,2023-07-03 23:00:00,2023-07-04 01:00:00,81.28,0.881888,1,1,7
Netherlands,2017-07-27 21:00:00,2017-07-27 23:00:00,30.0,0.3255,23,3,7
Netherlands,06/10/2024 05:00,2024-10-06 07:00:00,66.35,0.7198975,7,6,10
Netherlands,2015-03-23 22:00:00,2015-03-23 23:00:00,34.0,0.36889999999999995,23,0,3
Netherlands,2020-10-03 18:00:00,2020-10-03 20:00:00,39.72,0.430962,20,5,10
Netherlands,01/05/2024 19:00,2024-05-01 21:00:00,100.0,1.085,21,2,5
Netherlands,26/11/2023 19:00,2023-11-26 20:00:00,135.91,1.4746234999999999,20,6,11
Netherlands,2022-07-01 18:00:00,2022-07-01 20:00:00,359.49,3.9004665,20,4,7
Netherlands,2018-07-12 14:00:00,2018-07-12 16:00:00,53.46,0.5800409999999999,16,3,7
Netherlands,2020-11-16 06:00:00,2020-11-16 07:00:00,41.43,0.44951549999999996,7,0,11
Netherlands,2015-04-22 19:00:00,2015-04-22 21:00:00,47.44,0.514724,21,2,4
Netherlands,2015-01-24 21:00:00,2015-01-24 22:00:00,39.94,0.433349,22,5,1
Netherlands,2017-06-11 00:00:00,2017-06-11 02:00:00,21.78,0.23631300000000002,2,6,6
Netherlands,2019-11-23 02:00:00,2019-11-23 03:00:00,33.17,0.3598945,3,5,11
Netherlands,2017-06-27 16:00:00,2017-06-27 18:00:00,43.98,0.4771829999999999,18,1,6
Netherlands,2018-01-01 06:00:00,2018-01-01 07:00:00,29.9,0.32441499999999995,7,0,1
Netherlands,2018-12-03 11:00:00,2018-12-03 12:00:00,61.36,0.665756,12,0,12
Netherlands,2022-02-14 02:00:00,2022-02-14 03:00:00,110.0,1.1935,3,0,2
Netherlands,2018-03-03 19:00:00,2018-03-03 20:00:00,71.04,0.770784,20,5,3
Netherlands,2017-04-15 23:00:00,2017-04-16 01:00:00,37.4,0.40579,1,6,4
Netherlands,28/07/2024 22:00,2024-07-29 00:00:00,78.06,0.846951,0,0,7
Netherlands,2019-04-25 20:00:00,2019-04-25 22:00:00,42.21,0.4579785,22,3,4
Netherlands,2022-01-07 14:00:00,2022-01-07 15:00:00,224.37,2.4344145,15,4,1
Netherlands,31/08/2024 00:00,2024-08-31 02:00:00,96.9,1.051365,2,5,8
Netherlands,2016-08-29 12:00:00,2016-08-29 14:00:00,28.68,0.311178,14,0,8
Netherlands,2017-11-13 01:00:00,2017-11-13 02:00:00,34.4,0.37323999999999996,2,0,11
Netherlands,11/05/2024 14:00,2024-05-11 16:00:00,-0.42,-0.004556999999999999,16,5,5
Netherlands,2023-05-05 17:00:00,2023-05-05 19:00:00,120.54,1.3078589999999999,19,4,5
Netherlands,2023-03-23 00:00:00,2023-03-23 01:00:00,65.93,0.7153405,1,3,3
Netherlands,2015-09-08 16:00:00,2015-09-08 18:00:00,42.23,0.4581954999999999,18,1,9
Netherlands,2022-04-04 04:00:00,2022-04-04 06:00:00,164.14,1.780919,6,0,4
Netherlands,2016-11-12 11:00:00,2016-11-12 12:00:00,39.94,0.433349,12,5,11
Netherlands,2021-11-29 12:00:00,2021-11-29 13:00:00,329.2,3.5718199999999998,13,0,11
Netherlands,2019-12-16 05:00:00,2019-12-16 06:00:00,38.87,0.4217395,6,0,12
Netherlands,2017-01-12 14:00:00,2017-01-12 15:00:00,38.3,0.41555499999999995,15,3,1
Netherlands,2020-11-27 08:00:00,2020-11-27 09:00:00,80.34,0.8716889999999999,9,4,11
Netherlands,2023-08-27 08:00:00,2023-08-27 10:00:00,93.22,1.011437,10,6,8
Netherlands,2023-03-19 16:00:00,2023-03-19 17:00:00,134.62,1.460627,17,6,3
Netherlands,07/12/2024 01:00,2024-12-07 02:00:00,67.5,0.732375,2,5,12
Netherlands,2017-04-02 11:00:00,2017-04-02 13:00:00,26.6,0.28861000000000003,13,6,4
Netherlands,2015-08-15 18:00:00,2015-08-15 20:00:00,47.89,0.5196065,20,5,8
Netherlands,25/04/2024 15:00,2024-04-25 17:00:00,78.92,0.856282,17,3,4
Netherlands,16/03/2024 05:00,2024-03-16 06:00:00,47.6,0.51646,6,5,3
Netherlands,2021-04-21 15:00:00,2021-04-21 17:00:00,42.06,0.456351,17,2,4
Netherlands,2023-02-15 04:00:00,2023-02-15 05:00:00,132.4,1.43654,5,2,2
Netherlands,09/08/2024 17:00,2024-08-09 19:00:00,83.83,0.9095555,19,4,8
Netherlands,2022-10-27 04:00:00,2022-10-27 06:00:00,124.99,1.3561414999999999,6,3,10
Netherlands,01/11/2024 17:00,2024-11-01 18:00:00,135.49,1.4700665000000002,18,4,11
Netherlands,2017-04-08 08:00:00,2017-04-08 10:00:00,37.6,0.40796,10,5,4
Netherlands,2015-09-26 16:00:00,2015-09-26 18:00:00,43.71,0.4742535,18,5,9
Netherlands,2022-06-23 01:00:00,2022-06-23 03:00:00,245.82,2.667147,3,3,6
Netherlands,2018-10-26 14:00:00,2018-10-26 16:00:00,52.4,0.5685399999999999,16,4,10
Netherlands,2022-05-11 09:00:00,2022-05-11 11:00:00,92.04,0.998634,11,2,5
Netherlands,2015-01-16 19:00:00,2015-01-16 20:00:00,41.51,0.4503835,20,4,1
Netherlands,29/10/2023 14:00,2023-10-29 15:00:00,34.82,0.377797,15,6,10
Netherlands,2015-10-17 10:00:00,2015-10-17 12:00:00,42.55,0.46166749999999995,12,5,10
Netherlands,05/04/2024 16:00,2024-04-05 18:00:00,44.66,0.4845609999999999,18,4,4
Netherlands,2019-08-05 11:00:00,2019-08-05 13:00:00,44.58,0.483693,13,0,8
Netherlands,2019-01-12 03:00:00,2019-01-12 04:00:00,46.27,0.5020295,4,5,1
Netherlands,2023-04-14 12:00:00,2023-04-14 14:00:00,102.6,1.1132099999999998,14,4,4
Netherlands,2022-06-14 16:00:00,2022-06-14 18:00:00,230.97,2.5060245,18,1,6
Netherlands,2016-06-23 01:00:00,2016-06-23 03:00:00,24.11,0.2615935,3,3,6
Netherlands,2017-07-03 14:00:00,2017-07-03 16:00:00,28.59,0.3102015,16,0,7
Netherlands,2017-12-29 22:00:00,2017-12-29 23:00:00,40.66,0.44116099999999997,23,4,12
Netherlands,2021-02-09 07:00:00,2021-02-09 08:00:00,80.64,0.8749439999999999,8,1,2
Netherlands,2023-03-11 04:00:00,2023-03-11 05:00:00,114.97,1.2474245,5,5,3
Netherlands,2016-11-11 23:00:00,2016-11-12 00:00:00,40.21,0.4362785,0,5,11
Netherlands,2016-02-19 16:00:00,2016-02-19 17:00:00,30.04,0.32593399999999995,17,4,2
Netherlands,2015-02-24 22:00:00,2015-02-24 23:00:00,38.0,0.4123,23,1,2
Netherlands,2018-10-24 20:00:00,2018-10-24 22:00:00,54.0,0.5859,22,2,10
Netherlands,21/08/2024 18:00,2024-08-21 20:00:00,136.67,1.4828694999999998,20,2,8
Netherlands,2020-03-20 22:00:00,2020-03-20 23:00:00,19.9,0.21591499999999997,23,4,3
Netherlands,2019-09-26 06:00:00,2019-09-26 08:00:00,51.51,0.5588834999999999,8,3,9
Netherlands,2018-12-12 10:00:00,2018-12-12 11:00:00,81.06,0.879501,11,2,12
Netherlands,2022-03-18 01:00:00,2022-03-18 02:00:00,230.55,2.5014675000000004,2,4,3
Netherlands,2019-09-07 20:00:00,2019-09-07 22:00:00,37.98,0.412083,22,5,9
Netherlands,2020-03-08 05:00:00,2020-03-08 06:00:00,8.67,0.09406949999999999,6,6,3
Netherlands,2022-06-26 13:00:00,2022-06-26 15:00:00,129.97,1.4101744999999999,15,6,6
Netherlands,2017-10-04 10:00:00,2017-10-04 12:00:00,30.7,0.333095,12,2,10
Netherlands,2019-01-02 06:00:00,2019-01-02 07:00:00,49.5,0.537075,7,2,1
Netherlands,2019-02-17 21:00:00,2019-02-17 22:00:00,42.83,0.4647055,22,6,2
Netherlands,30/11/2024 09:00,2024-11-30 10:00:00,108.86,1.181131,10,5,11
Netherlands,2016-02-04 23:00:00,2016-02-05 00:00:00,24.61,0.26701849999999994,0,4,2
Netherlands,2015-11-09 07:00:00,2015-11-09 08:00:00,46.55,0.5050674999999999,8,0,11
Netherlands,2017-12-13 18:00:00,2017-12-13 19:00:00,45.0,0.48825,19,2,12
Netherlands,2023-02-06 14:00:00,2023-02-06 15:00:00,149.6,1.62316,15,0,2
Netherlands,2020-03-01 00:00:00,2020-03-01 01:00:00,20.22,0.21938699999999997,1,6,3
Netherlands,2017-11-17 13:00:00,2017-11-17 14:00:00,46.55,0.5050674999999999,14,4,11
Netherlands,19/05/2024 20:00,2024-05-19 22:00:00,91.02,0.9875669999999999,22,6,5
Netherlands,2022-09-29 07:00:00,2022-09-29 09:00:00,407.08,4.416817999999999,9,3,9
Netherlands,2017-07-10 05:00:00,2017-07-10 07:00:00,44.03,0.4777255,7,0,7
Netherlands,2022-12-09 12:00:00,2022-12-09 13:00:00,470.0,5.0995,13,4,12
Netherlands,2018-07-10 13:00:00,2018-07-10 15:00:00,55.15,0.5983774999999999,15,1,7
Netherlands,2015-06-14 19:00:00,2015-06-14 21:00:00,31.72,0.34416199999999997,21,6,6
Netherlands,10/07/2024 23:00,2024-07-11 01:00:00,79.7,0.864745,1,3,7
Netherlands,2019-06-26 23:00:00,2019-06-27 01:00:00,27.0,0.29295,1,3,6
Netherlands,2015-08-22 09:00:00,2015-08-22 11:00:00,47.9,0.5197149999999999,11,5,8
Netherlands,2018-12-10 00:00:00,2018-12-10 01:00:00,45.88,0.497798,1,0,12
Netherlands,2018-09-11 02:00:00,2018-09-11 04:00:00,44.39,0.4816315,4,1,9
Netherlands,2017-11-26 18:00:00,2017-11-26 19:00:00,59.9,0.6499149999999999,19,6,11
Netherlands,2022-03-13 07:00:00,2022-03-13 08:00:00,167.89,1.8216065,8,6,3
Netherlands,2016-02-08 01:00:00,2016-02-08 02:00:00,11.89,0.1290065,2,0,2
Netherlands,2020-11-11 09:00:00,2020-11-11 10:00:00,49.56,0.537726,10,2,11
Netherlands,2023-05-05 00:00:00,2023-05-05 02:00:00,78.49,0.8516164999999999,2,4,5
Netherlands,2017-08-16 02:00:00,2017-08-16 04:00:00,27.64,0.299894,4,2,8
Netherlands,2022-09-09 19:00:00,2022-09-09 21:00:00,419.95,4.5564575,21,4,9
Netherlands,2020-04-03 10:00:00,2020-04-03 12:00:00,20.24,0.219604,12,4,4
Netherlands,2016-08-19 01:00:00,2016-08-19 03:00:00,23.91,0.2594235,3,4,8
Netherlands,2018-08-05 05:00:00,2018-08-05 07:00:00,47.44,0.514724,7,6,8
Netherlands,2018-08-01 20:00:00,2018-08-01 22:00:00,62.54,0.678559,22,2,8
Netherlands,03/04/2024 13:00,2024-04-03 15:00:00,58.09,0.6302765,15,2,4
Netherlands,2016-07-28 18:00:00,2016-07-28 20:00:00,35.5,0.385175,20,3,7
Netherlands,2018-01-01 17:00:00,2018-01-01 18:00:00,30.5,0.330925,18,0,1
Netherlands,2017-05-07 03:00:00,2017-05-07 05:00:00,27.0,0.29295,5,6,5
Netherlands,2016-05-30 14:00:00,2016-05-30 16:00:00,25.09,0.2722265,16,0,5
Netherlands,2016-11-14 23:00:00,2016-11-15 00:00:00,32.37,0.3512145,0,1,11
Netherlands,2023-01-23 11:00:00,2023-01-23 12:00:00,220.93,2.3970905,12,0,1
Netherlands,2017-07-18 08:00:00,2017-07-18 10:00:00,41.75,0.4529875,10,1,7
Netherlands,2018-11-17 10:00:00,2018-11-17 11:00:00,58.6,0.63581,11,5,11
Netherlands,2022-01-11 11:00:00,2022-01-11 12:00:00,213.5,2.316475,12,1,1
Netherlands,2015-04-14 21:00:00,2015-04-14 23:00:00,39.17,0.4249945,23,1,4
Netherlands,13/02/2024 03:00,2024-02-13 04:00:00,60.06,0.651651,4,1,2
Netherlands,2021-07-25 05:00:00,2021-07-25 07:00:00,49.15,0.5332775,7,6,7
Netherlands,2018-09-15 20:00:00,2018-09-15 22:00:00,66.12,0.7174020000000001,22,5,9
Netherlands,2018-08-10 12:00:00,2018-08-10 14:00:00,44.05,0.47794249999999994,14,4,8
Netherlands,2018-07-25 22:00:00,2018-07-26 00:00:00,50.02,0.542717,0,3,7
Netherlands,2018-11-11 16:00:00,2018-11-11 17:00:00,80.46,0.8729909999999999,17,6,11
Netherlands,2015-02-09 21:00:00,2015-02-09 22:00:00,32.96,0.357616,22,0,2
Netherlands,2016-03-09 12:00:00,2016-03-09 13:00:00,24.94,0.270599,13,2,3
Netherlands,2017-10-11 00:00:00,2017-10-11 02:00:00,27.57,0.2991345,2,2,10
Netherlands,2018-09-09 19:00:00,2018-09-09 21:00:00,78.6,0.85281,21,6,9
Netherlands,2015-02-28 10:00:00,2015-02-28 11:00:00,48.78,0.529263,11,5,2
Netherlands,2021-08-25 12:00:00,2021-08-25 14:00:00,76.11,0.8257935,14,2,8
Netherlands,2019-08-06 03:00:00,2019-08-06 05:00:00,36.68,0.397978,5,1,8
Netherlands,2021-06-10 18:00:00,2021-06-10 20:00:00,95.18,1.032703,20,3,6
Netherlands,2015-07-14 08:00:00,2015-07-14 10:00:00,60.0,0.651,10,1,7
Netherlands,2023-05-19 23:00:00,2023-05-20 01:00:00,74.0,0.8029,1,5,5
Netherlands,2020-12-23 15:00:00,2020-12-23 16:00:00,46.75,0.5072375,16,2,12
Netherlands,2018-08-09 07:00:00,2018-08-09 09:00:00,64.88,0.703948,9,3,8
Netherlands,2023-02-16 21:00:00,2023-02-16 22:00:00,124.5,1.350825,22,3,2
Netherlands,2018-11-17 02:00:00,2018-11-17 03:00:00,44.9,0.48716499999999996,3,5,11
Netherlands,2018-04-14 05:00:00,2018-04-14 07:00:00,38.41,0.4167484999999999,7,5,4
Netherlands,2021-06-08 13:00:00,2021-06-08 15:00:00,68.03,0.7381255,15,1,6
Netherlands,2020-06-21 19:00:00,2020-06-21 21:00:00,30.79,0.33407149999999997,21,6,6
Netherlands,2022-08-18 00:00:00,2022-08-18 02:00:00,480.0,5.208,2,3,8
Netherlands,2020-11-07 14:00:00,2020-11-07 15:00:00,41.02,0.445067,15,5,11
Netherlands,30/09/2024 13:00,2024-09-30 15:00:00,26.0,0.28209999999999996,15,0,9
Netherlands,05/08/2024 00:00,2024-08-05 02:00:00,82.3,0.8929549999999999,2,0,8
Netherlands,2022-03-20 17:00:00,2022-03-20 18:00:00,246.97,2.6796245,18,6,3
Netherlands,2019-01-10 17:00:00,2019-01-10 18:00:00,85.15,0.9238775,18,3,1
Netherlands,2021-02-16 05:00:00,2021-02-16 06:00:00,50.44,0.547274,6,1,2
Netherlands,2022-05-23 08:00:00,2022-05-23 10:00:00,217.19,2.3565115,10,0,5
Netherlands,2022-03-25 05:00:00,2022-03-25 06:00:00,315.0,3.41775,6,4,3
Netherlands,2023-07-04 05:00:00,2023-07-04 07:00:00,119.97,1.3016744999999998,7,1,7
Netherlands,2017-12-14 16:00:00,2017-12-14 17:00:00,80.1,0.8690849999999999,17,3,12
Netherlands,2020-04-22 06:00:00,2020-04-22 08:00:00,33.52,0.363692,8,2,4
Netherlands,2022-10-04 06:00:00,2022-10-04 08:00:00,497.39,5.3966815,8,1,10
Netherlands,2021-09-10 20:00:00,2021-09-10 22:00:00,141.52,1.5354919999999999,22,4,9
Netherlands,2023-01-20 08:00:00,2023-01-20 09:00:00,221.7,2.405445,9,4,1
Netherlands,2021-11-22 08:00:00,2021-11-22 09:00:00,230.02,2.495717,9,0,11
Netherlands,2020-02-07 02:00:00,2020-02-07 03:00:00,25.0,0.27125,3,4,2
Netherlands,2015-02-03 11:00:00,2015-02-03 12:00:00,46.2,0.50127,12,1,2
Netherlands,2017-02-28 22:00:00,2017-02-28 23:00:00,32.2,0.34937,23,1,2
Netherlands,2016-07-31 11:00:00,2016-07-31 13:00:00,25.56,0.27732599999999996,13,6,7
Netherlands,2019-04-01 03:00:00,2019-04-01 05:00:00,36.57,0.3967845,5,0,4
Netherlands,2020-07-05 03:00:00,2020-07-05 05:00:00,-13.5,-0.146475,5,6,7
Netherlands,2023-02-07 08:00:00,2023-02-07 09:00:00,191.85,2.0815724999999996,9,1,2
Netherlands,2015-12-20 02:00:00,2015-12-20 03:00:00,11.36,0.12325599999999999,3,6,12
Netherlands,2016-06-24 00:00:00,2016-06-24 02:00:00,25.69,0.2787365,2,4,6
Netherlands,2016-07-21 02:00:00,2016-07-21 04:00:00,25.55,0.27721749999999995,4,3,7
Netherlands,2023-04-24 13:00:00,2023-04-24 15:00:00,84.9,0.9211650000000001,15,0,4
Netherlands,2018-12-18 21:00:00,2018-12-18 22:00:00,52.36,0.568106,22,1,12
Netherlands,2015-10-19 05:00:00,2015-10-19 07:00:00,60.01,0.6511085,7,0,10
Netherlands,17/11/2024 11:00,2024-11-17 12:00:00,24.47,0.26549949999999994,12,6,11
Netherlands,2019-12-30 18:00:00,2019-12-30 19:00:00,53.27,0.5779795,19,0,12
Netherlands,04/10/2024 00:00,2024-10-04 02:00:00,76.6,0.8311099999999999,2,4,10
Netherlands,2022-02-09 10:00:00,2022-02-09 11:00:00,180.1,1.9540849999999998,11,2,2
Netherlands,2016-01-07 10:00:00,2016-01-07 11:00:00,41.5,0.450275,11,3,1
Netherlands,2015-12-07 21:00:00,2015-12-07 22:00:00,36.51,0.39613349999999997,22,0,12
Netherlands,2015-08-25 07:00:00,2015-08-25 09:00:00,48.82,0.529697,9,1,8
Netherlands,2017-12-28 05:00:00,2017-12-28 06:00:00,35.0,0.37975,6,3,12
Netherlands,2015-09-21 09:00:00,2015-09-21 11:00:00,43.0,0.46655,11,0,9
Netherlands,2018-09-16 11:00:00,2018-09-16 13:00:00,39.0,0.42314999999999997,13,6,9
Netherlands,2019-06-12 04:00:00,2019-06-12 06:00:00,46.66,0.506261,6,2,6
Netherlands,2022-03-11 17:00:00,2022-03-11 18:00:00,284.5,3.0868249999999997,18,4,3
Netherlands,2017-09-03 14:00:00,2017-09-03 16:00:00,30.22,0.327887,16,6,9
Netherlands,2018-02-22 06:00:00,2018-02-22 07:00:00,59.19,0.6422115,7,3,2
Netherlands,2023-05-28 01:00:00,2023-05-28 03:00:00,77.87,0.8448895,3,6,5
Netherlands,2020-06-14 10:00:00,2020-06-14 12:00:00,19.73,0.2140705,12,6,6
Netherlands,2019-03-10 16:00:00,2019-03-10 17:00:00,37.36,0.405356,17,6,3
Netherlands,2021-09-05 04:00:00,2021-09-05 06:00:00,93.81,1.0178384999999999,6,6,9
Netherlands,2018-05-02 02:00:00,2018-05-02 04:00:00,30.04,0.32593399999999995,4,2,5
Netherlands,2019-05-14 17:00:00,2019-05-14 19:00:00,47.91,0.5198235,19,1,5
Netherlands,2021-08-29 12:00:00,2021-08-29 14:00:00,74.91,0.8127734999999999,14,6,8
Netherlands,2019-03-05 20:00:00,2019-03-05 21:00:00,48.09,0.5217765000000001,21,1,3
Netherlands,2017-01-05 03:00:00,2017-01-05 04:00:00,35.64,0.38669400000000004,4,3,1
Netherlands,2018-03-15 03:00:00,2018-03-15 04:00:00,12.1,0.13128499999999999,4,3,3
Netherlands,2022-07-15 03:00:00,2022-07-15 05:00:00,330.0,3.5805,5,4,7
Netherlands,2015-02-18 00:00:00,2015-02-18 01:00:00,37.23,0.4039454999999999,1,2,2
Netherlands,2022-02-26 14:00:00,2022-02-26 15:00:00,197.47,2.1425495,15,5,2
Netherlands,29/11/2023 02:00,2023-11-29 03:00:00,86.12,0.9344020000000001,3,2,11
Netherlands,2019-03-08 06:00:00,2019-03-08 07:00:00,45.08,0.48911799999999994,7,4,3
Netherlands,2015-08-03 22:00:00,2015-08-04 00:00:00,43.0,0.46655,0,1,8
Netherlands,2015-11-23 11:00:00,2015-11-23 12:00:00,50.95,0.5528075,12,0,11
Netherlands,2022-04-21 03:00:00,2022-04-21 05:00:00,199.92,2.1691319999999994,5,3,4
Netherlands,2018-02-02 01:00:00,2018-02-02 02:00:00,31.23,0.3388455,2,4,2
Netherlands,2021-12-23 18:00:00,2021-12-23 19:00:00,301.1,3.266935,19,3,12
Netherlands,2015-06-26 20:00:00,2015-06-26 22:00:00,50.0,0.5425,22,4,6
Netherlands,2016-09-20 16:00:00,2016-09-20 18:00:00,52.0,0.5641999999999999,18,1,9
Netherlands,04/06/2024 05:00,2024-06-04 07:00:00,163.88,1.778098,7,1,6
Netherlands,2020-05-11 02:00:00,2020-05-11 04:00:00,0.17,0.0018445,4,0,5
Netherlands,28/07/2024 21:00,2024-07-28 23:00:00,83.01,0.9006585,23,6,7
Netherlands,2018-12-03 12:00:00,2018-12-03 13:00:00,64.81,0.7031885,13,0,12
Netherlands,2016-05-31 04:00:00,2016-05-31 06:00:00,24.52,0.266042,6,1,5
Netherlands,2019-12-03 13:00:00,2019-12-03 14:00:00,56.63,0.6144355,14,1,12
Netherlands,05/07/2024 17:00,2024-07-05 19:00:00,90.81,0.9852885,19,4,7
Netherlands,2015-03-01 14:00:00,2015-03-01 15:00:00,24.12,0.261702,15,6,3
Netherlands,2021-08-11 04:00:00,2021-08-11 06:00:00,107.92,1.170932,6,2,8
Netherlands,2019-03-04 09:00:00,2019-03-04 10:00:00,58.5,0.634725,10,0,3
Netherlands,2021-04-26 14:00:00,2021-04-26 16:00:00,43.88,0.476098,16,0,4
Netherlands,2021-02-05 04:00:00,2021-02-05 05:00:00,43.36,0.470456,5,4,2
Netherlands,2017-04-27 20:00:00,2017-04-27 22:00:00,36.02,0.390817,22,3,4
Netherlands,2020-07-09 16:00:00,2020-07-09 18:00:00,46.35,0.5028975,18,3,7
Netherlands,08/07/2024 19:00,2024-07-08 21:00:00,169.23,1.8361454999999998,21,0,7
Netherlands,2019-06-29 20:00:00,2019-06-29 22:00:00,41.03,0.4451755,22,5,6
Netherlands,2016-09-27 13:00:00,2016-09-27 15:00:00,28.57,0.3099845,15,1,9
Netherlands,2018-02-06 06:00:00,2018-02-06 07:00:00,56.77,0.6159545000000001,7,1,2
Netherlands,2023-04-03 22:00:00,2023-04-04 00:00:00,110.85,1.2027225,0,1,4
Netherlands,2017-12-22 11:00:00,2017-12-22 12:00:00,47.86,0.519281,12,4,12
Netherlands,2021-11-14 19:00:00,2021-11-14 20:00:00,195.0,2.11575,20,6,11
Netherlands,2020-05-03 00:00:00,2020-05-03 02:00:00,11.44,0.124124,2,6,5
Netherlands,08/10/2023 00:00,2023-10-08 02:00:00,84.89,0.9210565000000001,2,6,10
Netherlands,2019-12-23 12:00:00,2019-12-23 13:00:00,34.9,0.378665,13,0,12
Netherlands,2018-07-24 02:00:00,2018-07-24 04:00:00,45.57,0.4944345,4,1,7
Netherlands,2023-06-18 21:00:00,2023-06-18 23:00:00,117.6,1.2759599999999998,23,6,6
Netherlands,2017-10-25 00:00:00,2017-10-25 02:00:00,29.4,0.31898999999999994,2,2,10
Netherlands,2023-05-01 05:00:00,2023-05-01 07:00:00,98.0,1.0633,7,0,5
Netherlands,2017-04-06 16:00:00,2017-04-06 18:00:00,38.05,0.41284249999999995,18,3,4
Netherlands,2021-08-24 23:00:00,2021-08-25 01:00:00,81.7,0.886445,1,2,8
Netherlands,2016-01-29 03:00:00,2016-01-29 04:00:00,16.14,0.175119,4,4,1
Netherlands,17/01/2024 06:00,2024-01-17 07:00:00,84.94,0.921599,7,2,1
Netherlands,2015-03-18 17:00:00,2015-03-18 18:00:00,52.07,0.5649595,18,2,3
Netherlands,31/12/2024 01:00,2024-12-31 02:00:00,56.43,0.6122655,2,1,12
Netherlands,27/02/2024 05:00,2024-02-27 06:00:00,73.32,0.795522,6,1,2
Netherlands,2020-09-26 08:00:00,2020-09-26 10:00:00,39.4,0.4274899999999999,10,5,9
Netherlands,2020-01-18 02:00:00,2020-01-18 03:00:00,25.96,0.28166599999999997,3,5,1
Netherlands,2022-03-09 04:00:00,2022-03-09 05:00:00,440.0,4.774,5,2,3
Netherlands,2018-10-07 12:00:00,2018-10-07 14:00:00,49.91,0.5415234999999999,14,6,10
Netherlands,2022-09-30 22:00:00,2022-10-01 00:00:00,99.75,1.0822874999999998,0,5,10
Netherlands,2016-07-14 04:00:00,2016-07-14 06:00:00,24.06,0.261051,6,3,7
Netherlands,2021-12-17 19:00:00,2021-12-17 20:00:00,341.98,3.710483,20,4,12
Netherlands,2018-10-04 04:00:00,2018-10-04 06:00:00,74.15,0.8045275000000001,6,3,10
Netherlands,2019-04-20 12:00:00,2019-04-20 14:00:00,21.03,0.2281755,14,5,4
Netherlands,2020-04-28 00:00:00,2020-04-28 02:00:00,18.2,0.19747,2,1,4
Netherlands,2022-01-20 13:00:00,2022-01-20 14:00:00,135.79,1.4733214999999997,14,3,1
Netherlands,2021-04-13 16:00:00,2021-04-13 18:00:00,54.09,0.5868764999999999,18,1,4
Netherlands,2020-10-04 08:00:00,2020-10-04 10:00:00,39.06,0.423801,10,6,10
Netherlands,2017-07-30 00:00:00,2017-07-30 02:00:00,26.6,0.28861000000000003,2,6,7
Netherlands,2022-08-27 17:00:00,2022-08-27 19:00:00,707.36,7.674856,19,5,8
Netherlands,2015-03-02 12:00:00,2015-03-02 13:00:00,49.05,0.5321925,13,0,3
Netherlands,2019-10-14 21:00:00,2019-10-14 23:00:00,25.18,0.273203,23,0,10
Netherlands,2015-11-24 11:00:00,2015-11-24 12:00:00,33.09,0.3590265,12,1,11
Netherlands,26/09/2024 21:00,2024-09-26 23:00:00,36.3,0.39385499999999996,23,3,9
Netherlands,2019-01-17 17:00:00,2019-01-17 18:00:00,56.88,0.617148,18,3,1
Netherlands,2015-02-02 14:00:00,2015-02-02 15:00:00,45.74,0.49627899999999997,15,0,2
Netherlands,2023-09-15 05:00:00,2023-09-15 07:00:00,145.93,1.5833405,7,4,9
Netherlands,2023-09-27 11:00:00,2023-09-27 13:00:00,87.34,0.947639,13,2,9
Netherlands,2022-09-04 19:00:00,2022-09-04 21:00:00,445.0,4.82825,21,6,9
Netherlands,2022-10-29 23:00:00,2022-10-30 01:00:00,100.49,1.0903165,1,6,10
Netherlands,2023-08-13 23:00:00,2023-08-14 01:00:00,89.63,0.9724854999999999,1,0,8
Netherlands,2018-11-14 08:00:00,2018-11-14 09:00:00,69.87,0.7580895000000001,9,2,11
Netherlands,21/01/2024 23:00,2024-01-22 00:00:00,44.08,0.47826799999999997,0,0,1
Netherlands,2015-05-19 07:00:00,2015-05-19 09:00:00,47.44,0.514724,9,1,5
Netherlands,2016-09-08 02:00:00,2016-09-08 04:00:00,23.1,0.250635,4,3,9
Netherlands,2021-04-15 20:00:00,2021-04-15 22:00:00,50.92,0.5524819999999999,22,3,4
Netherlands,2020-02-20 15:00:00,2020-02-20 16:00:00,27.62,0.299677,16,3,2
Netherlands,2015-11-24 16:00:00,2015-11-24 17:00:00,60.0,0.651,17,1,11
Netherlands,2016-11-25 03:00:00,2016-11-25 04:00:00,31.18,0.338303,4,4,11
Netherlands,2019-03-16 01:00:00,2019-03-16 02:00:00,39.9,0.43291499999999994,2,5,3
Netherlands,2023-04-24 04:00:00,2023-04-24 06:00:00,114.6,1.24341,6,0,4
Netherlands,15/11/2024 11:00,2024-11-15 12:00:00,121.64,1.319794,12,4,11
Netherlands,2018-09-24 10:00:00,2018-09-24 12:00:00,53.0,0.57505,12,0,9
Netherlands,2023-07-13 09:00:00,2023-07-13 11:00:00,80.0,0.868,11,3,7
Netherlands,2018-06-12 07:00:00,2018-06-12 09:00:00,59.27,0.6430795,9,1,6
Netherlands,25/08/2024 00:00,2024-08-25 02:00:00,0.0,0.0,2,6,8
Netherlands,2023-07-28 10:00:00,2023-07-28 12:00:00,83.35,0.9043474999999999,12,4,7
Netherlands,2017-12-28 08:00:00,2017-12-28 09:00:00,54.4,0.59024,9,3,12
Netherlands,16/11/2024 18:00,2024-11-16 19:00:00,111.0,1.2043499999999998,19,5,11
Netherlands,2017-07-07 08:00:00,2017-07-07 10:00:00,44.61,0.48401849999999996,10,4,7
Netherlands,2019-11-12 00:00:00,2019-11-12 01:00:00,36.0,0.39059999999999995,1,1,11
Netherlands,2019-10-25 02:00:00,2019-10-25 04:00:00,25.2,0.27341999999999994,4,4,10
Netherlands,01/03/2024 03:00,2024-03-01 04:00:00,58.3,0.632555,4,4,3
Netherlands,2015-06-04 04:00:00,2015-06-04 06:00:00,41.08,0.44571799999999995,6,3,6
Netherlands,10/06/2024 02:00,2024-06-10 04:00:00,59.57,0.6463344999999999,4,0,6
Netherlands,2019-10-23 19:00:00,2019-10-23 21:00:00,38.17,0.41414449999999997,21,2,10
Netherlands,28/09/2024 13:00,2024-09-28 15:00:00,0.06,0.0006509999999999999,15,5,9
Netherlands,2022-03-20 02:00:00,2022-03-20 03:00:00,150.0,1.6275,3,6,3
Netherlands,2022-07-20 06:00:00,2022-07-20 08:00:00,349.0,3.7866500000000003,8,2,7
Netherlands,2021-12-19 20:00:00,2021-12-19 21:00:00,319.9,3.4709149999999993,21,6,12
Netherlands,2015-03-29 19:00:00,2015-03-29 21:00:00,34.94,0.37909899999999996,21,6,3
Netherlands,2018-05-23 23:00:00,2018-05-24 01:00:00,35.26,0.382571,1,3,5
Netherlands,2016-06-17 05:00:00,2016-06-17 07:00:00,35.3,0.38300499999999993,7,4,6
Netherlands,22/02/2024 23:00,2024-02-23 00:00:00,9.28,0.10068799999999999,0,4,2
Netherlands,2023-05-15 22:00:00,2023-05-16 00:00:00,78.96,0.8567159999999999,0,1,5
Netherlands,2023-07-22 16:00:00,2023-07-22 18:00:00,85.44,0.927024,18,5,7
Netherlands,2018-02-20 11:00:00,2018-02-20 12:00:00,53.38,0.579173,12,1,2
Netherlands,2017-07-02 16:00:00,2017-07-02 18:00:00,33.27,0.3609795,18,6,7
Netherlands,2017-12-06 07:00:00,2017-12-06 08:00:00,62.62,0.6794269999999999,8,2,12
Netherlands,2017-04-28 11:00:00,2017-04-28 13:00:00,34.9,0.378665,13,4,4
Netherlands,2021-12-24 19:00:00,2021-12-24 20:00:00,303.27,3.2904795,20,4,12
Netherlands,2017-05-28 12:00:00,2017-05-28 14:00:00,28.14,0.305319,14,6,5
Netherlands,2018-01-04 16:00:00,2018-01-04 17:00:00,52.4,0.5685399999999999,17,3,1
Netherlands,2021-01-22 22:00:00,2021-01-22 23:00:00,45.0,0.48825,23,4,1
Netherlands,2023-06-10 15:00:00,2023-06-10 17:00:00,44.5,0.482825,17,5,6
Netherlands,2019-05-20 05:00:00,2019-05-20 07:00:00,60.4,0.6553399999999999,7,0,5
Netherlands,2020-07-22 20:00:00,2020-07-22 22:00:00,41.44,0.44962399999999997,22,2,7
Netherlands,2016-01-02 03:00:00,2016-01-02 04:00:00,11.27,0.12227949999999999,4,5,1
Netherlands,2019-04-19 00:00:00,2019-04-19 02:00:00,36.7,0.39819499999999997,2,4,4
Netherlands,11/03/2024 14:00,2024-03-11 15:00:00,73.5,0.797475,15,0,3
Netherlands,01/11/2024 00:00,2024-11-01 01:00:00,116.0,1.2586,1,4,11
Netherlands,2016-12-11 14:00:00,2016-12-11 15:00:00,32.4,0.35153999999999996,15,6,12
Netherlands,2015-05-13 14:00:00,2015-05-13 16:00:00,42.44,0.46047399999999994,16,2,5
Netherlands,2017-11-20 10:00:00,2017-11-20 11:00:00,55.37,0.6007645,11,0,11
Netherlands,2016-05-01 10:00:00,2016-05-01 12:00:00,20.0,0.217,12,6,5
Netherlands,2023-03-14 22:00:00,2023-03-14 23:00:00,144.6,1.5689099999999998,23,1,3
Netherlands,2023-09-24 06:00:00,2023-09-24 08:00:00,81.28,0.881888,8,6,9
Netherlands,2015-05-18 16:00:00,2015-05-18 18:00:00,47.44,0.514724,18,0,5
Netherlands,04/03/2024 07:00,2024-03-04 08:00:00,102.97,1.1172245,8,0,3
Netherlands,2023-04-05 17:00:00,2023-04-05 19:00:00,199.56,2.165226,19,2,4
Netherlands,2017-09-23 15:00:00,2017-09-23 17:00:00,37.22,0.403837,17,5,9
Netherlands,2016-02-07 19:00:00,2016-02-07 20:00:00,19.96,0.216566,20,6,2
Netherlands,2021-05-08 22:00:00,2021-05-09 00:00:00,15.02,0.16296699999999997,0,6,5
Netherlands,2022-11-22 18:00:00,2022-11-22 19:00:00,281.53,3.0546004999999994,19,1,11
Netherlands,2015-05-11 16:00:00,2015-05-11 18:00:00,52.28,0.5672379999999999,18,0,5
Netherlands,2023-02-02 10:00:00,2023-02-02 11:00:00,167.21,1.8142285,11,3,2
Netherlands,2017-10-13 06:00:00,2017-10-13 08:00:00,64.82,0.703297,8,4,10
Netherlands,2018-03-21 16:00:00,2018-03-21 17:00:00,57.95,0.6287575000000001,17,2,3
Netherlands,09/12/2023 13:00,2023-12-09 14:00:00,85.6,0.9287599999999999,14,5,12
Netherlands,2016-08-03 19:00:00,2016-08-03 21:00:00,30.33,0.3290805,21,2,8
Netherlands,15/06/2024 03:00,2024-06-15 05:00:00,19.89,0.2158065,5,5,6
Netherlands,2016-07-22 00:00:00,2016-07-22 02:00:00,27.1,0.29403500000000005,2,4,7
Netherlands,2022-10-25 22:00:00,2022-10-26 00:00:00,86.78,0.941563,0,2,10
Netherlands,2019-01-09 14:00:00,2019-01-09 15:00:00,53.95,0.5853575,15,2,1
Netherlands,2023-04-16 11:00:00,2023-04-16 13:00:00,98.16,1.0650359999999999,13,6,4
Netherlands,2017-10-04 19:00:00,2017-10-04 21:00:00,33.0,0.35805000000000003,21,2,10
Netherlands,2021-04-18 02:00:00,2021-04-18 04:00:00,61.02,0.662067,4,6,4
Netherlands,2015-08-21 10:00:00,2015-08-21 12:00:00,50.17,0.5443445,12,4,8
Netherlands,2016-09-25 08:00:00,2016-09-25 10:00:00,21.72,0.23566199999999998,10,6,9
Netherlands,2019-01-06 05:00:00,2019-01-06 06:00:00,48.19,0.5228615,6,6,1
Netherlands,2021-07-05 21:00:00,2021-07-05 23:00:00,94.58,1.026193,23,0,7
Netherlands,2021-06-26 19:00:00,2021-06-26 21:00:00,95.29,1.0338965,21,5,6
Netherlands,2015-07-25 21:00:00,2015-07-25 23:00:00,37.61,0.40806849999999995,23,5,7
Netherlands,2019-07-15 14:00:00,2019-07-15 16:00:00,38.49,0.41761650000000006,16,0,7
Netherlands,2018-02-10 22:00:00,2018-02-10 23:00:00,29.05,0.3151925,23,5,2
Netherlands,2022-11-12 13:00:00,2022-11-12 14:00:00,149.88,1.6261979999999998,14,5,11
Netherlands,2018-07-03 11:00:00,2018-07-03 13:00:00,62.26,0.6755209999999999,13,1,7
Netherlands,2015-12-03 00:00:00,2015-12-03 01:00:00,30.5,0.330925,1,3,12
Netherlands,2019-04-20 10:00:00,2019-04-20 12:00:00,26.91,0.2919735,12,5,4
Netherlands,2018-04-22 04:00:00,2018-04-22 06:00:00,22.15,0.2403275,6,6,4
Netherlands,2022-02-01 10:00:00,2022-02-01 11:00:00,222.0,2.4086999999999996,11,1,2
Netherlands,2015-05-14 16:00:00,2015-05-14 18:00:00,50.0,0.5425,18,3,5
Netherlands,2019-04-24 01:00:00,2019-04-24 03:00:00,32.9,0.356965,3,2,4
Netherlands,2019-04-25 14:00:00,2019-04-25 16:00:00,34.3,0.37215499999999996,16,3,4
Netherlands,2018-10-24 14:00:00,2018-10-24 16:00:00,64.47,0.6994995,16,2,10
Netherlands,26/10/2023 21:00,2023-10-26 23:00:00,104.85,1.1376225,23,3,10
Netherlands,09/12/2023 05:00,2023-12-09 06:00:00,76.04,0.825034,6,5,12
Netherlands,2018-09-12 13:00:00,2018-09-12 15:00:00,76.47,0.8296994999999999,15,2,9
Netherlands,2022-02-22 21:00:00,2022-02-22 22:00:00,133.0,1.44305,22,1,2
Netherlands,2019-04-06 00:00:00,2019-04-06 02:00:00,38.31,0.4156635,2,5,4
Netherlands,2018-06-05 21:00:00,2018-06-05 23:00:00,53.5,0.5804750000000001,23,1,6
Netherlands,2017-06-02 11:00:00,2017-06-02 13:00:00,35.08,0.380618,13,4,6
Netherlands,26/09/2024 04:00,2024-09-26 06:00:00,66.15,0.7177275000000001,6,3,9
Netherlands,2020-03-27 00:00:00,2020-03-27 01:00:00,19.0,0.20615,1,4,3
Netherlands,2017-10-20 16:00:00,2017-10-20 18:00:00,42.5,0.461125,18,4,10
Netherlands,2016-01-07 20:00:00,2016-01-07 21:00:00,32.44,0.351974,21,3,1
Netherlands,2019-12-17 08:00:00,2019-12-17 09:00:00,42.53,0.4614505,9,1,12
Netherlands,2019-06-25 15:00:00,2019-06-25 17:00:00,55.88,0.606298,17,1,6
Netherlands,2015-10-20 16:00:00,2015-10-20 18:00:00,44.5,0.482825,18,1,10
Netherlands,12/02/2024 12:00,2024-02-12 13:00:00,63.86,0.692881,13,0,2
Netherlands,2020-01-20 04:00:00,2020-01-20 05:00:00,33.12,0.35935199999999995,5,0,1
Netherlands,2015-04-25 05:00:00,2015-04-25 07:00:00,31.51,0.3418835,7,5,4
Netherlands,2023-07-17 14:00:00,2023-07-17 16:00:00,0.0,0.0,16,0,7
Netherlands,2021-03-21 15:00:00,2021-03-21 16:00:00,30.0,0.3255,16,6,3
Netherlands,2023-04-13 08:00:00,2023-04-13 10:00:00,83.4,0.90489,10,3,4
Netherlands,2022-03-31 07:00:00,2022-03-31 09:00:00,300.0,3.255,9,3,3
Netherlands,2022-11-03 15:00:00,2022-11-03 16:00:00,131.01,1.4214585,16,3,11
Netherlands,2016-01-14 20:00:00,2016-01-14 21:00:00,30.86,0.33483099999999993,21,3,1
Netherlands,2021-08-04 12:00:00,2021-08-04 14:00:00,90.83,0.9855055,14,2,8
Netherlands,2020-08-27 23:00:00,2020-08-28 01:00:00,30.16,0.32723599999999997,1,4,8
Netherlands,2017-11-10 19:00:00,2017-11-10 20:00:00,35.1,0.380835,20,4,11
Netherlands,2016-12-22 16:00:00,2016-12-22 17:00:00,55.7,0.604345,17,3,12
Netherlands,2023-03-15 04:00:00,2023-03-15 05:00:00,123.45,1.3394324999999998,5,2,3
Netherlands,2018-06-21 12:00:00,2018-06-21 14:00:00,45.0,0.48825,14,3,6
Netherlands,2023-07-09 08:00:00,2023-07-09 10:00:00,60.12,0.6523019999999999,10,6,7
Netherlands,2020-05-06 23:00:00,2020-05-07 01:00:00,19.03,0.2064755,1,3,5
Netherlands,2023-08-16 07:00:00,2023-08-16 09:00:00,109.51,1.1881835,9,2,8
Netherlands,2018-01-13 01:00:00,2018-01-13 02:00:00,36.11,0.3917935,2,5,1
Netherlands,2016-11-12 02:00:00,2016-11-12 03:00:00,34.94,0.37909899999999996,3,5,11
Netherlands,2020-03-30 01:00:00,2020-03-30 03:00:00,17.49,0.18976649999999998,3,0,3
Netherlands,2022-08-21 21:00:00,2022-08-21 23:00:00,570.11,6.1856935,23,6,8
Netherlands,2015-04-08 23:00:00,2015-04-09 01:00:00,31.74,0.34437899999999994,1,3,4
Netherlands,2015-07-07 17:00:00,2015-07-07 19:00:00,57.65,0.6255025,19,1,7
Netherlands,2016-09-12 17:00:00,2016-09-12 19:00:00,79.03,0.8574755000000001,19,0,9
Netherlands,2022-05-15 13:00:00,2022-05-15 15:00:00,39.58,0.42944299999999996,15,6,5
Netherlands,2016-08-11 01:00:00,2016-08-11 03:00:00,20.49,0.22231649999999997,3,3,8
Netherlands,22/02/2024 17:00,2024-02-22 18:00:00,59.95,0.6504575,18,3,2
Netherlands,2016-02-19 10:00:00,2016-02-19 11:00:00,38.89,0.4219565,11,4,2
Netherlands,2021-03-07 12:00:00,2021-03-07 13:00:00,42.4,0.46003999999999995,13,6,3
Netherlands,02/10/2024 17:00,2024-10-02 19:00:00,130.07,1.4112595,19,2,10
Netherlands,2017-09-18 18:00:00,2017-09-18 20:00:00,53.14,0.576569,20,0,9
Netherlands,2018-02-15 21:00:00,2018-02-15 22:00:00,37.57,0.4076345,22,3,2
Netherlands,2018-01-16 05:00:00,2018-01-16 06:00:00,31.2,0.33852,6,1,1
Netherlands,2021-09-29 19:00:00,2021-09-29 21:00:00,115.8,1.25643,21,2,9
Netherlands,2015-07-30 18:00:00,2015-07-30 20:00:00,64.53,0.7001505,20,3,7
Netherlands,2021-07-25 04:00:00,2021-07-25 06:00:00,49.08,0.5325179999999999,6,6,7
Netherlands,10/06/2024 20:00,2024-06-10 22:00:00,97.16,1.0541859999999998,22,0,6
Netherlands,2016-04-16 10:00:00,2016-04-16 12:00:00,20.23,0.21949549999999998,12,5,4
Netherlands,2023-04-02 10:00:00,2023-04-02 12:00:00,-1.0,-0.01085,12,6,4
Netherlands,2021-12-03 16:00:00,2021-12-03 17:00:00,280.0,3.038,17,4,12
Netherlands,2019-10-13 19:00:00,2019-10-13 21:00:00,25.1,0.272335,21,6,10
Netherlands,13/12/2024 20:00,2024-12-13 21:00:00,146.22,1.5864869999999998,21,4,12
Netherlands,2021-01-09 23:00:00,2021-01-10 00:00:00,51.72,0.5611619999999999,0,6,1
Netherlands,08/03/2024 20:00,2024-03-08 21:00:00,64.9,0.704165,21,4,3
Netherlands,2019-01-26 16:00:00,2019-01-26 17:00:00,55.95,0.6070575,17,5,1
Netherlands,2017-04-28 06:00:00,2017-04-28 08:00:00,44.89,0.48705649999999995,8,4,4
Netherlands,2015-04-03 12:00:00,2015-04-03 14:00:00,55.82,0.6056469999999999,14,4,4
Netherlands,2023-07-08 21:00:00,2023-07-08 23:00:00,115.92,1.257732,23,5,7
Netherlands,2017-11-13 08:00:00,2017-11-13 09:00:00,41.0,0.44484999999999997,9,0,11
Netherlands,2021-12-07 12:00:00,2021-12-07 13:00:00,189.9,2.060415,13,1,12
Netherlands,2019-03-22 05:00:00,2019-03-22 06:00:00,46.01,0.49920849999999994,6,4,3
Netherlands,2016-10-03 11:00:00,2016-10-03 13:00:00,26.17,0.2839445,13,0,10
Netherlands,2017-04-13 23:00:00,2017-04-14 01:00:00,31.17,0.3381945,1,4,4
Netherlands,2019-01-09 07:00:00,2019-01-09 08:00:00,66.69,0.7235865,8,2,1
Netherlands,2020-12-02 13:00:00,2020-12-02 14:00:00,90.0,0.9765,14,2,12
Netherlands,2019-01-02 08:00:00,2019-01-02 09:00:00,52.42,0.568757,9,2,1
Netherlands,30/11/2024 02:00,2024-11-30 03:00:00,86.62,0.939827,3,5,11
Netherlands,2023-02-03 08:00:00,2023-02-03 09:00:00,166.59,1.8075015,9,4,2
Netherlands,2018-03-23 15:00:00,2018-03-23 16:00:00,49.48,0.536858,16,4,3
Netherlands,2020-11-10 04:00:00,2020-11-10 05:00:00,35.46,0.384741,5,1,11
Netherlands,2020-05-06 05:00:00,2020-05-06 07:00:00,28.81,0.31258849999999994,7,2,5
Netherlands,2019-03-02 11:00:00,2019-03-02 12:00:00,43.9,0.47631499999999993,12,5,3
Netherlands,2020-06-05 16:00:00,2020-06-05 18:00:00,26.72,0.289912,18,4,6
Netherlands,2016-12-16 22:00:00,2016-12-16 23:00:00,36.32,0.394072,23,4,12
Netherlands,2021-03-10 13:00:00,2021-03-10 14:00:00,43.13,0.4679605,14,2,3
Netherlands,2019-12-16 02:00:00,2019-12-16 03:00:00,29.49,0.3199665,3,0,12
Netherlands,2015-01-27 08:00:00,2015-01-27 09:00:00,43.59,0.4729515,9,1,1
Netherlands,2019-06-06 14:00:00,2019-06-06 16:00:00,33.58,0.364343,16,3,6
Netherlands,2020-10-26 12:00:00,2020-10-26 13:00:00,42.99,0.4664415,13,0,10
Netherlands,2022-11-06 18:00:00,2022-11-06 19:00:00,150.0,1.6275,19,6,11
Netherlands,2016-02-03 11:00:00,2016-02-03 12:00:00,25.69,0.2787365,12,2,2
Netherlands,2023-02-13 14:00:00,2023-02-13 15:00:00,121.0,1.3128499999999999,15,0,2
Netherlands,2017-06-21 01:00:00,2017-06-21 03:00:00,30.87,0.3349395,3,2,6
Netherlands,2017-10-08 01:00:00,2017-10-08 03:00:00,31.4,0.34069,3,6,10
Netherlands,2020-07-19 03:00:00,2020-07-19 05:00:00,25.06,0.27190099999999995,5,6,7
Netherlands,2016-10-01 08:00:00,2016-10-01 10:00:00,39.55,0.42911749999999993,10,5,10
Netherlands,2018-09-23 11:00:00,2018-09-23 13:00:00,56.06,0.608251,13,6,9
Netherlands,2016-11-04 18:00:00,2016-11-04 19:00:00,49.73,0.5395705,19,4,11
Netherlands,2019-12-01 05:00:00,2019-12-01 06:00:00,36.13,0.39201050000000004,6,6,12
Netherlands,2022-05-08 19:00:00,2022-05-08 21:00:00,238.35,2.5860974999999997,21,6,5
Netherlands,2023-01-07 14:00:00,2023-01-07 15:00:00,86.9,0.9428650000000001,15,5,1
Netherlands,30/10/2023 09:00,2023-10-30 10:00:00,90.0,0.9765,10,0,10
Netherlands,2021-07-19 15:00:00,2021-07-19 17:00:00,93.7,1.016645,17,0,7
Netherlands,2016-01-01 12:00:00,2016-01-01 13:00:00,26.59,0.28850149999999997,13,4,1
Netherlands,2023-03-21 07:00:00,2023-03-21 08:00:00,143.43,1.5562155,8,1,3
Netherlands,2023-09-30 16:00:00,2023-09-30 18:00:00,133.73,1.4509705,18,5,9
Netherlands,2017-05-31 00:00:00,2017-05-31 02:00:00,27.28,0.295988,2,2,5
Netherlands,2019-02-10 19:00:00,2019-02-10 20:00:00,49.73,0.5395705,20,6,2
Netherlands,2016-11-07 05:00:00,2016-11-07 06:00:00,34.36,0.37280599999999997,6,0,11
Netherlands,2022-09-04 00:00:00,2022-09-04 02:00:00,194.96,2.115316,2,6,9
Netherlands,05/10/2023 19:00,2023-10-05 21:00:00,109.93,1.1927405000000002,21,3,10
Netherlands,2018-08-28 11:00:00,2018-08-28 13:00:00,67.0,0.72695,13,1,8
Netherlands,2018-07-04 10:00:00,2018-07-04 12:00:00,71.36,0.7742559999999999,12,2,7
Netherlands,2016-03-20 17:00:00,2016-03-20 18:00:00,26.0,0.28209999999999996,18,6,3
Netherlands,2017-09-18 09:00:00,2017-09-18 11:00:00,48.7,0.528395,11,0,9
Netherlands,2021-05-04 06:00:00,2021-05-04 08:00:00,52.8,0.57288,8,1,5
Netherlands,02/03/2024 00:00,2024-03-02 01:00:00,56.03,0.6079254999999999,1,5,3
Netherlands,2018-10-24 17:00:00,2018-10-24 19:00:00,75.0,0.81375,19,2,10
Netherlands,2023-05-13 03:00:00,2023-05-13 05:00:00,97.83,1.0614555,5,5,5
Netherlands,2020-04-08 00:00:00,2020-04-08 02:00:00,19.34,0.209839,2,2,4
Netherlands,2022-11-16 18:00:00,2022-11-16 19:00:00,202.07,2.1924595,19,2,11
Netherlands,2023-09-03 15:00:00,2023-09-03 17:00:00,95.1,1.0318349999999998,17,6,9
Netherlands,2018-09-24 13:00:00,2018-09-24 15:00:00,53.4,0.57939,15,0,9
Netherlands,2022-08-22 02:00:00,2022-08-22 04:00:00,450.02,4.8827169999999995,4,0,8
Netherlands,2018-06-03 15:00:00,2018-06-03 17:00:00,43.99,0.4772915,17,6,6
Netherlands,2015-02-11 19:00:00,2015-02-11 20:00:00,55.62,0.6034769999999999,20,2,2
Netherlands,2018-12-01 11:00:00,2018-12-01 12:00:00,70.65,0.7665525,12,5,12
Netherlands,2020-10-15 10:00:00,2020-10-15 12:00:00,35.0,0.37975,12,3,10
Netherlands,2018-08-02 23:00:00,2018-08-03 01:00:00,51.14,0.5548690000000001,1,4,8
Netherlands,13/07/2024 20:00,2024-07-13 22:00:00,79.27,0.8600794999999999,22,5,7
Netherlands,2017-06-19 21:00:00,2017-06-19 23:00:00,36.66,0.397761,23,0,6
Netherlands,2017-05-07 08:00:00,2017-05-07 10:00:00,30.33,0.3290805,10,6,5
Netherlands,2018-02-08 20:00:00,2018-02-08 21:00:00,37.6,0.40796,21,3,2
Netherlands,2023-01-31 01:00:00,2023-01-31 02:00:00,108.63,1.1786355,2,1,1
Netherlands,2015-07-07 22:00:00,2015-07-08 00:00:00,28.48,0.309008,0,2,7
Netherlands,2018-06-08 04:00:00,2018-06-08 06:00:00,52.29,0.5673465,6,4,6
Netherlands,2020-04-24 06:00:00,2020-04-24 08:00:00,30.77,0.3338545,8,4,4
Netherlands,2016-07-29 15:00:00,2016-07-29 17:00:00,29.11,0.3158435,17,4,7
Netherlands,2021-05-11 05:00:00,2021-05-11 07:00:00,85.99,0.9329914999999999,7,1,5
Netherlands,06/01/2025 00:00,2025-01-06 01:00:00,9.65,0.1047025,1,0,1
Netherlands,2022-02-24 07:00:00,2022-02-24 08:00:00,238.1,2.583385,8,3,2
Netherlands,2017-10-17 04:00:00,2017-10-17 06:00:00,36.92,0.400582,6,1,10
Netherlands,2022-07-20 13:00:00,2022-07-20 15:00:00,295.58,3.2070429999999996,15,2,7
Netherlands,2019-09-17 21:00:00,2019-09-17 23:00:00,30.03,0.3258255,23,1,9
Netherlands,2023-03-15 16:00:00,2023-03-15 17:00:00,150.8,1.63618,17,2,3
Netherlands,2016-07-15 11:00:00,2016-07-15 13:00:00,40.4,0.43833999999999995,13,4,7
Netherlands,2015-06-24 23:00:00,2015-06-25 01:00:00,34.01,0.36900849999999996,1,3,6
Netherlands,2022-12-26 08:00:00,2022-12-26 09:00:00,53.57,0.5812345,9,0,12
Netherlands,2020-05-13 06:00:00,2020-05-13 08:00:00,32.85,0.35642250000000003,8,2,5
Netherlands,17/08/2024 09:00,2024-08-17 11:00:00,48.0,0.5207999999999999,11,5,8
Netherlands,2017-09-14 00:00:00,2017-09-14 02:00:00,32.0,0.3472,2,3,9
Netherlands,08/12/2023 06:00,2023-12-08 07:00:00,107.54,1.166809,7,4,12
Netherlands,2020-11-25 05:00:00,2020-11-25 06:00:00,42.9,0.46546499999999996,6,2,11
Netherlands,2018-03-15 23:00:00,2018-03-16 00:00:00,43.7,0.47414500000000004,0,4,3
Netherlands,2017-01-18 02:00:00,2017-01-18 03:00:00,34.18,0.370853,3,2,1
Netherlands,2016-10-15 02:00:00,2016-10-15 04:00:00,26.28,0.285138,4,5,10
Netherlands,2016-10-07 01:00:00,2016-10-07 03:00:00,27.67,0.3002195,3,4,10
Netherlands,2023-09-27 16:00:00,2023-09-27 18:00:00,179.9,1.951915,18,2,9
Netherlands,2015-09-13 18:00:00,2015-09-13 20:00:00,40.22,0.436387,20,6,9
Netherlands,2016-12-21 06:00:00,2016-12-21 07:00:00,46.97,0.5096244999999999,7,2,12
Netherlands,2015-01-30 16:00:00,2015-01-30 17:00:00,46.69,0.5065864999999999,17,4,1
Netherlands,2020-04-11 10:00:00,2020-04-11 12:00:00,12.33,0.1337805,12,5,4
Netherlands,2023-01-20 17:00:00,2023-01-20 18:00:00,208.4,2.2611399999999997,18,4,1
Netherlands,2020-12-10 04:00:00,2020-12-10 05:00:00,42.5,0.461125,5,3,12
Netherlands,2021-11-05 15:00:00,2021-11-05 16:00:00,199.96,2.1695659999999997,16,4,11
Netherlands,2020-04-19 14:00:00,2020-04-19 16:00:00,-2.07,-0.022459499999999997,16,6,4
Netherlands,2017-12-12 20:00:00,2017-12-12 21:00:00,40.95,0.4443075,21,1,12
Netherlands,2020-07-17 09:00:00,2020-07-17 11:00:00,41.38,0.448973,11,4,7
Netherlands,2022-11-06 17:00:00,2022-11-06 18:00:00,149.9,1.626415,18,6,11
Netherlands,2017-10-28 09:00:00,2017-10-28 11:00:00,54.12,0.587202,11,5,10
Netherlands,2020-12-18 11:00:00,2020-12-18 12:00:00,40.75,0.44213749999999996,12,4,12
Netherlands,2016-04-25 11:00:00,2016-04-25 13:00:00,29.51,0.32018349999999995,13,0,4
Netherlands,2016-02-17 17:00:00,2016-02-17 18:00:00,41.0,0.44484999999999997,18,2,2
Netherlands,2021-03-25 05:00:00,2021-03-25 06:00:00,68.8,0.7464799999999999,6,3,3
Netherlands,03/07/2024 09:00,2024-07-03 11:00:00,90.41,0.9809485,11,2,7
Netherlands,2022-08-28 05:00:00,2022-08-28 07:00:00,441.91,4.7947235,7,6,8
Netherlands,2015-07-10 08:00:00,2015-07-10 10:00:00,41.54,0.450709,10,4,7
Netherlands,2021-06-09 10:00:00,2021-06-09 12:00:00,68.22,0.740187,12,2,6
Netherlands,2015-03-17 15:00:00,2015-03-17 16:00:00,40.42,0.43855700000000003,16,1,3
Netherlands,2021-01-18 12:00:00,2021-01-18 13:00:00,46.0,0.4991,13,0,1
Netherlands,2019-07-23 23:00:00,2019-07-24 01:00:00,39.65,0.4302025,1,2,7
Netherlands,05/10/2024 09:00,2024-10-05 11:00:00,60.0,0.651,11,5,10
Netherlands,2020-06-03 21:00:00,2020-06-03 23:00:00,23.99,0.2602915,23,2,6
Netherlands,2022-06-02 01:00:00,2022-06-02 03:00:00,161.96,1.757266,3,3,6
Netherlands,2018-05-06 22:00:00,2018-05-07 00:00:00,60.41,0.6554485,0,0,5
Netherlands,2019-10-28 15:00:00,2019-10-28 16:00:00,54.99,0.5966414999999999,16,0,10
Netherlands,2022-04-29 18:00:00,2022-04-29 20:00:00,265.87,2.8846895,20,4,4
Netherlands,2019-01-04 16:00:00,2019-01-04 17:00:00,89.9,0.975415,17,4,1
Netherlands,2021-04-28 12:00:00,2021-04-28 14:00:00,48.25,0.5235124999999999,14,2,4
Netherlands,2015-02-27 00:00:00,2015-02-27 01:00:00,39.29,0.42629649999999997,1,4,2
Netherlands,2017-06-08 22:00:00,2017-06-09 00:00:00,28.18,0.305753,0,4,6
Netherlands,2022-03-28 07:00:00,2022-03-28 09:00:00,197.49,2.1427665,9,0,3
Netherlands,27/02/2024 02:00,2024-02-27 03:00:00,56.87,0.6170395,3,1,2
Netherlands,2023-06-19 19:00:00,2023-06-19 21:00:00,175.78,1.907213,21,0,6
Netherlands,2015-12-08 00:00:00,2015-12-08 01:00:00,28.05,0.30434249999999996,1,1,12
Netherlands,27/12/2023 08:00,2023-12-27 09:00:00,80.54,0.873859,9,2,12
Netherlands,2019-08-29 22:00:00,2019-08-30 00:00:00,34.33,0.37248049999999994,0,4,8
Netherlands,2015-10-21 05:00:00,2015-10-21 07:00:00,49.96,0.542066,7,2,10
Netherlands,2017-05-11 14:00:00,2017-05-11 16:00:00,33.79,0.3666215,16,3,5
Netherlands,2017-10-17 15:00:00,2017-10-17 17:00:00,63.7,0.691145,17,1,10
Netherlands,2023-04-26 06:00:00,2023-04-26 08:00:00,135.0,1.46475,8,2,4
Netherlands,2021-09-17 18:00:00,2021-09-17 20:00:00,185.2,2.00942,20,4,9
Netherlands,2020-04-28 06:00:00,2020-04-28 08:00:00,27.31,0.29631349999999995,8,1,4
Netherlands,27/06/2024 21:00,2024-06-27 23:00:00,99.48,1.079358,23,3,6
Netherlands,2021-12-10 04:00:00,2021-12-10 05:00:00,200.02,2.170217,5,4,12
Netherlands,2021-11-15 16:00:00,2021-11-15 17:00:00,300.01,3.2551085,17,0,11
Netherlands,23/08/2024 07:00,2024-08-23 09:00:00,1.26,0.013670999999999999,9,4,8
Netherlands,2020-02-16 20:00:00,2020-02-16 21:00:00,30.0,0.3255,21,6,2
Netherlands,2021-04-10 04:00:00,2021-04-10 06:00:00,46.68,0.506478,6,5,4
Netherlands,2016-09-04 14:00:00,2016-09-04 16:00:00,21.26,0.23067100000000001,16,6,9
Netherlands,2021-02-21 09:00:00,2021-02-21 10:00:00,31.45,0.34123249999999994,10,6,2
Netherlands,2022-11-30 04:00:00,2022-11-30 05:00:00,290.0,3.1465,5,2,11
Netherlands,2021-05-18 08:00:00,2021-05-18 10:00:00,82.42,0.894257,10,1,5
Netherlands,2020-01-27 08:00:00,2020-01-27 09:00:00,38.9,0.422065,9,0,1
Netherlands,14/11/2023 18:00,2023-11-14 19:00:00,116.97,1.2691245,19,1,11
Netherlands,2021-03-25 15:00:00,2021-03-25 16:00:00,45.5,0.49367500000000003,16,3,3
Netherlands,2015-01-07 07:00:00,2015-01-07 08:00:00,47.91,0.5198235,8,2,1
Netherlands,2021-10-16 17:00:00,2021-10-16 19:00:00,253.06,2.745701,19,5,10
Netherlands,31/08/2024 09:00,2024-08-31 11:00:00,18.34,0.198989,11,5,8
Netherlands,09/11/2024 04:00,2024-11-09 05:00:00,100.6,1.09151,5,5,11
Netherlands,2016-06-28 21:00:00,2016-06-28 23:00:00,28.34,0.30748899999999996,23,1,6
Netherlands,2015-10-17 12:00:00,2015-10-17 14:00:00,38.88,0.421848,14,5,10
Netherlands,2018-11-04 06:00:00,2018-11-04 07:00:00,50.6,0.54901,7,6,11
Netherlands,18/04/2024 14:00,2024-04-18 16:00:00,65.24,0.707854,16,3,4
Netherlands,2015-12-10 09:00:00,2015-12-10 10:00:00,35.0,0.37975,10,3,12
Netherlands,2018-02-14 16:00:00,2018-02-14 17:00:00,48.0,0.5207999999999999,17,2,2
Netherlands,2016-11-07 11:00:00,2016-11-07 12:00:00,41.76,0.45309599999999994,12,0,11
Netherlands,2016-05-24 14:00:00,2016-05-24 16:00:00,29.12,0.315952,16,1,5
Netherlands,2015-01-19 12:00:00,2015-01-19 13:00:00,47.95,0.5202575,13,0,1
Netherlands,2022-05-27 23:00:00,2022-05-28 01:00:00,163.7,1.7761449999999999,1,5,5
Netherlands,2020-12-22 20:00:00,2020-12-22 21:00:00,42.28,0.458738,21,1,12
Netherlands,2021-06-26 11:00:00,2021-06-26 13:00:00,68.97,0.7483245,13,5,6
Netherlands,04/10/2024 15:00,2024-10-04 17:00:00,104.42,1.1329569999999998,17,4,10
Netherlands,2021-01-28 14:00:00,2021-01-28 15:00:00,46.1,0.500185,15,3,1
Netherlands,2021-08-16 11:00:00,2021-08-16 13:00:00,65.53,0.7110005,13,0,8
Netherlands,2021-06-13 01:00:00,2021-06-13 03:00:00,107.0,1.1609500000000001,3,6,6
Netherlands,2019-11-08 05:00:00,2019-11-08 06:00:00,44.9,0.48716499999999996,6,4,11
Netherlands,2021-11-29 08:00:00,2021-11-29 09:00:00,289.23,3.1381455000000003,9,0,11
Netherlands,2022-06-15 02:00:00,2022-06-15 04:00:00,173.18,1.879003,4,2,6
Netherlands,2016-03-06 21:00:00,2016-03-06 22:00:00,27.44,0.297724,22,6,3
Netherlands,2016-05-06 13:00:00,2016-05-06 15:00:00,24.94,0.270599,15,4,5
Netherlands,2022-12-22 08:00:00,2022-12-22 09:00:00,228.17,2.4756445,9,3,12
Netherlands,2020-12-21 07:00:00,2020-12-21 08:00:00,55.14,0.598269,8,0,12
Netherlands,2015-03-19 05:00:00,2015-03-19 06:00:00,41.96,0.455266,6,3,3
Netherlands,2016-11-14 15:00:00,2016-11-14 16:00:00,60.54,0.656859,16,0,11
Netherlands,2019-01-19 07:00:00,2019-01-19 08:00:00,60.46,0.655991,8,5,1
Netherlands,2023-03-21 00:00:00,2023-03-21 01:00:00,112.28,1.2182380000000002,1,1,3
Netherlands,13/02/2024 02:00,2024-02-13 03:00:00,60.49,0.6563165,3,1,2
Netherlands,2018-11-24 20:00:00,2018-11-24 21:00:00,69.03,0.7489755,21,5,11
Netherlands,2023-08-09 17:00:00,2023-08-09 19:00:00,114.4,1.24124,19,2,8
Netherlands,2019-04-23 20:00:00,2019-04-23 22:00:00,44.14,0.478919,22,1,4
Netherlands,30/12/2024 05:00,2024-12-30 06:00:00,73.63,0.7988855,6,0,12
Netherlands,2020-10-23 20:00:00,2020-10-23 22:00:00,35.0,0.37975,22,4,10
Netherlands,2015-04-27 01:00:00,2015-04-27 03:00:00,28.0,0.3038,3,0,4
Netherlands,2022-08-16 16:00:00,2022-08-16 18:00:00,521.2,5.65502,18,1,8
Netherlands,12/04/2024 18:00,2024-04-12 20:00:00,112.9,1.2249649999999999,20,4,4
Netherlands,2017-10-24 18:00:00,2017-10-24 20:00:00,33.0,0.35805000000000003,20,1,10
Netherlands,2015-10-07 21:00:00,2015-10-07 23:00:00,34.78,0.377363,23,2,10
Netherlands,2021-09-24 05:00:00,2021-09-24 07:00:00,186.85,2.0273225,7,4,9
Netherlands,07/06/2024 17:00,2024-06-07 19:00:00,102.0,1.1067,19,4,6
Netherlands,2015-04-24 15:00:00,2015-04-24 17:00:00,55.0,0.59675,17,4,4
Netherlands,2018-08-23 08:00:00,2018-08-23 10:00:00,67.61,0.7335685,10,3,8
Netherlands,2015-02-28 21:00:00,2015-02-28 22:00:00,40.0,0.434,22,5,2
Netherlands,2015-03-03 16:00:00,2015-03-03 17:00:00,50.78,0.550963,17,1,3
Netherlands,2023-03-25 21:00:00,2023-03-25 22:00:00,98.0,1.0633,22,5,3
Netherlands,2016-04-02 12:00:00,2016-04-02 14:00:00,20.0,0.217,14,5,4
Netherlands,2022-04-06 12:00:00,2022-04-06 14:00:00,177.3,1.9237050000000002,14,2,4
Netherlands,2020-06-04 15:00:00,2020-06-04 17:00:00,26.38,0.28622299999999995,17,3,6
Netherlands,2015-02-14 21:00:00,2015-02-14 22:00:00,42.71,0.4634035,22,5,2
Netherlands,2017-02-24 08:00:00,2017-02-24 09:00:00,39.99,0.4338915,9,4,2
Netherlands,2018-07-15 13:00:00,2018-07-15 15:00:00,41.11,0.4460435,15,6,7
Netherlands,16/04/2024 16:00,2024-04-16 18:00:00,87.3,0.947205,18,1,4
Netherlands,2016-01-03 20:00:00,2016-01-03 21:00:00,22.11,0.23989349999999998,21,6,1
Netherlands,2019-07-21 20:00:00,2019-07-21 22:00:00,46.62,0.5058269999999999,22,6,7
Netherlands,2018-02-21 15:00:00,2018-02-21 16:00:00,47.41,0.5143984999999999,16,2,2
Netherlands,2023-01-13 00:00:00,2023-01-13 01:00:00,17.2,0.18661999999999998,1,4,1
Netherlands,2018-05-06 04:00:00,2018-05-06 06:00:00,16.52,0.17924199999999998,6,6,5
Netherlands,2018-08-18 19:00:00,2018-08-18 21:00:00,65.04,0.7056840000000001,21,5,8
Netherlands,2021-10-21 03:00:00,2021-10-21 05:00:00,47.74,0.5179790000000001,5,3,10
Netherlands,2018-05-07 17:00:00,2018-05-07 19:00:00,60.0,0.651,19,0,5
Netherlands,2023-09-30 11:00:00,2023-09-30 13:00:00,5.0,0.05425,13,5,9
Netherlands,2023-02-13 20:00:00,2023-02-13 21:00:00,168.92,1.8327819999999997,21,0,2
Netherlands,2016-06-09 22:00:00,2016-06-10 00:00:00,27.35,0.2967475,0,4,6
Netherlands,2016-06-13 19:00:00,2016-06-13 21:00:00,35.22,0.382137,21,0,6
Netherlands,2023-05-31 14:00:00,2023-05-31 16:00:00,20.2,0.21916999999999998,16,2,5
Netherlands,2021-03-26 17:00:00,2021-03-26 18:00:00,62.43,0.6773655,18,4,3
Netherlands,2019-01-30 00:00:00,2019-01-30 01:00:00,46.36,0.503006,1,2,1
Netherlands,2019-11-19 07:00:00,2019-11-19 08:00:00,44.86,0.48673099999999997,8,1,11
Netherlands,2020-08-31 03:00:00,2020-08-31 05:00:00,34.39,0.3731315,5,0,8
Netherlands,2017-09-26 20:00:00,2017-09-26 22:00:00,38.16,0.41403599999999996,22,1,9
Netherlands,05/11/2023 13:00,2023-11-05 14:00:00,33.37,0.36206449999999996,14,6,11
Netherlands,2020-11-17 03:00:00,2020-11-17 04:00:00,25.42,0.275807,4,1,11
Netherlands,2015-01-10 10:00:00,2015-01-10 11:00:00,51.05,0.5538924999999999,11,5,1
Netherlands,2021-01-10 13:00:00,2021-01-10 14:00:00,53.18,0.5770029999999999,14,6,1
Netherlands,2020-11-04 19:00:00,2020-11-04 20:00:00,43.26,0.469371,20,2,11
Netherlands,2016-12-10 16:00:00,2016-12-10 17:00:00,54.94,0.5960989999999999,17,5,12
Netherlands,2016-05-13 05:00:00,2016-05-13 07:00:00,36.14,0.392119,7,4,5
Netherlands,2021-02-01 13:00:00,2021-02-01 14:00:00,64.0,0.6944,14,0,2
Netherlands,2020-09-21 18:00:00,2020-09-21 20:00:00,98.13,1.0647105,20,0,9
Netherlands,21/03/2024 01:00,2024-03-21 02:00:00,70.0,0.7595,2,3,3
Netherlands,2021-01-29 03:00:00,2021-01-29 04:00:00,36.46,0.395591,4,4,1
Netherlands,2015-11-10 09:00:00,2015-11-10 10:00:00,33.11,0.3592435,10,1,11
Netherlands,2019-12-22 21:00:00,2019-12-22 22:00:00,32.62,0.353927,22,6,12
Netherlands,2019-10-04 06:00:00,2019-10-04 08:00:00,50.06,0.5431509999999999,8,4,10
Netherlands,2015-10-07 06:00:00,2015-10-07 08:00:00,54.24,0.588504,8,2,10
Netherlands,2017-04-29 21:00:00,2017-04-29 23:00:00,31.48,0.341558,23,5,4
Netherlands,11/06/2024 20:00,2024-06-11 22:00:00,107.05,1.1614924999999998,22,1,6
Netherlands,2016-06-09 05:00:00,2016-06-09 07:00:00,33.95,0.3683575,7,3,6
Netherlands,2017-05-17 12:00:00,2017-05-17 14:00:00,36.7,0.39819499999999997,14,2,5
Netherlands,2015-10-24 22:00:00,2015-10-25 00:00:00,28.76,0.312046,0,6,10
Netherlands,2021-01-01 16:00:00,2021-01-01 17:00:00,60.26,0.6538209999999999,17,4,1
Netherlands,2017-02-17 00:00:00,2017-02-17 01:00:00,31.69,0.3438365,1,4,2
Netherlands,2023-03-06 17:00:00,2023-03-06 18:00:00,160.0,1.736,18,0,3
Netherlands,2017-10-06 01:00:00,2017-10-06 03:00:00,30.0,0.3255,3,4,10
Netherlands,2020-04-20 18:00:00,2020-04-20 20:00:00,36.15,0.39222749999999995,20,0,4
Netherlands,2018-07-06 09:00:00,2018-07-06 11:00:00,61.58,0.6681429999999999,11,4,7
Netherlands,2015-04-13 01:00:00,2015-04-13 03:00:00,31.1,0.337435,3,0,4
Netherlands,2019-03-23 04:00:00,2019-03-23 05:00:00,34.6,0.37541,5,5,3
Netherlands,2023-01-28 17:00:00,2023-01-28 18:00:00,168.0,1.8228,18,5,1
Netherlands,05/11/2024 16:00,2024-11-05 17:00:00,472.99,5.1319415,17,1,11
Netherlands,2018-12-15 12:00:00,2018-12-15 13:00:00,60.63,0.6578355,13,5,12
Netherlands,2016-03-17 17:00:00,2016-03-17 18:00:00,38.81,0.42108850000000003,18,3,3
Netherlands,2016-01-25 19:00:00,2016-01-25 20:00:00,26.8,0.29078,20,0,1
Netherlands,2021-05-03 07:00:00,2021-05-03 09:00:00,67.32,0.7304219999999999,9,0,5
Netherlands,2023-04-08 06:00:00,2023-04-08 08:00:00,130.75,1.4186375,8,5,4
Netherlands,2016-05-05 02:00:00,2016-05-05 04:00:00,19.79,0.21472149999999998,4,3,5
Netherlands,2022-08-31 05:00:00,2022-08-31 07:00:00,492.31,5.3415635,7,2,8
Netherlands,2017-02-24 06:00:00,2017-02-24 07:00:00,40.0,0.434,7,4,2
Netherlands,2016-12-06 17:00:00,2016-12-06 18:00:00,82.71,0.8974034999999999,18,1,12
Netherlands,2022-07-13 11:00:00,2022-07-13 13:00:00,225.0,2.44125,13,2,7
Netherlands,2017-01-31 16:00:00,2017-01-31 17:00:00,95.0,1.03075,17,1,1
Netherlands,2016-01-27 10:00:00,2016-01-27 11:00:00,40.1,0.435085,11,2,1
Netherlands,2015-08-11 18:00:00,2015-08-11 20:00:00,47.27,0.5128795,20,1,8
Netherlands,2015-05-26 22:00:00,2015-05-27 00:00:00,26.42,0.286657,0,2,5
Netherlands,2019-02-27 22:00:00,2019-02-27 23:00:00,37.4,0.40579,23,2,2
Netherlands,2022-05-25 13:00:00,2022-05-25 15:00:00,100.0,1.085,15,2,5
Netherlands,2019-04-12 13:00:00,2019-04-12 15:00:00,40.67,0.4412695,15,4,4
Netherlands,2018-04-28 06:00:00,2018-04-28 08:00:00,36.0,0.39059999999999995,8,5,4
Netherlands,2015-04-07 16:00:00,2015-04-07 18:00:00,45.0,0.48825,18,1,4
Netherlands,2020-01-07 08:00:00,2020-01-07 09:00:00,51.12,0.5546519999999999,9,1,1
Netherlands,2022-09-16 05:00:00,2022-09-16 07:00:00,416.31,4.5169635,7,4,9
Netherlands,21/12/2024 00:00,2024-12-21 01:00:00,24.51,0.2659335,1,5,12
Netherlands,2022-08-06 15:00:00,2022-08-06 17:00:00,231.41,2.5107985,17,5,8
Netherlands,2017-03-25 00:00:00,2017-03-25 01:00:00,29.14,0.316169,1,5,3
Netherlands,2019-11-03 11:00:00,2019-11-03 12:00:00,37.76,0.40969599999999995,12,6,11
Netherlands,12/11/2023 19:00,2023-11-12 20:00:00,116.8,1.26728,20,6,11
Netherlands,2016-04-08 22:00:00,2016-04-09 00:00:00,28.45,0.3086825,0,5,4
Netherlands,22/01/2024 17:00,2024-01-22 18:00:00,110.3,1.1967549999999998,18,0,1
Netherlands,2020-11-03 03:00:00,2020-11-03 04:00:00,23.92,0.259532,4,1,11
Netherlands,2017-05-09 12:00:00,2017-05-09 14:00:00,35.57,0.3859345,14,1,5
Netherlands,2022-04-05 05:00:00,2022-04-05 07:00:00,282.0,3.0597,7,1,4
Netherlands,2016-03-29 14:00:00,2016-03-29 16:00:00,21.44,0.232624,16,1,3
Netherlands,28/03/2024 16:00,2024-03-28 17:00:00,43.09,0.4675265,17,3,3
Netherlands,2019-08-04 03:00:00,2019-08-04 05:00:00,33.85,0.3672725,5,6,8
Netherlands,2019-05-23 02:00:00,2019-05-23 04:00:00,30.72,0.33331199999999994,4,3,5
Netherlands,2021-12-12 17:00:00,2021-12-12 18:00:00,287.56,3.1200259999999997,18,6,12
Netherlands,2023-09-04 04:00:00,2023-09-04 06:00:00,127.33,1.3815304999999998,6,0,9
Netherlands,2019-01-25 23:00:00,2019-01-26 00:00:00,48.9,0.530565,0,5,1
Netherlands,2020-08-25 16:00:00,2020-08-25 18:00:00,40.99,0.4447415,18,1,8
Netherlands,2020-07-29 23:00:00,2020-07-30 01:00:00,31.78,0.344813,1,3,7
Netherlands,2019-03-29 23:00:00,2019-03-30 00:00:00,37.49,0.40676650000000003,0,5,3
Netherlands,08/05/2024 12:00,2024-05-08 14:00:00,62.09,0.6736765,14,2,5
Netherlands,2022-10-01 21:00:00,2022-10-01 23:00:00,162.3,1.760955,23,5,10
Netherlands,2019-12-16 21:00:00,2019-12-16 22:00:00,38.08,0.4131679999999999,22,0,12
Netherlands,2020-02-18 01:00:00,2020-02-18 02:00:00,17.0,0.18444999999999998,2,1,2
Netherlands,2020-05-27 17:00:00,2020-05-27 19:00:00,24.52,0.266042,19,2,5
Netherlands,2022-01-09 10:00:00,2022-01-09 11:00:00,149.65,1.6237025,11,6,1
Netherlands,2020-03-18 16:00:00,2020-03-18 17:00:00,32.31,0.35056350000000003,17,2,3
Netherlands,2020-09-01 10:00:00,2020-09-01 12:00:00,50.86,0.5518310000000001,12,1,9
Netherlands,2016-01-20 19:00:00,2016-01-20 20:00:00,52.45,0.5690824999999999,20,2,1
Netherlands,2021-07-28 01:00:00,2021-07-28 03:00:00,72.68,0.7885780000000001,3,2,7
Netherlands,2021-07-29 12:00:00,2021-07-29 14:00:00,-8.86,-0.09613099999999998,14,3,7
Netherlands,2015-05-16 01:00:00,2015-05-16 03:00:00,38.1,0.413385,3,5,5
Netherlands,2018-06-02 22:00:00,2018-06-03 00:00:00,44.82,0.486297,0,6,6
Netherlands,17/12/2023 16:00,2023-12-17 17:00:00,89.0,0.96565,17,6,12
Netherlands,2020-12-14 00:00:00,2020-12-14 01:00:00,32.23,0.3496955,1,0,12
Netherlands,2015-08-04 09:00:00,2015-08-04 11:00:00,55.0,0.59675,11,1,8
Netherlands,2019-02-26 08:00:00,2019-02-26 09:00:00,49.92,0.541632,9,1,2
Netherlands,2021-08-10 15:00:00,2021-08-10 17:00:00,89.51,0.9711835,17,1,8
Netherlands,2020-08-15 12:00:00,2020-08-15 14:00:00,27.14,0.294469,14,5,8
Netherlands,2022-12-03 06:00:00,2022-12-03 07:00:00,276.0,2.9945999999999997,7,5,12
Netherlands,2022-05-12 17:00:00,2022-05-12 19:00:00,232.47,2.5222995,19,3,5
Netherlands,2015-01-26 18:00:00,2015-01-26 19:00:00,39.94,0.433349,19,0,1
Netherlands,2021-11-12 07:00:00,2021-11-12 08:00:00,206.76,2.243346,8,4,11
Netherlands,2021-09-29 03:00:00,2021-09-29 05:00:00,104.06,1.129051,5,2,9
Netherlands,2020-03-24 18:00:00,2020-03-24 19:00:00,33.78,0.366513,19,1,3
Netherlands,01/08/2024 23:00,2024-08-02 01:00:00,88.87,0.9642395,1,4,8
Netherlands,2015-04-03 04:00:00,2015-04-03 06:00:00,40.75,0.44213749999999996,6,4,4
Netherlands,2023-09-03 11:00:00,2023-09-03 13:00:00,11.33,0.1229305,13,6,9
Netherlands,2015-06-17 01:00:00,2015-06-17 03:00:00,28.74,0.31182899999999997,3,2,6
Netherlands,2015-09-11 12:00:00,2015-09-11 14:00:00,37.44,0.406224,14,4,9
Netherlands,2022-01-10 01:00:00,2022-01-10 02:00:00,195.91,2.1256234999999997,2,0,1
Netherlands,2021-03-11 13:00:00,2021-03-11 14:00:00,26.21,0.2843785,14,3,3
Netherlands,2019-05-02 11:00:00,2019-05-02 13:00:00,41.67,0.4521195,13,3,5
Netherlands,2017-11-17 03:00:00,2017-11-17 04:00:00,35.0,0.37975,4,4,11
Netherlands,2018-06-25 02:00:00,2018-06-25 04:00:00,42.74,0.463729,4,0,6
Netherlands,22/09/2024 18:00,2024-09-22 20:00:00,128.0,1.3888,20,6,9
Netherlands,2020-07-28 08:00:00,2020-07-28 10:00:00,16.2,0.17576999999999998,10,1,7
Netherlands,2020-12-20 23:00:00,2020-12-21 00:00:00,39.3,0.426405,0,0,12
Netherlands,2017-11-17 17:00:00,2017-11-17 18:00:00,36.4,0.39494,18,4,11
Netherlands,2015-11-18 22:00:00,2015-11-18 23:00:00,31.94,0.346549,23,2,11
Netherlands,2016-12-01 23:00:00,2016-12-02 00:00:00,32.39,0.35143149999999995,0,4,12
Netherlands,2017-01-23 22:00:00,2017-01-23 23:00:00,43.08,0.46741799999999994,23,0,1
Netherlands,2015-03-14 19:00:00,2015-03-14 20:00:00,52.2,0.56637,20,5,3
Netherlands,2021-01-30 09:00:00,2021-01-30 10:00:00,57.81,0.6272385,10,5,1
Netherlands,2015-07-13 03:00:00,2015-07-13 05:00:00,27.43,0.2976155,5,0,7
Netherlands,2019-06-08 02:00:00,2019-06-08 04:00:00,27.1,0.29403500000000005,4,5,6
Netherlands,2021-06-16 08:00:00,2021-06-16 10:00:00,83.99,0.9112914999999999,10,2,6
Netherlands,2022-02-19 18:00:00,2022-02-19 19:00:00,218.91,2.3751735,19,5,2
Netherlands,2018-06-20 08:00:00,2018-06-20 10:00:00,61.94,0.672049,10,2,6
Netherlands,2017-01-02 22:00:00,2017-01-02 23:00:00,36.84,0.399714,23,0,1
Netherlands,2015-04-15 17:00:00,2015-04-15 19:00:00,45.0,0.48825,19,2,4
Netherlands,2016-08-25 16:00:00,2016-08-25 18:00:00,47.69,0.5174364999999999,18,3,8
Netherlands,2017-07-01 14:00:00,2017-07-01 16:00:00,26.09,0.2830765,16,5,7
Netherlands,2019-12-27 09:00:00,2019-12-27 10:00:00,39.83,0.43215549999999997,10,4,12
Netherlands,2021-04-24 08:00:00,2021-04-24 10:00:00,50.0,0.5425,10,5,4
Netherlands,2021-02-10 01:00:00,2021-02-10 02:00:00,48.35,0.5245974999999999,2,2,2
Netherlands,2018-03-08 16:00:00,2018-03-08 17:00:00,44.41,0.48184849999999996,17,3,3
Netherlands,08/02/2024 09:00,2024-02-08 10:00:00,98.02,1.0635169999999998,10,3,2
Netherlands,2018-10-18 04:00:00,2018-10-18 06:00:00,59.43,0.6448154999999999,6,3,10
Netherlands,2020-05-19 04:00:00,2020-05-19 06:00:00,21.07,0.2286095,6,1,5
Netherlands,07/03/2024 04:00,2024-03-07 05:00:00,73.13,0.7934604999999999,5,3,3
Netherlands,2016-10-07 05:00:00,2016-10-07 07:00:00,47.94,0.520149,7,4,10
Netherlands,2023-01-21 23:00:00,2023-01-22 00:00:00,140.0,1.519,0,6,1
Netherlands,2022-07-11 04:00:00,2022-07-11 06:00:00,395.95,4.2960575,6,0,7
Netherlands,2022-03-24 07:00:00,2022-03-24 08:00:00,214.89,2.3315564999999996,8,3,3
Netherlands,2020-04-20 07:00:00,2020-04-20 09:00:00,19.79,0.21472149999999998,9,0,4
Netherlands,2020-07-31 04:00:00,2020-07-31 06:00:00,27.06,0.293601,6,4,7
Netherlands,2020-05-20 00:00:00,2020-05-20 02:00:00,16.06,0.174251,2,2,5
Netherlands,2022-07-05 20:00:00,2022-07-05 22:00:00,377.98,4.101083,22,1,7
Netherlands,2017-03-05 10:00:00,2017-03-05 11:00:00,31.6,0.34286,11,6,3
Netherlands,2015-09-28 11:00:00,2015-09-28 13:00:00,35.32,0.383222,13,0,9
Netherlands,27/07/2024 12:00,2024-07-27 14:00:00,17.92,0.19443200000000002,14,5,7
Netherlands,2022-01-25 08:00:00,2022-01-25 09:00:00,399.01,4.3292585,9,1,1
Netherlands,30/11/2023 18:00,2023-11-30 19:00:00,196.66,2.133761,19,3,11
Netherlands,2017-04-12 06:00:00,2017-04-12 08:00:00,44.9,0.48716499999999996,8,2,4
Netherlands,2017-12-03 05:00:00,2017-12-03 06:00:00,48.58,0.5270929999999999,6,6,12
Netherlands,23/11/2024 05:00,2024-11-23 06:00:00,84.66,0.918561,6,5,11
Netherlands,2020-01-06 21:00:00,2020-01-06 22:00:00,33.58,0.364343,22,0,1
Netherlands,2016-01-10 16:00:00,2016-01-10 17:00:00,27.73,0.3008705,17,6,1
Netherlands,2015-11-14 06:00:00,2015-11-14 07:00:00,30.67,0.3327695,7,5,11
Netherlands,2016-09-19 09:00:00,2016-09-19 11:00:00,43.97,0.4770745,11,0,9
Netherlands,17/07/2024 20:00,2024-07-17 22:00:00,115.97,1.2582745,22,2,7
Netherlands,2016-09-12 07:00:00,2016-09-12 09:00:00,50.03,0.5428255000000001,9,0,9
Netherlands,2019-03-10 11:00:00,2019-03-10 12:00:00,47.7,0.5175449999999999,12,6,3
Netherlands,2020-09-30 21:00:00,2020-09-30 23:00:00,31.84,0.345464,23,2,9
Netherlands,2019-07-11 16:00:00,2019-07-11 18:00:00,52.28,0.5672379999999999,18,3,7
Netherlands,2018-08-27 02:00:00,2018-08-27 04:00:00,34.28,0.371938,4,0,8
Netherlands,2017-05-11 21:00:00,2017-05-11 23:00:00,43.75,0.4746875,23,3,5
Netherlands,19/10/2023 09:00,2023-10-19 11:00:00,126.07,1.3678594999999998,11,3,10
Netherlands,2022-12-05 18:00:00,2022-12-05 19:00:00,397.8,4.31613,19,0,12
Netherlands,2023-02-10 05:00:00,2023-02-10 06:00:00,151.89,1.6480064999999997,6,4,2
Netherlands,2016-04-23 00:00:00,2016-04-23 02:00:00,21.47,0.23294949999999998,2,5,4
Netherlands,2021-09-27 23:00:00,2021-09-28 01:00:00,101.98,1.1064829999999999,1,1,9
Netherlands,07/05/2024 14:00,2024-05-07 16:00:00,75.6,0.8202599999999999,16,1,5
Netherlands,2017-02-23 06:00:00,2017-02-23 07:00:00,46.01,0.49920849999999994,7,3,2
Netherlands,2018-05-29 04:00:00,2018-05-29 06:00:00,44.9,0.48716499999999996,6,1,5
Netherlands,2020-01-11 06:00:00,2020-01-11 07:00:00,30.29,0.3286465,7,5,1
Netherlands,2023-08-19 13:00:00,2023-08-19 15:00:00,25.01,0.2713585,15,5,8
Netherlands,2018-05-13 21:00:00,2018-05-13 23:00:00,40.83,0.4430055,23,6,5
Netherlands,2018-03-18 14:00:00,2018-03-18 15:00:00,30.0,0.3255,15,6,3
Netherlands,2021-10-13 04:00:00,2021-10-13 06:00:00,196.17,2.1284444999999996,6,2,10
Netherlands,2020-07-24 13:00:00,2020-07-24 15:00:00,16.14,0.175119,15,4,7
Netherlands,2018-08-31 18:00:00,2018-08-31 20:00:00,69.95,0.7589575,20,4,8
Netherlands,2015-10-28 02:00:00,2015-10-28 03:00:00,29.08,0.31551799999999997,3,2,10
Netherlands,2022-10-14 02:00:00,2022-10-14 04:00:00,218.92,2.375282,4,4,10
Netherlands,2015-05-18 22:00:00,2015-05-19 00:00:00,33.64,0.364994,0,1,5
Netherlands,2022-10-27 00:00:00,2022-10-27 02:00:00,97.33,1.0560304999999999,2,3,10
Netherlands,2022-01-14 16:00:00,2022-01-14 17:00:00,262.0,2.8427,17,4,1
Netherlands,2016-12-20 08:00:00,2016-12-20 09:00:00,64.82,0.703297,9,1,12
Netherlands,31/05/2024 06:00,2024-05-31 08:00:00,90.65,0.9835525,8,4,5
Netherlands,2018-02-27 18:00:00,2018-02-27 19:00:00,58.5,0.634725,19,1,2
Netherlands,2022-11-14 21:00:00,2022-11-14 22:00:00,157.91,1.7133235,22,0,11
Netherlands,2021-05-04 19:00:00,2021-05-04 21:00:00,59.9,0.6499149999999999,21,1,5
Netherlands,2018-10-02 19:00:00,2018-10-02 21:00:00,69.9,0.7584150000000001,21,1,10
Netherlands,2019-03-22 06:00:00,2019-03-22 07:00:00,50.98,0.5531329999999999,7,4,3
Netherlands,2022-11-29 19:00:00,2022-11-29 20:00:00,400.0,4.34,20,1,11
Netherlands,2018-10-25 21:00:00,2018-10-25 23:00:00,52.02,0.5644170000000001,23,3,10
Netherlands,2020-04-10 08:00:00,2020-04-10 10:00:00,18.04,0.195734,10,4,4
Netherlands,2015-06-05 17:00:00,2015-06-05 19:00:00,46.76,0.507346,19,4,6
Netherlands,2016-11-08 23:00:00,2016-11-09 00:00:00,34.98,0.37953299999999995,0,2,11
Netherlands,2020-02-06 14:00:00,2020-02-06 15:00:00,38.06,0.412951,15,3,2
Netherlands,2020-03-28 10:00:00,2020-03-28 11:00:00,6.51,0.0706335,11,5,3
Netherlands,2018-07-21 13:00:00,2018-07-21 15:00:00,45.1,0.48933499999999996,15,5,7
Netherlands,2018-03-01 03:00:00,2018-03-01 04:00:00,36.78,0.399063,4,3,3
Netherlands,2022-01-20 14:00:00,2022-01-20 15:00:00,180.0,1.953,15,3,1
Netherlands,2019-06-10 08:00:00,2019-06-10 10:00:00,30.06,0.32615099999999997,10,0,6
Netherlands,2015-10-16 21:00:00,2015-10-16 23:00:00,35.27,0.3826795,23,4,10
Netherlands,2019-03-12 09:00:00,2019-03-12 10:00:00,45.52,0.493892,10,1,3
Netherlands,2018-12-05 12:00:00,2018-12-05 13:00:00,67.78,0.735413,13,2,12
Netherlands,2020-11-27 06:00:00,2020-11-27 07:00:00,75.94,0.8239489999999999,7,4,11
Netherlands,2015-01-15 06:00:00,2015-01-15 07:00:00,50.66,0.549661,7,3,1
Netherlands,2017-04-28 21:00:00,2017-04-28 23:00:00,32.4,0.35153999999999996,23,4,4
Netherlands,2019-12-26 05:00:00,2019-12-26 06:00:00,26.11,0.2832935,6,3,12
Netherlands,2018-07-24 18:00:00,2018-07-24 20:00:00,64.22,0.6967869999999999,20,1,7
Netherlands,2016-01-21 10:00:00,2016-01-21 11:00:00,70.12,0.760802,11,3,1
Netherlands,2021-01-25 02:00:00,2021-01-25 03:00:00,42.59,0.46210150000000005,3,0,1
Netherlands,2018-04-10 06:00:00,2018-04-10 08:00:00,52.96,0.574616,8,1,4
Netherlands,2020-05-25 04:00:00,2020-05-25 06:00:00,16.02,0.17381699999999997,6,0,5
Netherlands,2016-08-21 03:00:00,2016-08-21 05:00:00,9.74,0.105679,5,6,8
Netherlands,2016-01-16 21:00:00,2016-01-16 22:00:00,25.53,0.2770005,22,5,1
Netherlands,2023-01-21 19:00:00,2023-01-21 20:00:00,165.88,1.799798,20,5,1
Netherlands,2023-01-02 02:00:00,2023-01-02 03:00:00,44.16,0.47913599999999995,3,0,1
Netherlands,2023-03-01 17:00:00,2023-03-01 18:00:00,182.18,1.976653,18,2,3
Netherlands,2016-01-02 07:00:00,2016-01-02 08:00:00,22.34,0.242389,8,5,1
Netherlands,21/07/2024 08:00,2024-07-21 10:00:00,0.09,0.0009764999999999999,10,6,7
Netherlands,2015-02-14 14:00:00,2015-02-14 15:00:00,42.41,0.46014849999999996,15,5,2
Netherlands,2018-11-04 13:00:00,2018-11-04 14:00:00,49.9,0.541415,14,6,11
Netherlands,2017-01-30 03:00:00,2017-01-30 04:00:00,35.11,0.3809435,4,0,1
Netherlands,2015-07-07 04:00:00,2015-07-07 06:00:00,47.97,0.5204745,6,1,7
Netherlands,2023-06-17 21:00:00,2023-06-17 23:00:00,136.65,1.4826525,23,5,6
Netherlands,2021-11-04 21:00:00,2021-11-04 22:00:00,155.41,1.6861985,22,3,11
Netherlands,2023-03-03 18:00:00,2023-03-03 19:00:00,132.0,1.4322000000000001,19,4,3
Netherlands,2021-11-28 20:00:00,2021-11-28 21:00:00,189.0,2.05065,21,6,11
Netherlands,2019-12-18 19:00:00,2019-12-18 20:00:00,43.85,0.4757725,20,2,12
Netherlands,15/11/2023 20:00,2023-11-15 21:00:00,97.5,1.057875,21,2,11
Netherlands,2021-08-08 15:00:00,2021-08-08 17:00:00,0.0,0.0,17,6,8
Netherlands,2015-01-12 01:00:00,2015-01-12 02:00:00,25.75,0.2793875,2,0,1
Netherlands,2019-05-24 17:00:00,2019-05-24 19:00:00,44.88,0.48694800000000005,19,4,5
Netherlands,2019-03-14 23:00:00,2019-03-15 00:00:00,30.07,0.3262595,0,4,3
Netherlands,26/02/2024 21:00,2024-02-26 22:00:00,65.21,0.7075284999999999,22,0,2
Netherlands,2019-11-06 17:00:00,2019-11-06 18:00:00,87.12,0.9452520000000001,18,2,11
Netherlands,2019-12-08 16:00:00,2019-12-08 17:00:00,59.16,0.641886,17,6,12
Netherlands,08/11/2023 18:00,2023-11-08 19:00:00,121.0,1.3128499999999999,19,2,11
Netherlands,2021-11-28 01:00:00,2021-11-28 02:00:00,188.12,2.041102,2,6,11
Netherlands,17/10/2024 21:00,2024-10-17 23:00:00,88.4,0.95914,23,3,10
Netherlands,23/04/2024 19:00,2024-04-23 21:00:00,102.0,1.1067,21,1,4
Netherlands,2022-02-08 00:00:00,2022-02-08 01:00:00,117.51,1.2749835,1,1,2
Netherlands,2019-10-13 09:00:00,2019-10-13 11:00:00,24.0,0.26039999999999996,11,6,10
Netherlands,2016-01-13 13:00:00,2016-01-13 14:00:00,34.91,0.37877349999999993,14,2,1
Netherlands,2020-12-17 18:00:00,2020-12-17 19:00:00,53.9,0.584815,19,3,12
Netherlands,2018-12-17 18:00:00,2018-12-17 19:00:00,79.0,0.85715,19,0,12
Netherlands,2020-12-25 15:00:00,2020-12-25 16:00:00,48.98,0.531433,16,4,12
Netherlands,2022-04-13 18:00:00,2022-04-13 20:00:00,301.63,3.2726855,20,2,4
Netherlands,2021-09-12 21:00:00,2021-09-12 23:00:00,149.9,1.626415,23,6,9
Netherlands,15/06/2024 16:00,2024-06-15 18:00:00,-0.01,-0.0001085,18,5,6
Netherlands,2016-06-01 14:00:00,2016-06-01 16:00:00,38.05,0.41284249999999995,16,2,6
Netherlands,2018-08-19 16:00:00,2018-08-19 18:00:00,56.31,0.6109635,18,6,8
Netherlands,2020-10-05 23:00:00,2020-10-06 01:00:00,26.17,0.2839445,1,1,10
Netherlands,2021-05-03 13:00:00,2021-05-03 15:00:00,50.09,0.5434765,15,0,5
Netherlands,2022-04-05 22:00:00,2022-04-06 00:00:00,199.9,2.168915,0,2,4
Netherlands,2019-12-17 17:00:00,2019-12-17 18:00:00,38.79,0.42087149999999995,18,1,12
Netherlands,2019-01-10 19:00:00,2019-01-10 20:00:00,71.92,0.780332,20,3,1
Netherlands,2018-03-07 17:00:00,2018-03-07 18:00:00,60.95,0.6613075,18,2,3
Netherlands,2018-12-16 07:00:00,2018-12-16 08:00:00,51.24,0.555954,8,6,12
Netherlands,2017-06-22 08:00:00,2017-06-22 10:00:00,50.37,0.5465145,10,3,6
Netherlands,2023-07-12 01:00:00,2023-07-12 03:00:00,82.09,0.8906765,3,2,7
Netherlands,2022-08-19 12:00:00,2022-08-19 14:00:00,453.15,4.9166775,14,4,8
Netherlands,12/03/2024 09:00,2024-03-12 10:00:00,84.5,0.9168249999999999,10,1,3
Netherlands,2019-04-05 21:00:00,2019-04-05 23:00:00,40.33,0.4375805,23,4,4
Netherlands,2015-05-06 01:00:00,2015-05-06 03:00:00,15.9,0.17251499999999997,3,2,5
Netherlands,2020-03-11 10:00:00,2020-03-11 11:00:00,29.2,0.31682,11,2,3
Netherlands,2021-03-02 07:00:00,2021-03-02 08:00:00,71.04,0.770784,8,1,3
Netherlands,2019-03-10 23:00:00,2019-03-11 00:00:00,34.3,0.37215499999999996,0,0,3
Netherlands,2021-01-12 03:00:00,2021-01-12 04:00:00,27.16,0.294686,4,1,1
Netherlands,2022-05-10 17:00:00,2022-05-10 19:00:00,234.92,2.5488819999999994,19,1,5
Netherlands,2019-10-21 14:00:00,2019-10-21 16:00:00,50.03,0.5428255000000001,16,0,10
Netherlands,2019-10-14 19:00:00,2019-10-14 21:00:00,37.01,0.4015585,21,0,10
Netherlands,2016-10-12 13:00:00,2016-10-12 15:00:00,40.6,0.44051,15,2,10
Netherlands,2021-10-01 00:00:00,2021-10-01 02:00:00,59.66,0.647311,2,4,10
Netherlands,2015-08-03 18:00:00,2015-08-03 20:00:00,44.26,0.48022099999999995,20,0,8
Netherlands,2023-04-26 19:00:00,2023-04-26 21:00:00,146.03,1.5844255,21,2,4
Netherlands,2015-01-29 17:00:00,2015-01-29 18:00:00,67.67,0.7342195,18,3,1
Netherlands,28/10/2023 16:00,2023-10-28 18:00:00,132.0,1.4322000000000001,18,5,10
Netherlands,2022-05-07 04:00:00,2022-05-07 06:00:00,201.78,2.1893130000000003,6,5,5
Netherlands,2016-06-30 11:00:00,2016-06-30 13:00:00,40.23,0.4364954999999999,13,3,6
Netherlands,2020-09-04 04:00:00,2020-09-04 06:00:00,39.97,0.43367449999999996,6,4,9
Netherlands,2021-04-14 00:00:00,2021-04-14 02:00:00,51.15,0.5549775,2,2,4
Netherlands,2022-07-17 20:00:00,2022-07-17 22:00:00,405.69,4.4017365,22,6,7
Netherlands,2019-12-29 01:00:00,2019-12-29 02:00:00,26.92,0.292082,2,6,12
Netherlands,2020-10-30 02:00:00,2020-10-30 03:00:00,5.43,0.058915499999999996,3,4,10
Netherlands,2015-12-21 22:00:00,2015-12-21 23:00:00,32.44,0.351974,23,0,12
Netherlands,2017-11-30 10:00:00,2017-11-30 11:00:00,86.7,0.9406950000000001,11,3,11
Netherlands,2022-12-22 06:00:00,2022-12-22 07:00:00,224.87,2.4398395,7,3,12
Netherlands,2023-05-22 00:00:00,2023-05-22 02:00:00,78.31,0.8496635,2,0,5
Netherlands,2019-06-14 16:00:00,2019-06-14 18:00:00,56.82,0.616497,18,4,6
Netherlands,2022-09-04 21:00:00,2022-09-04 23:00:00,335.28,3.6377879999999996,23,6,9
Netherlands,18/10/2023 14:00,2023-10-18 16:00:00,74.9,0.8126650000000001,16,2,10
Netherlands,2018-08-26 03:00:00,2018-08-26 05:00:00,49.83,0.5406555,5,6,8
Netherlands,2020-08-27 13:00:00,2020-08-27 15:00:00,46.91,0.5089735,15,3,8
Netherlands,2016-01-01 15:00:00,2016-01-01 16:00:00,34.46,0.37389100000000003,16,4,1
Netherlands,2018-07-19 18:00:00,2018-07-19 20:00:00,58.47,0.6343995,20,3,7
Netherlands,2015-09-22 06:00:00,2015-09-22 08:00:00,36.96,0.40101600000000004,8,1,9
Netherlands,2016-12-21 15:00:00,2016-12-21 16:00:00,47.95,0.5202575,16,2,12
Netherlands,2017-12-09 15:00:00,2017-12-09 16:00:00,60.2,0.6531699999999999,16,5,12
Netherlands,2022-11-17 16:00:00,2022-11-17 17:00:00,294.73,3.1978205,17,3,11
Netherlands,2018-04-17 17:00:00,2018-04-17 19:00:00,55.06,0.597401,19,1,4
Netherlands,2022-05-23 00:00:00,2022-05-23 02:00:00,158.75,1.7224375,2,0,5
Netherlands,2023-08-07 08:00:00,2023-08-07 10:00:00,0.01,0.0001085,10,0,8
Netherlands,2022-10-11 10:00:00,2022-10-11 12:00:00,186.57,2.0242845,12,1,10
Netherlands,2022-11-05 12:00:00,2022-11-05 13:00:00,115.0,1.24775,13,5,11
Netherlands,2016-11-26 02:00:00,2016-11-26 03:00:00,34.7,0.376495,3,5,11
Netherlands,2018-02-10 02:00:00,2018-02-10 03:00:00,36.48,0.39580799999999994,3,5,2
Netherlands,2021-10-16 03:00:00,2021-10-16 05:00:00,159.68,1.732528,5,5,10
Netherlands,2015-04-29 12:00:00,2015-04-29 14:00:00,35.0,0.37975,14,2,4
Netherlands,2016-03-05 12:00:00,2016-03-05 13:00:00,25.12,0.272552,13,5,3
Netherlands,2020-11-18 19:00:00,2020-11-18 20:00:00,35.0,0.37975,20,2,11
Netherlands,2017-01-21 07:00:00,2017-01-21 08:00:00,39.94,0.433349,8,5,1
Netherlands,2019-06-30 02:00:00,2019-06-30 04:00:00,19.6,0.21266,4,6,6
Netherlands,2020-02-12 06:00:00,2020-02-12 07:00:00,34.42,0.373457,7,2,2
Netherlands,2016-11-13 16:00:00,2016-11-13 17:00:00,69.37,0.7526645,17,6,11
Netherlands,06/03/2024 07:00,2024-03-06 08:00:00,108.7,1.179395,8,2,3
Netherlands,2018-04-25 03:00:00,2018-04-25 05:00:00,23.0,0.24955,5,2,4
Netherlands,2019-10-15 09:00:00,2019-10-15 11:00:00,50.62,0.549227,11,1,10
Netherlands,09/01/2024 04:00,2024-01-09 05:00:00,85.8,0.9309299999999999,5,1,1
Netherlands,2022-08-27 18:00:00,2022-08-27 20:00:00,700.06,7.595650999999999,20,5,8
Netherlands,2021-06-14 21:00:00,2021-06-14 23:00:00,84.18,0.9133530000000001,23,0,6
Netherlands,2022-03-30 14:00:00,2022-03-30 16:00:00,238.95,2.5926074999999997,16,2,3
Netherlands,2017-08-11 19:00:00,2017-08-11 21:00:00,34.61,0.3755185,21,4,8
Netherlands,12/06/2024 15:00,2024-06-12 17:00:00,71.42,0.774907,17,2,6
Netherlands,2022-06-12 07:00:00,2022-06-12 09:00:00,80.83,0.8770055,9,6,6
Netherlands,2018-09-13 23:00:00,2018-09-14 01:00:00,55.38,0.6008730000000001,1,4,9
Netherlands,2020-02-14 21:00:00,2020-02-14 22:00:00,27.05,0.2934925,22,4,2
Netherlands,2022-03-31 11:00:00,2022-03-31 13:00:00,300.0,3.255,13,3,3
Netherlands,2019-01-22 03:00:00,2019-01-22 04:00:00,51.73,0.5612705,4,1,1
Netherlands,2016-04-20 05:00:00,2016-04-20 07:00:00,30.55,0.33146749999999997,7,2,4
Netherlands,2021-04-08 01:00:00,2021-04-08 03:00:00,60.0,0.651,3,3,4
Netherlands,2022-11-27 12:00:00,2022-11-27 13:00:00,256.96,2.788016,13,6,11
Netherlands,2019-11-15 11:00:00,2019-11-15 12:00:00,40.02,0.434217,12,4,11
Netherlands,2017-07-16 14:00:00,2017-07-16 16:00:00,27.55,0.2989175,16,6,7
Netherlands,2016-10-05 15:00:00,2016-10-05 17:00:00,35.0,0.37975,17,2,10
Netherlands,17/06/2024 01:00,2024-06-17 03:00:00,70.0,0.7595,3,0,6
Netherlands,2023-08-03 07:00:00,2023-08-03 09:00:00,62.8,0.68138,9,3,8
Netherlands,2016-03-29 10:00:00,2016-03-29 12:00:00,33.64,0.364994,12,1,3
Netherlands,2019-10-13 00:00:00,2019-10-13 02:00:00,24.05,0.2609425,2,6,10
Netherlands,2020-08-09 10:00:00,2020-08-09 12:00:00,20.26,0.219821,12,6,8
Netherlands,2017-11-16 11:00:00,2017-11-16 12:00:00,49.1,0.532735,12,3,11
Netherlands,2015-04-28 12:00:00,2015-04-28 14:00:00,42.04,0.456134,14,1,4
Netherlands,2020-02-15 21:00:00,2020-02-15 22:00:00,21.26,0.23067100000000001,22,5,2
Netherlands,2015-08-25 19:00:00,2015-08-25 21:00:00,39.13,0.4245605,21,1,8
Netherlands,2019-11-21 00:00:00,2019-11-21 01:00:00,35.0,0.37975,1,3,11
Netherlands,2015-12-31 19:00:00,2015-12-31 20:00:00,28.81,0.31258849999999994,20,3,12
Netherlands,2021-10-16 19:00:00,2021-10-16 21:00:00,200.34,2.173689,21,5,10
Netherlands,2018-09-27 20:00:00,2018-09-27 22:00:00,71.57,0.7765344999999999,22,3,9
Netherlands,2016-04-24 09:00:00,2016-04-24 11:00:00,19.6,0.21266,11,6,4
Netherlands,2023-06-18 18:00:00,2023-06-18 20:00:00,138.71,1.5050035,20,6,6
Netherlands,2021-06-07 00:00:00,2021-06-07 02:00:00,60.8,0.6596799999999999,2,0,6
Netherlands,2016-04-27 03:00:00,2016-04-27 05:00:00,23.77,0.2579045,5,2,4
Netherlands,2018-12-16 20:00:00,2018-12-16 21:00:00,60.6,0.65751,21,6,12
Netherlands,2016-08-07 04:00:00,2016-08-07 06:00:00,12.51,0.13573349999999998,6,6,8
Netherlands,2016-09-06 05:00:00,2016-09-06 07:00:00,42.97,0.4662245,7,1,9
Netherlands,08/11/2023 22:00,2023-11-08 23:00:00,101.65,1.1029025,23,2,11
Netherlands,2018-01-15 00:00:00,2018-01-15 01:00:00,33.0,0.35805000000000003,1,0,1
Netherlands,2019-07-15 10:00:00,2019-07-15 12:00:00,44.0,0.4774,12,0,7
Netherlands,2016-10-21 22:00:00,2016-10-22 00:00:00,34.31,0.3722635,0,5,10
Netherlands,2021-05-21 22:00:00,2021-05-22 00:00:00,20.04,0.217434,0,5,5
Netherlands,2019-02-14 04:00:00,2019-02-14 05:00:00,43.04,0.46698399999999995,5,3,2
Netherlands,2021-12-29 02:00:00,2021-12-29 03:00:00,90.82,0.985397,3,2,12
Netherlands,01/04/2024 17:00,2024-04-01 19:00:00,90.0,0.9765,19,0,4
Netherlands,2018-01-28 20:00:00,2018-01-28 21:00:00,32.4,0.35153999999999996,21,6,1
Netherlands,21/05/2024 05:00,2024-05-21 07:00:00,117.09,1.2704265000000001,7,1,5
Netherlands,2017-03-24 17:00:00,2017-03-24 18:00:00,40.59,0.4404015,18,4,3
Netherlands,09/01/2024 23:00,2024-01-10 00:00:00,75.54,0.819609,0,2,1
Netherlands,2019-04-17 03:00:00,2019-04-17 05:00:00,37.94,0.41164899999999993,5,2,4
Netherlands,2019-07-15 05:00:00,2019-07-15 07:00:00,49.78,0.540113,7,0,7
Netherlands,2021-05-06 00:00:00,2021-05-06 02:00:00,67.4,0.7312900000000001,2,3,5
Netherlands,16/08/2024 16:00,2024-08-16 18:00:00,125.76,1.3644960000000002,18,4,8
Netherlands,2019-03-21 19:00:00,2019-03-21 20:00:00,47.53,0.5157005,20,3,3
Netherlands,2023-03-02 08:00:00,2023-03-02 09:00:00,141.44,1.534624,9,3,3
Netherlands,2021-03-27 21:00:00,2021-03-27 22:00:00,53.0,0.57505,22,5,3
Netherlands,31/10/2023 02:00,2023-10-31 03:00:00,64.8,0.7030799999999999,3,1,10
Netherlands,08/04/2024 00:00,2024-04-08 02:00:00,63.91,0.6934235,2,0,4
Netherlands,04/07/2024 15:00,2024-07-04 17:00:00,-31.18,-0.338303,17,3,7
Netherlands,2018-07-30 09:00:00,2018-07-30 11:00:00,57.06,0.619101,11,0,7
Netherlands,2023-05-05 06:00:00,2023-05-05 08:00:00,109.01,1.1827584999999998,8,4,5
Netherlands,2019-04-18 19:00:00,2019-04-18 21:00:00,45.81,0.4970385,21,3,4
Netherlands,2019-03-12 22:00:00,2019-03-12 23:00:00,37.4,0.40579,23,1,3
Netherlands,16/02/2024 05:00,2024-02-16 06:00:00,57.5,0.623875,6,4,2
Netherlands,2019-05-27 12:00:00,2019-05-27 14:00:00,36.43,0.3952655,14,0,5
Netherlands,2021-09-12 02:00:00,2021-09-12 04:00:00,97.57,1.0586345,4,6,9
Netherlands,2020-05-31 07:00:00,2020-05-31 09:00:00,2.7,0.029295,9,6,5
Netherlands,2018-07-16 06:00:00,2018-07-16 08:00:00,59.4,0.64449,8,0,7
Netherlands,2018-01-05 08:00:00,2018-01-05 09:00:00,38.06,0.412951,9,4,1
Netherlands,01/08/2024 10:00,2024-08-01 12:00:00,64.03,0.6947255,12,3,8
Netherlands,2017-06-17 12:00:00,2017-06-17 14:00:00,28.28,0.306838,14,5,6
Netherlands,2019-03-22 21:00:00,2019-03-22 22:00:00,39.9,0.43291499999999994,22,4,3
Netherlands,2017-11-13 17:00:00,2017-11-13 18:00:00,105.81,1.1480385,18,0,11
Netherlands,2019-08-08 17:00:00,2019-08-08 19:00:00,43.05,0.46709249999999997,19,3,8
Netherlands,11/11/2023 12:00,2023-11-11 13:00:00,87.8,0.9526299999999999,13,5,11
Netherlands,2021-09-04 20:00:00,2021-09-04 22:00:00,124.6,1.35191,22,5,9
Netherlands,2015-10-01 16:00:00,2015-10-01 18:00:00,51.57,0.5595344999999999,18,3,10
Netherlands,2022-04-13 15:00:00,2022-04-13 17:00:00,241.25,2.6175625,17,2,4
Netherlands,2017-10-20 12:00:00,2017-10-20 14:00:00,32.0,0.3472,14,4,10
Netherlands,15/04/2024 23:00,2024-04-16 01:00:00,0.02,0.000217,1,1,4
Netherlands,2021-02-26 18:00:00,2021-02-26 19:00:00,57.53,0.6242005,19,4,2
Netherlands,2020-05-05 19:00:00,2020-05-05 21:00:00,27.1,0.29403500000000005,21,1,5
Netherlands,2015-06-02 05:00:00,2015-06-02 07:00:00,36.0,0.39059999999999995,7,1,6
Netherlands,17/10/2023 16:00,2023-10-17 18:00:00,159.8,1.7338300000000002,18,1,10
Netherlands,2020-06-28 19:00:00,2020-06-28 21:00:00,35.07,0.3805095,21,6,6
Netherlands,2015-09-11 23:00:00,2015-09-12 01:00:00,33.09,0.3590265,1,5,9
Netherlands,2021-10-03 06:00:00,2021-10-03 08:00:00,167.3,1.8152050000000002,8,6,10
Netherlands,2015-10-31 20:00:00,2015-10-31 21:00:00,37.99,0.41219150000000004,21,5,10
Netherlands,2018-06-27 08:00:00,2018-06-27 10:00:00,66.07,0.7168594999999999,10,2,6
Netherlands,2018-04-08 11:00:00,2018-04-08 13:00:00,24.0,0.26039999999999996,13,6,4
Netherlands,2020-05-22 20:00:00,2020-05-22 22:00:00,22.81,0.2474885,22,4,5
Netherlands,2019-03-19 12:00:00,2019-03-19 13:00:00,42.89,0.4653565,13,1,3
Netherlands,2017-08-01 16:00:00,2017-08-01 18:00:00,40.94,0.44419899999999995,18,1,8
Netherlands,2020-02-27 07:00:00,2020-02-27 08:00:00,44.42,0.48195699999999997,8,3,2
Netherlands,2020-11-29 15:00:00,2020-11-29 16:00:00,49.1,0.532735,16,6,11
Netherlands,2016-08-28 03:00:00,2016-08-28 05:00:00,19.83,0.21515549999999997,5,6,8
Netherlands,07/06/2024 07:00,2024-06-07 09:00:00,77.4,0.83979,9,4,6
Netherlands,2021-08-29 09:00:00,2021-08-29 11:00:00,85.0,0.92225,11,6,8
Netherlands,2023-02-14 14:00:00,2023-02-14 15:00:00,121.43,1.3175155,15,1,2
Netherlands,2022-12-21 11:00:00,2022-12-21 12:00:00,238.45,2.5871825,12,2,12
Netherlands,2016-07-13 23:00:00,2016-07-14 01:00:00,39.49,0.4284665,1,3,7
Netherlands,2020-10-07 06:00:00,2020-10-07 08:00:00,51.54,0.559209,8,2,10
Netherlands,2017-03-26 20:00:00,2017-03-26 22:00:00,38.79,0.42087149999999995,22,6,3
Netherlands,2023-02-15 23:00:00,2023-02-16 00:00:00,91.02,0.9875669999999999,0,3,2
Netherlands,2015-09-27 22:00:00,2015-09-28 00:00:00,33.0,0.35805000000000003,0,0,9
Netherlands,2023-08-20 04:00:00,2023-08-20 06:00:00,104.96,1.1388159999999998,6,6,8
Netherlands,21/01/2024 16:00,2024-01-21 17:00:00,68.79,0.7463715000000001,17,6,1
Netherlands,2021-08-28 05:00:00,2021-08-28 07:00:00,85.0,0.92225,7,5,8
Netherlands,2017-08-13 08:00:00,2017-08-13 10:00:00,23.81,0.25833849999999997,10,6,8
Netherlands,2021-12-28 22:00:00,2021-12-28 23:00:00,110.08,1.1943679999999999,23,1,12
Netherlands,2019-08-07 02:00:00,2019-08-07 04:00:00,30.74,0.333529,4,2,8
Netherlands,2021-03-13 17:00:00,2021-03-13 18:00:00,40.0,0.434,18,5,3
Netherlands,2019-05-23 12:00:00,2019-05-23 14:00:00,35.55,0.3857175,14,3,5
Netherlands,2017-11-01 03:00:00,2017-11-01 04:00:00,33.59,0.3644515,4,2,11
Netherlands,2022-07-08 22:00:00,2022-07-09 00:00:00,350.0,3.7975,0,5,7
Netherlands,10/01/2024 22:00,2024-01-10 23:00:00,82.31,0.8930635,23,2,1
Netherlands,2023-07-25 05:00:00,2023-07-25 07:00:00,94.0,1.0199,7,1,7
Netherlands,29/04/2024 01:00,2024-04-29 03:00:00,62.08,0.673568,3,0,4
Netherlands,13/05/2024 18:00,2024-05-13 20:00:00,149.39,1.6208814999999996,20,0,5
Netherlands,2020-11-06 08:00:00,2020-11-06 09:00:00,47.93,0.5200404999999999,9,4,11
Netherlands,2017-08-04 03:00:00,2017-08-04 05:00:00,24.5,0.265825,5,4,8
Netherlands,2016-06-25 10:00:00,2016-06-25 12:00:00,30.06,0.32615099999999997,12,5,6
Netherlands,2020-09-29 03:00:00,2020-09-29 05:00:00,39.51,0.4286835,5,1,9
Netherlands,2019-10-22 22:00:00,2019-10-23 00:00:00,35.52,0.385392,0,2,10
Netherlands,2019-12-14 17:00:00,2019-12-14 18:00:00,40.01,0.4341085,18,5,12
Netherlands,2018-04-06 08:00:00,2018-04-06 10:00:00,41.94,0.455049,10,4,4
Netherlands,2023-02-16 19:00:00,2023-02-16 20:00:00,129.9,1.4094149999999999,20,3,2
Netherlands,21/12/2024 02:00,2024-12-21 03:00:00,19.41,0.2105985,3,5,12
Netherlands,2019-01-13 18:00:00,2019-01-13 19:00:00,51.73,0.5612705,19,6,1
Netherlands,2023-07-31 20:00:00,2023-07-31 22:00:00,95.31,1.0341135,22,0,7
Netherlands,2016-02-18 14:00:00,2016-02-18 15:00:00,30.44,0.330274,15,3,2
Netherlands,2019-03-31 19:00:00,2019-03-31 21:00:00,39.08,0.42401799999999995,21,6,3
Netherlands,2016-05-26 22:00:00,2016-05-27 00:00:00,24.43,0.2650655,0,4,5
Netherlands,2017-08-20 15:00:00,2017-08-20 17:00:00,26.8,0.29078,17,6,8
Netherlands,07/09/2024 12:00,2024-09-07 14:00:00,0.44,0.004774,14,5,9
Netherlands,2020-04-24 15:00:00,2020-04-24 17:00:00,15.62,0.169477,17,4,4
Netherlands,2020-10-21 15:00:00,2020-10-21 17:00:00,41.85,0.4540725,17,2,10
Netherlands,2016-04-30 13:00:00,2016-04-30 15:00:00,21.17,0.2296945,15,5,4
Netherlands,29/12/2023 15:00,2023-12-29 16:00:00,73.7,0.7996449999999999,16,4,12
Netherlands,2018-09-23 02:00:00,2018-09-23 04:00:00,40.1,0.435085,4,6,9
Netherlands,2020-11-20 19:00:00,2020-11-20 20:00:00,34.0,0.36889999999999995,20,4,11
Netherlands,2016-04-30 11:00:00,2016-04-30 13:00:00,22.44,0.24347400000000002,13,5,4
Netherlands,19/03/2024 02:00,2024-03-19 03:00:00,67.46,0.731941,3,1,3
Netherlands,2015-03-30 02:00:00,2015-03-30 04:00:00,23.22,0.25193699999999997,4,0,3
Netherlands,2023-05-01 20:00:00,2023-05-01 22:00:00,117.9,1.279215,22,0,5
Netherlands,2023-09-14 22:00:00,2023-09-15 00:00:00,100.89,1.0946565000000001,0,4,9
Netherlands,2017-04-07 03:00:00,2017-04-07 05:00:00,29.0,0.31465,5,4,4
Netherlands,2022-11-14 05:00:00,2022-11-14 06:00:00,167.2,1.81412,6,0,11
Netherlands,2020-07-11 06:00:00,2020-07-11 08:00:00,29.09,0.3156265,8,5,7
Netherlands,02/11/2024 07:00,2024-11-02 08:00:00,101.16,1.097586,8,5,11
Netherlands,2016-04-24 04:00:00,2016-04-24 06:00:00,12.76,0.13844599999999999,6,6,4
Netherlands,2022-09-20 21:00:00,2022-09-20 23:00:00,349.9,3.7964149999999997,23,1,9
Netherlands,2015-08-25 12:00:00,2015-08-25 14:00:00,45.0,0.48825,14,1,8
Netherlands,2023-04-09 20:00:00,2023-04-09 22:00:00,115.0,1.24775,22,6,4
Netherlands,2021-09-02 03:00:00,2021-09-02 05:00:00,114.38,1.241023,5,3,9
Netherlands,2015-08-26 23:00:00,2015-08-27 01:00:00,32.52,0.35284200000000004,1,3,8
Netherlands,11/07/2024 22:00,2024-07-12 00:00:00,100.3,1.088255,0,4,7
Netherlands,2015-10-02 02:00:00,2015-10-02 04:00:00,32.81,0.3559885,4,4,10
Netherlands,2015-01-22 20:00:00,2015-01-22 21:00:00,39.86,0.432481,21,3,1
Netherlands,2017-08-27 08:00:00,2017-08-27 10:00:00,30.3,0.328755,10,6,8
Netherlands,2022-08-31 17:00:00,2022-08-31 19:00:00,631.62,6.853077,19,2,8
Netherlands,2018-01-29 20:00:00,2018-01-29 21:00:00,36.69,0.39808649999999995,21,0,1
Netherlands,2021-09-21 16:00:00,2021-09-21 18:00:00,177.48,1.9256579999999999,18,1,9
Netherlands,2017-03-19 20:00:00,2017-03-19 21:00:00,30.86,0.33483099999999993,21,6,3
Netherlands,2016-05-26 19:00:00,2016-05-26 21:00:00,32.94,0.35739899999999997,21,3,5
Netherlands,2017-07-18 12:00:00,2017-07-18 14:00:00,32.08,0.348068,14,1,7
Netherlands,2016-01-08 05:00:00,2016-01-08 06:00:00,24.28,0.263438,6,4,1
Netherlands,2015-10-02 22:00:00,2015-10-03 00:00:00,45.0,0.48825,0,5,10
Netherlands,2016-07-18 16:00:00,2016-07-18 18:00:00,48.95,0.5311075,18,0,7
Netherlands,2022-05-13 10:00:00,2022-05-13 12:00:00,89.81,0.9744385,12,4,5
Netherlands,2021-12-02 06:00:00,2021-12-02 07:00:00,199.1,2.1602349999999997,7,3,12
Netherlands,2017-09-07 00:00:00,2017-09-07 02:00:00,33.9,0.367815,2,3,9
Netherlands,2022-03-10 01:00:00,2022-03-10 02:00:00,321.59,3.4892514999999995,2,3,3
Netherlands,2016-11-08 15:00:00,2016-11-08 16:00:00,84.55,0.9173675,16,1,11
Netherlands,2023-02-18 20:00:00,2023-02-18 21:00:00,120.55,1.3079675,21,5,2
Netherlands,2020-10-20 23:00:00,2020-10-21 01:00:00,34.52,0.37454200000000004,1,2,10
Netherlands,2022-01-09 22:00:00,2022-01-09 23:00:00,203.8,2.21123,23,6,1
Netherlands,2021-11-15 22:00:00,2021-11-15 23:00:00,176.2,1.9117699999999997,23,0,11
Netherlands,2018-04-05 21:00:00,2018-04-05 23:00:00,46.4,0.5034399999999999,23,3,4
Netherlands,2019-08-08 14:00:00,2019-08-08 16:00:00,30.76,0.333746,16,3,8
Netherlands,25/07/2024 00:00,2024-07-25 02:00:00,84.9,0.9211650000000001,2,3,7
Netherlands,2018-01-20 08:00:00,2018-01-20 09:00:00,38.0,0.4123,9,5,1
Netherlands,2020-10-16 23:00:00,2020-10-17 01:00:00,32.5,0.352625,1,5,10
Netherlands,2020-11-21 19:00:00,2020-11-21 20:00:00,30.8,0.33418000000000003,20,5,11
Netherlands,2019-06-04 22:00:00,2019-06-05 00:00:00,27.48,0.29815800000000003,0,2,6
Netherlands,2023-03-04 03:00:00,2023-03-04 04:00:00,128.0,1.3888,4,5,3
Netherlands,2021-06-07 23:00:00,2021-06-08 01:00:00,64.21,0.6966784999999999,1,1,6
Netherlands,2023-03-23 04:00:00,2023-03-23 05:00:00,55.79,0.6053215000000001,5,3,3
Netherlands,2019-04-07 12:00:00,2019-04-07 14:00:00,28.03,0.3041255,14,6,4
Netherlands,2022-04-14 02:00:00,2022-04-14 04:00:00,199.97,2.1696745,4,3,4
Netherlands,18/10/2023 04:00,2023-10-18 06:00:00,86.65,0.9401525000000001,6,2,10
Netherlands,2021-03-29 12:00:00,2021-03-29 14:00:00,14.37,0.15591449999999998,14,0,3
Netherlands,2016-10-12 08:00:00,2016-10-12 10:00:00,53.91,0.5849235,10,2,10
Netherlands,07/05/2024 21:00,2024-05-07 23:00:00,83.01,0.9006585,23,1,5
Netherlands,29/02/2024 13:00,2024-02-29 14:00:00,63.68,0.690928,14,3,2
Netherlands,2018-09-21 00:00:00,2018-09-21 02:00:00,32.58,0.353493,2,4,9
Netherlands,2020-05-12 00:00:00,2020-05-12 02:00:00,18.06,0.195951,2,1,5
Netherlands,2019-09-07 15:00:00,2019-09-07 17:00:00,37.4,0.40579,17,5,9
Netherlands,2023-05-22 20:00:00,2023-05-22 22:00:00,104.24,1.131004,22,0,5
Netherlands,2018-05-27 02:00:00,2018-05-27 04:00:00,37.26,0.40427099999999994,4,6,5
Netherlands,2016-02-06 16:00:00,2016-02-06 17:00:00,19.97,0.2166745,17,5,2
Netherlands,03/01/2025 11:00,2025-01-03 12:00:00,83.8,0.9092299999999999,12,4,1
Netherlands,2018-02-06 14:00:00,2018-02-06 15:00:00,49.45,0.5365325000000001,15,1,2
Netherlands,2023-08-07 02:00:00,2023-08-07 04:00:00,30.03,0.3258255,4,0,8
Netherlands,23/05/2024 19:00,2024-05-23 21:00:00,147.54,1.600809,21,3,5
Netherlands,2018-12-20 18:00:00,2018-12-20 19:00:00,69.33,0.7522305,19,3,12
Netherlands,2015-06-14 15:00:00,2015-06-14 17:00:00,26.84,0.291214,17,6,6
Netherlands,2020-07-26 13:00:00,2020-07-26 15:00:00,-19.95,-0.21645749999999997,15,6,7
Netherlands,2015-12-04 05:00:00,2015-12-04 06:00:00,30.99,0.33624149999999997,6,4,12
Netherlands,2015-03-18 18:00:00,2015-03-18 19:00:00,60.04,0.651434,19,2,3
Netherlands,2023-05-26 08:00:00,2023-05-26 10:00:00,38.54,0.418159,10,4,5
Netherlands,2020-09-05 01:00:00,2020-09-05 03:00:00,29.01,0.31475850000000005,3,5,9
Netherlands,11/09/2024 03:00,2024-09-11 05:00:00,48.48,0.5260079999999999,5,2,9
Netherlands,2022-05-05 05:00:00,2022-05-05 07:00:00,275.06,2.9844009999999996,7,3,5
Netherlands,2019-12-25 22:00:00,2019-12-25 23:00:00,32.09,0.34817650000000006,23,2,12
Netherlands,2023-08-03 14:00:00,2023-08-03 16:00:00,21.94,0.238049,16,3,8
Netherlands,2023-04-01 08:00:00,2023-04-01 10:00:00,86.2,0.9352699999999999,10,5,4
Netherlands,23/12/2024 18:00,2024-12-23 19:00:00,135.96,1.475166,19,0,12
Netherlands,2019-03-01 12:00:00,2019-03-01 13:00:00,47.4,0.5142899999999999,13,4,3
Netherlands,2018-08-23 22:00:00,2018-08-24 00:00:00,63.23,0.6860455,0,4,8
Netherlands,2015-01-18 11:00:00,2015-01-18 12:00:00,43.33,0.4701305,12,6,1
Netherlands,2016-06-11 02:00:00,2016-06-11 04:00:00,23.93,0.2596405,4,5,6
Netherlands,2016-09-06 02:00:00,2016-09-06 04:00:00,23.75,0.2576875,4,1,9
Netherlands,2022-10-13 04:00:00,2022-10-13 06:00:00,240.0,2.604,6,3,10
Netherlands,2017-09-20 09:00:00,2017-09-20 11:00:00,46.5,0.504525,11,2,9
Netherlands,2022-01-03 23:00:00,2022-01-04 00:00:00,194.9,2.114665,0,1,1
Netherlands,2020-10-26 21:00:00,2020-10-26 22:00:00,29.48,0.31985800000000003,22,0,10
Netherlands,2022-11-22 21:00:00,2022-11-22 22:00:00,215.0,2.33275,22,1,11
Netherlands,2018-09-01 11:00:00,2018-09-01 13:00:00,58.16,0.6310359999999999,13,5,9
Netherlands,2020-09-10 09:00:00,2020-09-10 11:00:00,47.21,0.5122285,11,3,9
Netherlands,2020-04-27 17:00:00,2020-04-27 19:00:00,39.5,0.428575,19,0,4
Netherlands,2022-04-27 02:00:00,2022-04-27 04:00:00,197.51,2.1429834999999997,4,2,4
Netherlands,05/01/2025 17:00,2025-01-05 18:00:00,61.13,0.6632605,18,6,1
Netherlands,2019-04-01 14:00:00,2019-04-01 16:00:00,31.8,0.34502999999999995,16,0,4
Netherlands,2023-04-05 02:00:00,2023-04-05 04:00:00,124.8,1.35408,4,2,4
Netherlands,2017-07-27 17:00:00,2017-07-27 19:00:00,34.42,0.373457,19,3,7
Netherlands,2022-08-02 04:00:00,2022-08-02 06:00:00,457.04,4.958884,6,1,8
Netherlands,2021-08-20 02:00:00,2021-08-20 04:00:00,83.96,0.9109659999999999,4,4,8
Netherlands,2023-01-03 10:00:00,2023-01-03 11:00:00,169.49,1.8389665,11,1,1
Netherlands,2021-01-31 22:00:00,2021-01-31 23:00:00,45.36,0.492156,23,6,1
Netherlands,2016-09-09 17:00:00,2016-09-09 19:00:00,41.94,0.455049,19,4,9
Netherlands,2017-03-13 18:00:00,2017-03-13 19:00:00,56.99,0.6183415,19,0,3
Netherlands,01/05/2024 13:00,2024-05-01 15:00:00,-92.0,-0.9982,15,2,5
Netherlands,2022-01-15 22:00:00,2022-01-15 23:00:00,199.0,2.15915,23,5,1
Netherlands,2020-03-17 01:00:00,2020-03-17 02:00:00,22.0,0.2387,2,1,3
Netherlands,2023-03-20 12:00:00,2023-03-20 13:00:00,99.94,1.084349,13,0,3
Netherlands,2021-01-30 22:00:00,2021-01-30 23:00:00,42.3,0.45895499999999995,23,5,1
Netherlands,2023-08-15 01:00:00,2023-08-15 03:00:00,89.96,0.9760659999999999,3,1,8
Netherlands,2018-08-15 00:00:00,2018-08-15 02:00:00,47.85,0.5191725,2,2,8
Netherlands,2020-07-22 03:00:00,2020-07-22 05:00:00,26.66,0.289261,5,2,7
Netherlands,2015-04-06 10:00:00,2015-04-06 12:00:00,34.54,0.37475899999999995,12,0,4
Netherlands,2020-08-17 22:00:00,2020-08-18 00:00:00,35.83,0.3887555,0,1,8
Netherlands,2019-07-07 09:00:00,2019-07-07 11:00:00,29.0,0.31465,11,6,7
Netherlands,2018-04-20 17:00:00,2018-04-20 19:00:00,50.72,0.550312,19,4,4
Netherlands,23/10/2023 15:00,2023-10-23 17:00:00,147.25,1.5976625,17,0,10
Netherlands,2016-03-17 15:00:00,2016-03-17 16:00:00,25.85,0.2804725,16,3,3
Netherlands,2017-01-08 18:00:00,2017-01-08 19:00:00,58.91,0.6391735,19,6,1
Netherlands,2015-08-03 10:00:00,2015-08-03 12:00:00,59.94,0.650349,12,0,8
Netherlands,2020-02-05 21:00:00,2020-02-05 22:00:00,30.0,0.3255,22,2,2
Netherlands,2022-12-12 06:00:00,2022-12-12 07:00:00,505.0,5.47925,7,0,12
Netherlands,2021-10-20 13:00:00,2021-10-20 15:00:00,93.83,1.0180555,15,2,10
Netherlands,2016-03-31 23:00:00,2016-04-01 01:00:00,20.98,0.227633,1,4,4
Netherlands,2017-10-31 15:00:00,2017-10-31 16:00:00,47.5,0.515375,16,1,10
Netherlands,2016-12-29 14:00:00,2016-12-29 15:00:00,51.63,0.5601855,15,3,12
Netherlands,02/11/2024 00:00,2024-11-02 01:00:00,91.36,0.991256,1,5,11
Netherlands,2017-05-16 05:00:00,2017-05-16 07:00:00,39.96,0.43356599999999995,7,1,5
Netherlands,2015-09-19 03:00:00,2015-09-19 05:00:00,25.08,0.27211799999999997,5,5,9
Netherlands,2020-04-12 12:00:00,2020-04-12 14:00:00,0.0,0.0,14,6,4
Netherlands,03/11/2024 10:00,2024-11-03 11:00:00,59.29,0.6432964999999999,11,6,11
Netherlands,2019-09-28 22:00:00,2019-09-29 00:00:00,31.75,0.3444875,0,6,9
Netherlands,2023-06-28 17:00:00,2023-06-28 19:00:00,153.25,1.6627625000000001,19,2,6
Netherlands,2015-04-12 18:00:00,2015-04-12 20:00:00,38.31,0.4156635,20,6,4
Netherlands,2017-05-02 19:00:00,2017-05-02 21:00:00,32.79,0.3557715,21,1,5
Netherlands,2019-02-18 01:00:00,2019-02-18 02:00:00,38.78,0.420763,2,0,2
Netherlands,2021-01-20 23:00:00,2021-01-21 00:00:00,32.4,0.35153999999999996,0,3,1
Netherlands,2016-12-16 05:00:00,2016-12-16 06:00:00,41.82,0.453747,6,4,12
Netherlands,2022-12-01 10:00:00,2022-12-01 11:00:00,360.85,3.9152225000000005,11,3,12
Netherlands,2023-08-05 05:00:00,2023-08-05 07:00:00,92.49,1.0035165,7,5,8
Netherlands,2017-06-18 06:00:00,2017-06-18 08:00:00,27.72,0.300762,8,6,6
Netherlands,2018-09-19 14:00:00,2018-09-19 16:00:00,50.0,0.5425,16,2,9
Netherlands,09/11/2024 03:00,2024-11-09 04:00:00,98.41,1.0677485,4,5,11
Netherlands,14/03/2024 22:00,2024-03-14 23:00:00,50.91,0.5523735,23,3,3
Netherlands,2016-01-31 03:00:00,2016-01-31 04:00:00,15.82,0.171647,4,6,1
Netherlands,2021-10-13 09:00:00,2021-10-13 11:00:00,175.0,1.89875,11,2,10
Netherlands,2021-11-06 06:00:00,2021-11-06 07:00:00,176.0,1.9096,7,5,11
Netherlands,2023-01-24 08:00:00,2023-01-24 09:00:00,256.43,2.7822655,9,1,1
Netherlands,2017-06-14 04:00:00,2017-06-14 06:00:00,34.4,0.37323999999999996,6,2,6
Netherlands,05/11/2024 18:00,2024-11-05 19:00:00,320.33,3.4755804999999995,19,1,11
Netherlands,2016-11-28 09:00:00,2016-11-28 10:00:00,40.51,0.43953349999999997,10,0,11
Netherlands,2016-09-28 11:00:00,2016-09-28 13:00:00,25.74,0.279279,13,2,9
Netherlands,2015-07-17 17:00:00,2015-07-17 19:00:00,47.82,0.518847,19,4,7
Netherlands,10/02/2024 05:00,2024-02-10 06:00:00,70.91,0.7693734999999999,6,5,2
Netherlands,2019-02-17 10:00:00,2019-02-17 11:00:00,36.5,0.39602499999999996,11,6,2
Netherlands,29/11/2024 08:00,2024-11-29 09:00:00,157.37,1.7074645,9,4,11
Netherlands,2023-09-15 01:00:00,2023-09-15 03:00:00,97.64,1.059394,3,4,9
Netherlands,2023-07-02 00:00:00,2023-07-02 02:00:00,0.01,0.0001085,2,6,7
Netherlands,2019-10-13 17:00:00,2019-10-13 19:00:00,47.5,0.515375,19,6,10
Netherlands,2021-02-23 20:00:00,2021-02-23 21:00:00,43.84,0.47566400000000003,21,1,2
Netherlands,25/04/2024 20:00,2024-04-25 22:00:00,91.35,0.9911475,22,3,4
Netherlands,2020-05-26 06:00:00,2020-05-26 08:00:00,29.18,0.316603,8,1,5
Netherlands,2015-04-05 03:00:00,2015-04-05 05:00:00,24.72,0.268212,5,6,4
Netherlands,15/11/2023 17:00,2023-11-15 18:00:00,129.9,1.4094149999999999,18,2,11
Netherlands,14/12/2023 05:00,2023-12-14 06:00:00,90.92,0.986482,6,3,12
Netherlands,2022-09-14 23:00:00,2022-09-15 01:00:00,338.77,3.6756545,1,3,9
Netherlands,2018-08-12 17:00:00,2018-08-12 19:00:00,57.55,0.6244175,19,6,8
Netherlands,2018-08-06 02:00:00,2018-08-06 04:00:00,45.08,0.48911799999999994,4,0,8
Netherlands,2016-02-23 22:00:00,2016-02-23 23:00:00,24.94,0.270599,23,1,2
Netherlands,2017-02-16 11:00:00,2017-02-16 12:00:00,38.82,0.421197,12,3,2
Netherlands,2022-02-13 04:00:00,2022-02-13 05:00:00,149.2,1.61882,5,6,2
Netherlands,2023-02-17 13:00:00,2023-02-17 14:00:00,82.56,0.8957759999999999,14,4,2
Netherlands,2019-04-10 17:00:00,2019-04-10 19:00:00,47.2,0.51212,19,2,4
Netherlands,2019-01-08 16:00:00,2019-01-08 17:00:00,78.24,0.8489039999999999,17,1,1
Netherlands,2019-05-28 17:00:00,2019-05-28 19:00:00,42.64,0.462644,19,1,5
Netherlands,2021-09-06 15:00:00,2021-09-06 17:00:00,137.73,1.4943704999999998,17,0,9
Netherlands,2019-06-20 09:00:00,2019-06-20 11:00:00,39.29,0.42629649999999997,11,3,6
Netherlands,2017-11-10 23:00:00,2017-11-11 00:00:00,34.3,0.37215499999999996,0,5,11
Netherlands,2017-08-12 01:00:00,2017-08-12 03:00:00,20.06,0.21765099999999998,3,5,8
Netherlands,2022-02-16 14:00:00,2022-02-16 15:00:00,163.27,1.7714795,15,2,2
Netherlands,2019-02-01 04:00:00,2019-02-01 05:00:00,45.76,0.496496,5,4,2
Netherlands,2017-10-22 08:00:00,2017-10-22 10:00:00,36.94,0.40079899999999996,10,6,10
Netherlands,2022-12-04 09:00:00,2022-12-04 10:00:00,310.0,3.3635,10,6,12
Netherlands,2015-03-19 18:00:00,2015-03-19 19:00:00,65.67,0.7125195,19,3,3
Netherlands,2016-01-14 16:00:00,2016-01-14 17:00:00,45.76,0.496496,17,3,1
Netherlands,2017-12-02 00:00:00,2017-12-02 01:00:00,40.5,0.439425,1,5,12
Netherlands,2023-08-12 10:00:00,2023-08-12 12:00:00,50.0,0.5425,12,5,8
Netherlands,2015-05-19 23:00:00,2015-05-20 01:00:00,26.96,0.292516,1,2,5
Netherlands,2017-04-17 23:00:00,2017-04-18 01:00:00,30.99,0.33624149999999997,1,1,4
Netherlands,2018-09-19 16:00:00,2018-09-19 18:00:00,72.18,0.783153,18,2,9
Netherlands,2018-08-16 09:00:00,2018-08-16 11:00:00,53.5,0.5804750000000001,11,3,8
Netherlands,2018-08-17 18:00:00,2018-08-17 20:00:00,64.57,0.7005844999999999,20,4,8
Netherlands,2018-11-06 19:00:00,2018-11-06 20:00:00,65.08,0.7061179999999999,20,1,11
Netherlands,2020-07-30 04:00:00,2020-07-30 06:00:00,32.1,0.348285,6,3,7
Netherlands,18/12/2024 20:00,2024-12-18 21:00:00,64.9,0.704165,21,2,12
Netherlands,2020-01-04 00:00:00,2020-01-04 01:00:00,30.37,0.3295145,1,5,1
Netherlands,2016-05-26 04:00:00,2016-05-26 06:00:00,26.15,0.28372749999999997,6,3,5
Netherlands,2018-07-27 09:00:00,2018-07-27 11:00:00,76.47,0.8296994999999999,11,4,7
Netherlands,2017-11-09 14:00:00,2017-11-09 15:00:00,37.4,0.40579,15,3,11
Netherlands,2019-02-25 23:00:00,2019-02-26 00:00:00,37.1,0.40253500000000003,0,1,2
Netherlands,2021-12-21 13:00:00,2021-12-21 14:00:00,476.21,5.1668785,14,1,12
Netherlands,2016-12-01 19:00:00,2016-12-01 20:00:00,39.94,0.433349,20,3,12
Netherlands,2020-09-13 17:00:00,2020-09-13 19:00:00,48.6,0.52731,19,6,9
Netherlands,2020-07-03 16:00:00,2020-07-03 18:00:00,37.21,0.4037285,18,4,7
Netherlands,2022-08-28 11:00:00,2022-08-28 13:00:00,-10.85,-0.1177225,13,6,8
Netherlands,2022-09-13 22:00:00,2022-09-14 00:00:00,345.08,3.7441179999999994,0,2,9
Netherlands,2015-05-24 14:00:00,2015-05-24 16:00:00,19.0,0.20615,16,6,5
Netherlands,2019-01-04 05:00:00,2019-01-04 06:00:00,59.54,0.646009,6,4,1
Netherlands,12/11/2024 12:00,2024-11-12 13:00:00,147.31,1.5983135,13,1,11
Netherlands,2015-08-27 07:00:00,2015-08-27 09:00:00,39.94,0.433349,9,3,8
Netherlands,2020-08-28 23:00:00,2020-08-29 01:00:00,33.76,0.366296,1,5,8
Netherlands,2015-10-05 01:00:00,2015-10-05 03:00:00,27.66,0.300111,3,0,10
Netherlands,2017-04-10 01:00:00,2017-04-10 03:00:00,27.03,0.2932755,3,0,4
Netherlands,2018-09-25 01:00:00,2018-09-25 03:00:00,44.96,0.48781599999999997,3,1,9
Netherlands,12/10/2024 01:00,2024-10-12 03:00:00,81.46,0.8838409999999999,3,5,10
Netherlands,2017-05-13 08:00:00,2017-05-13 10:00:00,32.0,0.3472,10,5,5
Netherlands,2017-10-03 03:00:00,2017-10-03 05:00:00,28.0,0.3038,5,1,10
Netherlands,2018-07-20 22:00:00,2018-07-21 00:00:00,50.33,0.5460805,0,5,7
Netherlands,2015-01-23 21:00:00,2015-01-23 22:00:00,38.0,0.4123,22,4,1
Netherlands,2022-10-23 14:00:00,2022-10-23 16:00:00,88.37,0.9588145,16,6,10
Netherlands,2015-10-25 17:00:00,2015-10-25 18:00:00,53.93,0.5851405,18,6,10
Netherlands,2017-05-18 02:00:00,2017-05-18 04:00:00,23.38,0.253673,4,3,5
Netherlands,2015-12-21 23:00:00,2015-12-22 00:00:00,26.85,0.2913225,0,1,12
Netherlands,2017-08-01 22:00:00,2017-08-02 00:00:00,27.62,0.299677,0,2,8
Netherlands,2018-02-09 12:00:00,2018-02-09 13:00:00,40.07,0.4347595,13,4,2
Netherlands,2018-03-16 06:00:00,2018-03-16 07:00:00,60.22,0.6533869999999999,7,4,3
Netherlands,2017-02-15 22:00:00,2017-02-15 23:00:00,30.57,0.3316845,23,2,2
Netherlands,2021-01-09 15:00:00,2021-01-09 16:00:00,62.78,0.681163,16,5,1
Netherlands,2022-12-09 00:00:00,2022-12-09 01:00:00,306.74,3.328129,1,4,12
Netherlands,2018-10-16 20:00:00,2018-10-16 22:00:00,59.9,0.6499149999999999,22,1,10
Netherlands,2017-12-09 11:00:00,2017-12-09 12:00:00,41.0,0.44484999999999997,12,5,12
Netherlands,28/02/2024 22:00,2024-02-28 23:00:00,55.2,0.59892,23,2,2
Netherlands,2021-02-05 07:00:00,2021-02-05 08:00:00,62.02,0.672917,8,4,2
Netherlands,10/11/2024 14:00,2024-11-10 15:00:00,121.39,1.3170815,15,6,11
Netherlands,2023-06-10 07:00:00,2023-06-10 09:00:00,59.71,0.6478535,9,5,6
Netherlands,2015-10-08 08:00:00,2015-10-08 10:00:00,59.13,0.6415605000000001,10,3,10
Netherlands,29/11/2024 04:00,2024-11-29 05:00:00,112.27,1.2181295,5,4,11
Netherlands,19/12/2024 13:00,2024-12-19 14:00:00,80.03,0.8683255000000001,14,3,12
Netherlands,2016-12-29 01:00:00,2016-12-29 02:00:00,36.83,0.39960549999999995,2,3,12
Netherlands,2017-05-11 18:00:00,2017-05-11 20:00:00,38.26,0.41512099999999996,20,3,5
Netherlands,2016-10-17 03:00:00,2016-10-17 05:00:00,30.46,0.330491,5,0,10
Netherlands,2023-03-28 00:00:00,2023-03-28 02:00:00,100.1,1.0860849999999997,2,1,3
Netherlands,2015-08-01 23:00:00,2015-08-02 01:00:00,22.3,0.241955,1,6,8
Netherlands,25/03/2024 13:00,2024-03-25 14:00:00,61.04,0.662284,14,0,3
Netherlands,2018-10-06 16:00:00,2018-10-06 18:00:00,72.06,0.781851,18,5,10
Netherlands,2015-12-16 19:00:00,2015-12-16 20:00:00,34.59,0.3753015,20,2,12
Netherlands,2022-02-07 03:00:00,2022-02-07 04:00:00,13.8,0.14973,4,0,2
Netherlands,27/08/2024 04:00,2024-08-27 06:00:00,120.36,1.305906,6,1,8
Netherlands,2018-12-23 14:00:00,2018-12-23 15:00:00,56.59,0.6140015,15,6,12
Netherlands,24/12/2023 00:00,2023-12-24 01:00:00,-0.25,-0.0027125,1,6,12
Netherlands,2016-08-19 02:00:00,2016-08-19 04:00:00,24.96,0.270816,4,4,8
Netherlands,08/12/2024 13:00,2024-12-08 14:00:00,99.37,1.0781645000000002,14,6,12
Netherlands,2020-01-11 15:00:00,2020-01-11 16:00:00,32.55,0.35316749999999997,16,5,1
Netherlands,2022-05-21 18:00:00,2022-05-21 20:00:00,219.32,2.379622,20,5,5
Netherlands,2016-08-12 11:00:00,2016-08-12 13:00:00,32.1,0.348285,13,4,8
Netherlands,2022-05-05 06:00:00,2022-05-05 08:00:00,268.02,2.9080169999999996,8,3,5
Netherlands,2016-04-30 04:00:00,2016-04-30 06:00:00,24.22,0.262787,6,5,4
Netherlands,2016-04-16 03:00:00,2016-04-16 05:00:00,18.76,0.20354600000000003,5,5,4
Netherlands,2020-06-25 14:00:00,2020-06-25 16:00:00,30.76,0.333746,16,3,6
Netherlands,2018-03-17 19:00:00,2018-03-17 20:00:00,63.83,0.6925555,20,5,3
Netherlands,2015-12-08 08:00:00,2015-12-08 09:00:00,43.75,0.4746875,9,1,12
Netherlands,2023-01-24 23:00:00,2023-01-25 00:00:00,138.2,1.4994699999999999,0,2,1
Netherlands,2015-11-19 05:00:00,2015-11-19 06:00:00,31.0,0.33635,6,3,11
Netherlands,2018-02-02 09:00:00,2018-02-02 10:00:00,49.9,0.541415,10,4,2
Netherlands,24/03/2024 04:00,2024-03-24 05:00:00,17.18,0.18640299999999999,5,6,3
Netherlands,2022-06-11 11:00:00,2022-06-11 13:00:00,-15.32,-0.166222,13,5,6
Netherlands,2023-06-24 05:00:00,2023-06-24 07:00:00,92.3,1.001455,7,5,6
Netherlands,2017-11-25 05:00:00,2017-11-25 06:00:00,46.89,0.5087565000000001,6,5,11
Netherlands,2023-06-30 10:00:00,2023-06-30 12:00:00,88.35,0.9585974999999999,12,4,6
Netherlands,2022-04-26 00:00:00,2022-04-26 02:00:00,192.43,2.0878655,2,1,4
Netherlands,24/06/2024 06:00,2024-06-24 08:00:00,98.64,1.070244,8,0,6
Netherlands,2016-03-18 03:00:00,2016-03-18 04:00:00,22.01,0.2388085,4,4,3
Netherlands,2019-03-30 11:00:00,2019-03-30 12:00:00,34.7,0.376495,12,5,3
Netherlands,2019-06-11 10:00:00,2019-06-11 12:00:00,47.38,0.514073,12,1,6
Netherlands,2018-06-12 12:00:00,2018-06-12 14:00:00,53.9,0.584815,14,1,6
Netherlands,2023-02-22 04:00:00,2023-02-22 05:00:00,116.4,1.26294,5,2,2
Netherlands,2018-11-28 13:00:00,2018-11-28 14:00:00,53.28,0.5780879999999999,14,2,11
Netherlands,22/02/2024 21:00,2024-02-22 22:00:00,34.9,0.378665,22,3,2
Netherlands,2019-03-19 05:00:00,2019-03-19 06:00:00,46.96,0.509516,6,1,3
Netherlands,2023-05-02 16:00:00,2023-05-02 18:00:00,117.38,1.2735729999999998,18,1,5
Netherlands,2021-02-28 13:00:00,2021-02-28 14:00:00,26.5,0.287525,14,6,2
Netherlands,30/03/2024 01:00,2024-03-30 02:00:00,68.11,0.7389935,2,5,3
Netherlands,2019-10-27 16:00:00,2019-10-27 17:00:00,44.44,0.482174,17,6,10
Netherlands,2020-07-26 23:00:00,2020-07-27 01:00:00,26.59,0.28850149999999997,1,0,7
Netherlands,2015-04-14 23:00:00,2015-04-15 01:00:00,31.16,0.338086,1,2,4
Netherlands,08/11/2024 03:00,2024-11-08 04:00:00,96.13,1.0430104999999998,4,4,11
Netherlands,08/02/2024 18:00,2024-02-08 19:00:00,81.5,0.8842749999999999,19,3,2
Netherlands,2019-08-24 15:00:00,2019-08-24 17:00:00,33.29,0.3611965,17,5,8
Netherlands,2020-02-03 16:00:00,2020-02-03 17:00:00,37.62,0.40817699999999996,17,0,2
Netherlands,2023-02-22 06:00:00,2023-02-22 07:00:00,173.13,1.8784604999999999,7,2,2
Netherlands,2019-11-05 22:00:00,2019-11-05 23:00:00,38.3,0.41555499999999995,23,1,11
Netherlands,28/01/2024 17:00,2024-01-28 18:00:00,74.7,0.810495,18,6,1
Netherlands,2018-04-05 01:00:00,2018-04-05 03:00:00,21.6,0.23436,3,3,4
Netherlands,2023-09-30 15:00:00,2023-09-30 17:00:00,107.24,1.1635539999999998,17,5,9
Netherlands,21/07/2024 23:00,2024-07-22 01:00:00,91.51,0.9928835,1,0,7
Netherlands,2021-10-13 02:00:00,2021-10-13 04:00:00,135.0,1.46475,4,2,10
Netherlands,2017-08-24 16:00:00,2017-08-24 18:00:00,42.75,0.46383749999999996,18,3,8
Netherlands,2021-09-09 03:00:00,2021-09-09 05:00:00,109.02,1.182867,5,3,9
Netherlands,2019-09-20 04:00:00,2019-09-20 06:00:00,46.33,0.5026805,6,4,9
Netherlands,19/11/2023 21:00,2023-11-19 22:00:00,88.05,0.9553425,22,6,11
Netherlands,2020-07-07 04:00:00,2020-07-07 06:00:00,33.83,0.3670555,6,1,7
Netherlands,2019-04-03 16:00:00,2019-04-03 18:00:00,45.44,0.49302399999999996,18,2,4
Netherlands,23/06/2024 04:00,2024-06-23 06:00:00,71.45,0.7752325,6,6,6
Netherlands,2020-11-28 20:00:00,2020-11-28 21:00:00,39.9,0.43291499999999994,21,5,11
Netherlands,2020-03-22 05:00:00,2020-03-22 06:00:00,6.06,0.06575099999999999,6,6,3
Netherlands,2021-03-28 12:00:00,2021-03-28 14:00:00,-12.0,-0.13019999999999998,14,6,3
Netherlands,2016-03-19 10:00:00,2016-03-19 11:00:00,25.22,0.273637,11,5,3
Netherlands,2018-03-17 00:00:00,2018-03-17 01:00:00,50.62,0.549227,1,5,3
Netherlands,2023-09-10 23:00:00,2023-09-11 01:00:00,97.22,1.054837,1,0,9
Netherlands,2023-04-29 15:00:00,2023-04-29 17:00:00,85.0,0.92225,17,5,4
Netherlands,2017-08-01 08:00:00,2017-08-01 10:00:00,37.9,0.411215,10,1,8
Netherlands,30/09/2024 14:00,2024-09-30 16:00:00,59.0,0.64015,16,0,9
Netherlands,2021-02-17 08:00:00,2021-02-17 09:00:00,61.19,0.6639115,9,2,2
Netherlands,2015-10-16 19:00:00,2015-10-16 21:00:00,33.93,0.3681405,21,4,10
Netherlands,2019-02-23 01:00:00,2019-02-23 02:00:00,36.06,0.391251,2,5,2
Netherlands,11/12/2023 15:00,2023-12-11 16:00:00,106.12,1.151402,16,0,12
Netherlands,2017-10-11 08:00:00,2017-10-11 10:00:00,41.0,0.44484999999999997,10,2,10
Netherlands,2016-01-03 14:00:00,2016-01-03 15:00:00,23.34,0.253239,15,6,1
Netherlands,2016-11-29 08:00:00,2016-11-29 09:00:00,50.45,0.5473825000000001,9,1,11
Netherlands,2020-08-18 02:00:00,2020-08-18 04:00:00,29.95,0.32495749999999995,4,1,8
Netherlands,2020-03-29 05:00:00,2020-03-29 07:00:00,3.83,0.0415555,7,6,3
Netherlands,2015-08-22 12:00:00,2015-08-22 14:00:00,42.12,0.45700199999999996,14,5,8
Netherlands,2022-08-06 17:00:00,2022-08-06 19:00:00,371.42,4.029907000000001,19,5,8
Netherlands,2020-03-08 15:00:00,2020-03-08 16:00:00,23.0,0.24955,16,6,3
Netherlands,27/08/2024 22:00,2024-08-28 00:00:00,90.75,0.9846374999999999,0,2,8
Netherlands,2023-07-25 23:00:00,2023-07-26 01:00:00,89.31,0.9690135,1,2,7
Netherlands,2019-09-20 16:00:00,2019-09-20 18:00:00,50.41,0.5469485,18,4,9
Netherlands,09/12/2024 17:00,2024-12-09 18:00:00,116.91,1.2684734999999998,18,0,12
Netherlands,2021-11-19 07:00:00,2021-11-19 08:00:00,222.5,2.414125,8,4,11
Netherlands,2015-02-25 23:00:00,2015-02-26 00:00:00,46.43,0.5037655,0,3,2
Netherlands,2020-07-14 08:00:00,2020-07-14 10:00:00,36.15,0.39222749999999995,10,1,7
Netherlands,2021-11-27 08:00:00,2021-11-27 09:00:00,213.83,2.3200555,9,5,11
Netherlands,2021-12-15 13:00:00,2021-12-15 14:00:00,339.6,3.6846600000000005,14,2,12
Netherlands,2021-01-05 09:00:00,2021-01-05 10:00:00,59.22,0.6425369999999999,10,1,1
Netherlands,2020-03-09 18:00:00,2020-03-09 19:00:00,58.98,0.639933,19,0,3
Netherlands,2023-05-20 12:00:00,2023-05-20 14:00:00,-0.17,-0.0018445,14,5,5
Netherlands,2015-06-04 15:00:00,2015-06-04 17:00:00,45.32,0.491722,17,3,6
Netherlands,2020-10-09 07:00:00,2020-10-09 09:00:00,58.03,0.6296255,9,4,10
Netherlands,2022-09-06 19:00:00,2022-09-06 21:00:00,545.05,5.9137925,21,1,9
Netherlands,2021-04-17 07:00:00,2021-04-17 09:00:00,64.72,0.702212,9,5,4
Netherlands,2018-05-04 01:00:00,2018-05-04 03:00:00,37.45,0.40633250000000004,3,4,5
Netherlands,2015-09-07 19:00:00,2015-09-07 21:00:00,47.39,0.5141815000000001,21,0,9
Netherlands,2016-11-03 06:00:00,2016-11-03 07:00:00,50.01,0.5426084999999999,7,3,11
Netherlands,2023-03-19 06:00:00,2023-03-19 07:00:00,102.45,1.1115825,7,6,3
Netherlands,30/12/2023 17:00,2023-12-30 18:00:00,79.99,0.8678914999999999,18,5,12
Netherlands,2022-10-30 12:00:00,2022-10-30 13:00:00,100.0,1.085,13,6,10
Netherlands,2020-03-29 03:00:00,2020-03-29 05:00:00,1.55,0.0168175,5,6,3
Netherlands,2021-06-18 23:00:00,2021-06-19 01:00:00,74.23,0.8053954999999999,1,5,6
Netherlands,2017-05-31 23:00:00,2017-06-01 01:00:00,28.85,0.3130225,1,3,6
Netherlands,2018-09-28 00:00:00,2018-09-28 02:00:00,42.98,0.466333,2,4,9
Netherlands,2018-06-03 23:00:00,2018-06-04 01:00:00,43.6,0.47306,1,0,6
Netherlands,2016-08-11 06:00:00,2016-08-11 08:00:00,34.97,0.37942449999999994,8,3,8
Netherlands,2021-12-09 22:00:00,2021-12-09 23:00:00,192.6,2.08971,23,3,12
Netherlands,2015-09-10 14:00:00,2015-09-10 16:00:00,46.54,0.5049589999999999,16,3,9
Netherlands,2016-10-26 16:00:00,2016-10-26 18:00:00,41.26,0.44767099999999993,18,2,10
Netherlands,2018-10-04 10:00:00,2018-10-04 12:00:00,53.4,0.57939,12,3,10
Netherlands,2021-05-31 21:00:00,2021-05-31 23:00:00,72.67,0.7884695,23,0,5
Netherlands,2018-05-27 16:00:00,2018-05-27 18:00:00,70.0,0.7595,18,6,5
Netherlands,27/12/2024 22:00,2024-12-27 23:00:00,114.0,1.2368999999999999,23,4,12
Netherlands,2021-01-30 16:00:00,2021-01-30 17:00:00,60.54,0.656859,17,5,1
Netherlands,2017-03-20 10:00:00,2017-03-20 11:00:00,42.0,0.4557,11,0,3
Netherlands,14/12/2023 02:00,2023-12-14 03:00:00,77.53,0.8412005,3,3,12
Netherlands,2019-03-29 20:00:00,2019-03-29 21:00:00,43.04,0.46698399999999995,21,4,3
Netherlands,2023-07-03 04:00:00,2023-07-03 06:00:00,86.0,0.9331,6,0,7
Netherlands,2022-01-13 15:00:00,2022-01-13 16:00:00,202.14,2.1932189999999996,16,3,1
Netherlands,2020-12-01 18:00:00,2020-12-01 19:00:00,66.32,0.7195719999999999,19,1,12
Netherlands,2019-04-27 21:00:00,2019-04-27 23:00:00,31.57,0.34253449999999996,23,5,4
Netherlands,2022-02-07 00:00:00,2022-02-07 01:00:00,58.0,0.6293,1,0,2
Netherlands,2019-03-17 04:00:00,2019-03-17 05:00:00,35.0,0.37975,5,6,3
Netherlands,2023-04-19 08:00:00,2023-04-19 10:00:00,70.0,0.7595,10,2,4
Netherlands,2021-05-29 21:00:00,2021-05-29 23:00:00,69.99,0.7593915,23,5,5
Netherlands,2018-12-13 10:00:00,2018-12-13 11:00:00,74.06,0.803551,11,3,12
Netherlands,2018-01-18 20:00:00,2018-01-18 21:00:00,41.73,0.45277049999999996,21,3,1
Netherlands,29/10/2023 13:00,2023-10-29 14:00:00,9.59,0.10405149999999999,14,6,10
Netherlands,2016-06-08 09:00:00,2016-06-08 11:00:00,35.0,0.37975,11,2,6
Netherlands,01/10/2024 20:00,2024-10-01 22:00:00,91.45,0.9922325,22,1,10
Netherlands,2021-02-03 04:00:00,2021-02-03 05:00:00,36.99,0.4013415,5,2,2
Netherlands,2015-08-08 14:00:00,2015-08-08 16:00:00,25.28,0.27428800000000003,16,5,8
Netherlands,2022-11-29 14:00:00,2022-11-29 15:00:00,450.7,4.890095,15,1,11
Netherlands,2022-06-27 03:00:00,2022-06-27 05:00:00,268.96,2.9182159999999997,5,0,6
Netherlands,2015-08-17 01:00:00,2015-08-17 03:00:00,30.09,0.3264765,3,0,8
Netherlands,2017-02-19 14:00:00,2017-02-19 15:00:00,31.98,0.346983,15,6,2
Netherlands,2016-09-02 05:00:00,2016-09-02 07:00:00,37.86,0.410781,7,4,9
Netherlands,2021-06-17 07:00:00,2021-06-17 09:00:00,87.56,0.9500259999999999,9,3,6
Netherlands,2016-07-31 01:00:00,2016-07-31 03:00:00,22.56,0.244776,3,6,7
Netherlands,2020-09-27 10:00:00,2020-09-27 12:00:00,35.8,0.38842999999999994,12,6,9
Netherlands,15/01/2024 17:00,2024-01-15 18:00:00,112.81,1.2239885,18,0,1
Netherlands,10/11/2023 04:00,2023-11-10 05:00:00,66.98,0.7267330000000001,5,4,11
Netherlands,2015-09-07 18:00:00,2015-09-07 20:00:00,45.17,0.4900945,20,0,9
Netherlands,2016-10-06 11:00:00,2016-10-06 13:00:00,37.9,0.411215,13,3,10
Netherlands,2018-12-27 07:00:00,2018-12-27 08:00:00,64.96,0.7048159999999999,8,3,12
Netherlands,2020-10-01 20:00:00,2020-10-01 22:00:00,32.4,0.35153999999999996,22,3,10
Netherlands,2016-06-27 02:00:00,2016-06-27 04:00:00,19.48,0.211358,4,0,6
Netherlands,2020-03-18 08:00:00,2020-03-18 09:00:00,24.8,0.26908,9,2,3
Netherlands,2015-12-23 00:00:00,2015-12-23 01:00:00,8.19,0.0888615,1,2,12
Netherlands,2022-01-19 09:00:00,2022-01-19 10:00:00,194.0,2.1049,10,2,1
Netherlands,2021-01-21 20:00:00,2021-01-21 21:00:00,61.84,0.670964,21,3,1
Netherlands,2017-06-11 11:00:00,2017-06-11 13:00:00,25.74,0.279279,13,6,6
Netherlands,2020-02-08 06:00:00,2020-02-08 07:00:00,25.54,0.277109,7,5,2
Netherlands,2018-05-13 10:00:00,2018-05-13 12:00:00,38.8,0.42097999999999997,12,6,5
Netherlands,2020-12-04 07:00:00,2020-12-04 08:00:00,46.38,0.503223,8,4,12
Netherlands,2016-11-29 04:00:00,2016-11-29 05:00:00,35.0,0.37975,5,1,11
Netherlands,2015-01-19 04:00:00,2015-01-19 05:00:00,31.17,0.3381945,5,0,1
Netherlands,2018-01-04 18:00:00,2018-01-04 19:00:00,46.73,0.5070205,19,3,1
Netherlands,2023-05-21 12:00:00,2023-05-21 14:00:00,-58.32,-0.6327719999999999,14,6,5
Netherlands,2018-05-23 14:00:00,2018-05-23 16:00:00,48.5,0.526225,16,2,5
Netherlands,2023-09-20 11:00:00,2023-09-20 13:00:00,-5.34,-0.057939,13,2,9
Netherlands,30/06/2024 07:00,2024-06-30 09:00:00,0.82,0.008896999999999999,9,6,6
Netherlands,2022-04-16 18:00:00,2022-04-16 20:00:00,205.81,2.2330385,20,5,4
Netherlands,2020-08-24 15:00:00,2020-08-24 17:00:00,50.25,0.5452125,17,0,8
Netherlands,2016-05-09 08:00:00,2016-05-09 10:00:00,25.55,0.27721749999999995,10,0,5
Netherlands,2018-02-04 20:00:00,2018-02-04 21:00:00,36.98,0.40123299999999995,21,6,2
Netherlands,2015-02-10 20:00:00,2015-02-10 21:00:00,44.09,0.47837650000000004,21,1,2
Netherlands,17/01/2024 19:00,2024-01-17 20:00:00,99.16,1.075886,20,2,1
Netherlands,2020-08-11 01:00:00,2020-08-11 03:00:00,28.41,0.3082485,3,1,8
Netherlands,2015-09-26 07:00:00,2015-09-26 09:00:00,55.93,0.6068405,9,5,9
Netherlands,2015-09-21 04:00:00,2015-09-21 06:00:00,41.21,0.4471285,6,0,9
Netherlands,2021-04-02 02:00:00,2021-04-02 04:00:00,43.96,0.476966,4,4,4
Netherlands,2016-06-04 05:00:00,2016-06-04 07:00:00,23.5,0.254975,7,5,6
Netherlands,2017-05-16 02:00:00,2017-05-16 04:00:00,26.38,0.28622299999999995,4,1,5
Netherlands,2018-03-01 04:00:00,2018-03-01 05:00:00,40.63,0.44083550000000005,5,3,3
Netherlands,2017-01-03 08:00:00,2017-01-03 09:00:00,54.94,0.5960989999999999,9,1,1
Netherlands,2015-02-27 12:00:00,2015-02-27 13:00:00,54.99,0.5966414999999999,13,4,2
Netherlands,2017-12-09 01:00:00,2017-12-09 02:00:00,33.9,0.367815,2,5,12
Netherlands,2020-10-18 00:00:00,2020-10-18 02:00:00,44.0,0.4774,2,6,10
Netherlands,2022-09-07 16:00:00,2022-09-07 18:00:00,548.66,5.952960999999999,18,2,9
Netherlands,2023-07-29 04:00:00,2023-07-29 06:00:00,85.7,0.929845,6,5,7
Netherlands,2015-04-03 03:00:00,2015-04-03 05:00:00,36.1,0.391685,5,4,4
Netherlands,2019-05-01 14:00:00,2019-05-01 16:00:00,37.66,0.40861099999999995,16,2,5
Netherlands,2022-10-23 16:00:00,2022-10-23 18:00:00,109.02,1.182867,18,6,10
Netherlands,2023-05-18 00:00:00,2023-05-18 02:00:00,89.24,0.968254,2,3,5
Netherlands,2021-01-15 23:00:00,2021-01-16 00:00:00,50.0,0.5425,0,5,1
Netherlands,2015-06-13 23:00:00,2015-06-14 01:00:00,27.93,0.3030405,1,6,6
Netherlands,2019-12-22 00:00:00,2019-12-22 01:00:00,24.0,0.26039999999999996,1,6,12
Netherlands,2018-09-28 02:00:00,2018-09-28 04:00:00,44.52,0.483042,4,4,9
Netherlands,2020-06-05 09:00:00,2020-06-05 11:00:00,29.96,0.32506599999999997,11,4,6
Netherlands,2023-03-02 21:00:00,2023-03-02 22:00:00,144.91,1.5722735,22,3,3
Netherlands,2018-12-14 09:00:00,2018-12-14 10:00:00,84.77,0.9197544999999999,10,4,12
Netherlands,2018-04-15 20:00:00,2018-04-15 22:00:00,42.0,0.4557,22,6,4
Netherlands,17/06/2024 16:00,2024-06-17 18:00:00,101.36,1.099756,18,0,6
Netherlands,2023-01-11 13:00:00,2023-01-11 14:00:00,115.74,1.255779,14,2,1
Netherlands,2021-11-29 16:00:00,2021-11-29 17:00:00,421.87,4.5772895,17,0,11
Netherlands,2015-11-16 01:00:00,2015-11-16 02:00:00,21.51,0.2333835,2,0,11
Netherlands,2021-06-09 01:00:00,2021-06-09 03:00:00,64.0,0.6944,3,2,6
Netherlands,2022-02-03 16:00:00,2022-02-03 17:00:00,224.15,2.4320275000000002,17,3,2
Netherlands,2019-10-24 04:00:00,2019-10-24 06:00:00,39.55,0.42911749999999993,6,3,10
Netherlands,2022-12-04 10:00:00,2022-12-04 11:00:00,306.89,3.3297565,11,6,12
Netherlands,2015-01-24 11:00:00,2015-01-24 12:00:00,45.92,0.498232,12,5,1
Netherlands,2015-07-22 11:00:00,2015-07-22 13:00:00,48.07,0.5215595,13,2,7
Netherlands,2016-12-15 12:00:00,2016-12-15 13:00:00,54.95,0.5962075,13,3,12
Netherlands,2020-03-19 00:00:00,2020-03-19 01:00:00,24.0,0.26039999999999996,1,3,3
Netherlands,2016-11-10 20:00:00,2016-11-10 21:00:00,41.86,0.454181,21,3,11
Netherlands,2023-01-26 22:00:00,2023-01-26 23:00:00,130.0,1.4105,23,3,1
Netherlands,2017-07-18 14:00:00,2017-07-18 16:00:00,38.44,0.41707399999999994,16,1,7
Netherlands,2021-11-08 01:00:00,2021-11-08 02:00:00,180.0,1.953,2,0,11
Netherlands,2016-11-28 04:00:00,2016-11-28 05:00:00,31.96,0.346766,5,0,11
Netherlands,2017-08-24 11:00:00,2017-08-24 13:00:00,29.63,0.3214855,13,3,8
Netherlands,2023-09-28 13:00:00,2023-09-28 15:00:00,92.02,0.9984169999999999,15,3,9
Netherlands,2020-08-13 00:00:00,2020-08-13 02:00:00,21.5,0.233275,2,3,8
Netherlands,11/07/2024 11:00,2024-07-11 13:00:00,47.96,0.520366,13,3,7
Netherlands,2018-05-29 22:00:00,2018-05-30 00:00:00,44.0,0.4774,0,2,5
Netherlands,2017-08-31 01:00:00,2017-08-31 03:00:00,28.83,0.3128055,3,3,8
Netherlands,2018-12-05 19:00:00,2018-12-05 20:00:00,52.3,0.5674549999999999,20,2,12
Netherlands,2019-06-05 01:00:00,2019-06-05 03:00:00,24.54,0.26625899999999997,3,2,6
Netherlands,2015-04-20 14:00:00,2015-04-20 16:00:00,39.25,0.42586250000000003,16,0,4
Netherlands,2017-02-22 16:00:00,2017-02-22 17:00:00,44.94,0.48759899999999995,17,2,2
Netherlands,2016-03-27 06:00:00,2016-03-27 08:00:00,13.03,0.1413755,8,6,3
Netherlands,2019-03-19 08:00:00,2019-03-19 09:00:00,49.69,0.5391364999999999,9,1,3
Netherlands,2022-09-22 18:00:00,2022-09-22 20:00:00,510.0,5.5335,20,3,9
Netherlands,2018-08-30 10:00:00,2018-08-30 12:00:00,52.12,0.565502,12,3,8
Netherlands,2022-05-06 09:00:00,2022-05-06 11:00:00,208.13,2.2582104999999997,11,4,5
Netherlands,2022-04-02 12:00:00,2022-04-02 14:00:00,90.95,0.9868075000000001,14,5,4
Netherlands,22/11/2023 00:00,2023-11-22 01:00:00,95.01,1.0308585000000001,1,2,11
Netherlands,02/10/2024 14:00,2024-10-02 16:00:00,81.58,0.8851429999999999,16,2,10
Netherlands,14/05/2024 20:00,2024-05-14 22:00:00,89.23,0.9681455,22,1,5
Netherlands,2016-10-16 20:00:00,2016-10-16 22:00:00,33.27,0.3609795,22,6,10
Netherlands,2021-05-15 06:00:00,2021-05-15 08:00:00,60.6,0.65751,8,5,5
Netherlands,2021-02-01 08:00:00,2021-02-01 09:00:00,65.1,0.7063349999999999,9,0,2
Netherlands,2023-09-23 11:00:00,2023-09-23 13:00:00,70.55,0.7654675,13,5,9
Netherlands,2022-06-27 16:00:00,2022-06-27 18:00:00,249.5,2.7070749999999997,18,0,6
Netherlands,2020-06-25 09:00:00,2020-06-25 11:00:00,34.9,0.378665,11,3,6
Netherlands,2020-10-23 07:00:00,2020-10-23 09:00:00,59.9,0.6499149999999999,9,4,10
Netherlands,2018-09-09 11:00:00,2018-09-09 13:00:00,52.4,0.5685399999999999,13,6,9
Netherlands,2017-10-02 10:00:00,2017-10-02 12:00:00,33.9,0.367815,12,0,10
Netherlands,2021-11-29 11:00:00,2021-11-29 12:00:00,268.97,2.9183245,12,0,11
Netherlands,2019-12-09 02:00:00,2019-12-09 03:00:00,0.0,0.0,3,0,12
Netherlands,20/10/2024 22:00,2024-10-21 00:00:00,-0.1,-0.001085,0,0,10
Netherlands,2020-09-02 16:00:00,2020-09-02 18:00:00,60.4,0.6553399999999999,18,2,9
Netherlands,2016-08-20 19:00:00,2016-08-20 21:00:00,30.38,0.329623,21,5,8
Netherlands,28/09/2024 18:00,2024-09-28 20:00:00,141.98,1.540483,20,5,9
Netherlands,2022-10-22 07:00:00,2022-10-22 09:00:00,141.36,1.5337560000000001,9,5,10
Netherlands,2016-03-19 19:00:00,2016-03-19 20:00:00,27.08,0.29381799999999997,20,5,3
Netherlands,2017-12-07 12:00:00,2017-12-07 13:00:00,40.5,0.439425,13,3,12
Netherlands,2015-05-10 16:00:00,2015-05-10 18:00:00,44.94,0.48759899999999995,18,6,5
Netherlands,2015-01-27 04:00:00,2015-01-27 05:00:00,32.65,0.35425249999999997,5,1,1
Netherlands,2020-08-16 22:00:00,2020-08-17 00:00:00,30.35,0.3292975,0,0,8
Netherlands,2021-12-18 00:00:00,2021-12-18 01:00:00,271.63,2.9471855000000002,1,5,12
Netherlands,2017-10-07 11:00:00,2017-10-07 13:00:00,40.92,0.44398200000000004,13,5,10
Netherlands,2015-10-11 12:00:00,2015-10-11 14:00:00,39.94,0.433349,14,6,10
Netherlands,2018-05-27 11:00:00,2018-05-27 13:00:00,30.0,0.3255,13,6,5
Netherlands,2016-01-24 03:00:00,2016-01-24 04:00:00,22.54,0.24455899999999997,4,6,1
Netherlands,2018-01-31 01:00:00,2018-01-31 02:00:00,27.97,0.3034745,2,2,1
Netherlands,2019-10-04 02:00:00,2019-10-04 04:00:00,25.48,0.276458,4,4,10
Netherlands,2018-04-11 18:00:00,2018-04-11 20:00:00,43.8,0.47523,20,2,4
Netherlands,2022-09-01 23:00:00,2022-09-02 01:00:00,418.74,4.543329,1,4,9
Netherlands,2016-08-31 01:00:00,2016-08-31 03:00:00,22.77,0.24705449999999998,3,2,8
Netherlands,2021-06-18 16:00:00,2021-06-18 18:00:00,91.1,0.988435,18,4,6
Netherlands,2019-07-10 19:00:00,2019-07-10 21:00:00,48.06,0.521451,21,2,7
Netherlands,2022-03-06 00:00:00,2022-03-06 01:00:00,353.0,3.8300499999999995,1,6,3
Netherlands,2018-06-27 05:00:00,2018-06-27 07:00:00,56.78,0.616063,7,2,6
Netherlands,2020-12-16 05:00:00,2020-12-16 06:00:00,40.15,0.4356275,6,2,12
Netherlands,2015-10-17 20:00:00,2015-10-17 22:00:00,42.43,0.4603655,22,5,10
Netherlands,2022-02-22 23:00:00,2022-02-23 00:00:00,119.3,1.294405,0,2,2
Netherlands,2017-12-03 04:00:00,2017-12-03 05:00:00,47.97,0.5204745,5,6,12
Netherlands,2019-02-24 13:00:00,2019-02-24 14:00:00,34.54,0.37475899999999995,14,6,2
Netherlands,2019-01-10 01:00:00,2019-01-10 02:00:00,48.63,0.5276354999999999,2,3,1
Netherlands,2017-12-22 07:00:00,2017-12-22 08:00:00,48.0,0.5207999999999999,8,4,12
Netherlands,12/12/2023 00:00,2023-12-12 01:00:00,87.06,0.944601,1,1,12
Netherlands,2021-08-13 14:00:00,2021-08-13 16:00:00,72.58,0.7874929999999999,16,4,8
Netherlands,2016-12-15 16:00:00,2016-12-15 17:00:00,74.94,0.8130989999999999,17,3,12
Netherlands,2016-02-28 21:00:00,2016-02-28 22:00:00,20.44,0.221774,22,6,2
Netherlands,2017-08-13 02:00:00,2017-08-13 04:00:00,13.34,0.144739,4,6,8
Netherlands,2020-12-31 00:00:00,2020-12-31 01:00:00,44.1,0.478485,1,3,12
Netherlands,2020-12-03 08:00:00,2020-12-03 09:00:00,66.11,0.7172935,9,3,12
Netherlands,2019-01-26 18:00:00,2019-01-26 19:00:00,52.75,0.5723374999999999,19,5,1
Netherlands,2019-06-22 17:00:00,2019-06-22 19:00:00,37.91,0.41132349999999995,19,5,6
Netherlands,2017-10-26 03:00:00,2017-10-26 05:00:00,33.7,0.36564500000000005,5,3,10
Netherlands,2017-06-13 07:00:00,2017-06-13 09:00:00,43.95,0.4768575,9,1,6
Netherlands,2019-04-06 02:00:00,2019-04-06 04:00:00,36.13,0.39201050000000004,4,5,4
Netherlands,2019-06-08 08:00:00,2019-06-08 10:00:00,27.4,0.29728999999999994,10,5,6
Netherlands,2020-02-03 01:00:00,2020-02-03 02:00:00,14.38,0.156023,2,0,2
Netherlands,2017-03-09 10:00:00,2017-03-09 11:00:00,47.16,0.511686,11,3,3
Netherlands,2022-03-15 14:00:00,2022-03-15 15:00:00,244.19,2.6494614999999997,15,1,3
Netherlands,2023-05-10 00:00:00,2023-05-10 02:00:00,88.38,0.9589229999999999,2,2,5
Netherlands,2017-05-19 17:00:00,2017-05-19 19:00:00,38.97,0.4228245,19,4,5
Netherlands,20/11/2023 19:00,2023-11-20 20:00:00,120.05,1.3025425,20,0,11
Netherlands,2015-12-16 00:00:00,2015-12-16 01:00:00,29.18,0.316603,1,2,12
Netherlands,2017-12-19 12:00:00,2017-12-19 13:00:00,70.2,0.76167,13,1,12
Netherlands,2019-01-18 16:00:00,2019-01-18 17:00:00,75.04,0.8141840000000001,17,4,1
Netherlands,2022-03-16 08:00:00,2022-03-16 09:00:00,295.94,3.2109490000000003,9,2,3
Netherlands,2015-10-20 23:00:00,2015-10-21 01:00:00,31.6,0.34286,1,2,10
Netherlands,2015-06-24 17:00:00,2015-06-24 19:00:00,49.47,0.5367495,19,2,6
Netherlands,2022-10-31 13:00:00,2022-10-31 14:00:00,155.0,1.68175,14,0,10
Netherlands,2019-12-11 06:00:00,2019-12-11 07:00:00,39.17,0.4249945,7,2,12
Netherlands,2022-10-04 15:00:00,2022-10-04 17:00:00,216.02,2.343817,17,1,10
Netherlands,06/01/2024 09:00,2024-01-06 10:00:00,97.3,1.055705,10,5,1
Netherlands,2019-03-30 06:00:00,2019-03-30 07:00:00,36.89,0.4002565,7,5,3
Netherlands,28/09/2024 17:00,2024-09-28 19:00:00,144.77,1.5707545,19,5,9
Netherlands,2018-02-21 11:00:00,2018-02-21 12:00:00,44.56,0.483476,12,2,2
Netherlands,2022-05-16 00:00:00,2022-05-16 02:00:00,169.13,1.8350604999999998,2,0,5
Netherlands,2019-02-11 09:00:00,2019-02-11 10:00:00,71.21,0.7726284999999999,10,0,2
Netherlands,2023-05-04 09:00:00,2023-05-04 11:00:00,79.6,0.8636599999999999,11,3,5
Netherlands,2017-09-14 20:00:00,2017-09-14 22:00:00,45.6,0.49476,22,3,9
Netherlands,2018-12-27 04:00:00,2018-12-27 05:00:00,49.18,0.5336029999999999,5,3,12
Netherlands,2020-07-13 07:00:00,2020-07-13 09:00:00,37.68,0.40882799999999997,9,0,7
Netherlands,2017-10-04 20:00:00,2017-10-04 22:00:00,30.6,0.33200999999999997,22,2,10
Netherlands,2015-05-16 02:00:00,2015-05-16 04:00:00,28.56,0.309876,4,5,5
Netherlands,2017-11-15 20:00:00,2017-11-15 21:00:00,44.9,0.48716499999999996,21,2,11
Netherlands,2022-01-16 19:00:00,2022-01-16 20:00:00,238.65,2.5893525,20,6,1
Netherlands,2017-08-21 16:00:00,2017-08-21 18:00:00,39.8,0.43182999999999994,18,0,8
Netherlands,2019-01-06 04:00:00,2019-01-06 05:00:00,47.17,0.5117945,5,6,1
Netherlands,16/11/2023 15:00,2023-11-16 16:00:00,158.24,1.716904,16,3,11
Netherlands,05/11/2024 03:00,2024-11-05 04:00:00,94.0,1.0199,4,1,11
Netherlands,16/03/2024 09:00,2024-03-16 10:00:00,44.88,0.48694800000000005,10,5,3
Netherlands,2018-06-11 09:00:00,2018-06-11 11:00:00,69.9,0.7584150000000001,11,0,6
Netherlands,2018-02-17 04:00:00,2018-02-17 05:00:00,33.86,0.36738099999999996,5,5,2
Netherlands,2023-05-16 20:00:00,2023-05-16 22:00:00,113.0,1.2260499999999999,22,1,5
Netherlands,2015-10-13 11:00:00,2015-10-13 13:00:00,34.96,0.379316,13,1,10
Netherlands,2016-06-25 22:00:00,2016-06-26 00:00:00,17.29,0.1875965,0,6,6
Netherlands,2022-07-23 12:00:00,2022-07-23 14:00:00,118.71,1.2880034999999999,14,5,7
Netherlands,2015-07-03 21:00:00,2015-07-03 23:00:00,47.99,0.5206915,23,4,7
Netherlands,2023-03-14 16:00:00,2023-03-14 17:00:00,131.55,1.4273175,17,1,3
Netherlands,2021-06-09 15:00:00,2021-06-09 17:00:00,78.32,0.849772,17,2,6
Netherlands,2017-11-03 03:00:00,2017-11-03 04:00:00,34.5,0.37432499999999996,4,4,11
Netherlands,2015-01-06 04:00:00,2015-01-06 05:00:00,36.02,0.390817,5,1,1
Netherlands,2021-06-07 21:00:00,2021-06-07 23:00:00,79.0,0.85715,23,0,6
Netherlands,2016-01-06 04:00:00,2016-01-06 05:00:00,24.99,0.2711414999999999,5,2,1
Netherlands,2021-12-09 03:00:00,2021-12-09 04:00:00,194.96,2.115316,4,3,12
Netherlands,19/12/2023 02:00,2023-12-19 03:00:00,56.27,0.6105295,3,1,12
Netherlands,2021-06-14 00:00:00,2021-06-14 02:00:00,63.38,0.687673,2,0,6
Netherlands,2023-07-21 12:00:00,2023-07-21 14:00:00,74.6,0.80941,14,4,7
Netherlands,2019-12-02 16:00:00,2019-12-02 17:00:00,73.93,0.8021405,17,0,12
Netherlands,2021-10-29 21:00:00,2021-10-29 23:00:00,181.0,1.9638499999999999,23,4,10
Netherlands,2018-11-28 10:00:00,2018-11-28 11:00:00,53.54,0.580909,11,2,11
Netherlands,2022-05-13 05:00:00,2022-05-13 07:00:00,242.74,2.6337289999999998,7,4,5
Netherlands,2020-07-19 00:00:00,2020-07-19 02:00:00,27.0,0.29295,2,6,7
Netherlands,2016-05-17 04:00:00,2016-05-17 06:00:00,29.95,0.32495749999999995,6,1,5
Netherlands,2015-09-23 22:00:00,2015-09-24 00:00:00,38.99,0.42304149999999996,0,3,9
Netherlands,2019-10-01 14:00:00,2019-10-01 16:00:00,42.88,0.465248,16,1,10
Netherlands,2016-05-01 03:00:00,2016-05-01 05:00:00,17.92,0.19443200000000002,5,6,5
Netherlands,2022-11-13 21:00:00,2022-11-13 22:00:00,142.0,1.5407,22,6,11
Netherlands,2022-08-24 10:00:00,2022-08-24 12:00:00,457.15,4.9600775,12,2,8
Netherlands,2022-02-15 21:00:00,2022-02-15 22:00:00,221.0,2.39785,22,1,2
Netherlands,2019-07-12 18:00:00,2019-07-12 20:00:00,53.81,0.5838384999999999,20,4,7
Netherlands,28/08/2024 10:00,2024-08-28 12:00:00,34.95,0.37920750000000003,12,2,8
Netherlands,2015-09-08 13:00:00,2015-09-08 15:00:00,40.5,0.439425,15,1,9
Netherlands,2017-03-21 14:00:00,2017-03-21 15:00:00,30.34,0.32918899999999995,15,1,3
Netherlands,11/05/2024 16:00,2024-05-11 18:00:00,69.49,0.7539664999999999,18,5,5
Netherlands,22/08/2024 22:00,2024-08-23 00:00:00,51.28,0.556388,0,4,8
Netherlands,2015-07-02 19:00:00,2015-07-02 21:00:00,40.97,0.4445245,21,3,7
Netherlands,2017-03-18 00:00:00,2017-03-18 01:00:00,28.26,0.306621,1,5,3
Netherlands,2023-04-07 18:00:00,2023-04-07 20:00:00,159.48,1.7303579999999996,20,4,4
Netherlands,2020-02-28 23:00:00,2020-02-29 00:00:00,24.0,0.26039999999999996,0,5,2
Netherlands,2017-05-17 18:00:00,2017-05-17 20:00:00,37.9,0.411215,20,2,5
Netherlands,2017-02-26 17:00:00,2017-02-26 18:00:00,38.79,0.42087149999999995,18,6,2
Netherlands,2017-11-30 02:00:00,2017-11-30 03:00:00,38.1,0.413385,3,3,11
Netherlands,2019-07-12 20:00:00,2019-07-12 22:00:00,43.88,0.476098,22,4,7
Netherlands,2015-09-01 00:00:00,2015-09-01 02:00:00,34.99,0.3796415,2,1,9
Netherlands,2023-09-22 07:00:00,2023-09-22 09:00:00,118.28,1.2833379999999999,9,4,9
Netherlands,2017-06-29 05:00:00,2017-06-29 07:00:00,41.9,0.45461499999999994,7,3,6
Netherlands,2020-03-19 22:00:00,2020-03-19 23:00:00,27.1,0.29403500000000005,23,3,3
Netherlands,2017-06-15 01:00:00,2017-06-15 03:00:00,29.39,0.31888150000000004,3,3,6
Netherlands,2015-07-24 20:00:00,2015-07-24 22:00:00,42.75,0.46383749999999996,22,4,7
Netherlands,2018-03-30 03:00:00,2018-03-30 05:00:00,33.57,0.36423449999999996,5,4,3
Netherlands,2020-12-05 04:00:00,2020-12-05 05:00:00,38.55,0.4182674999999999,5,5,12
Netherlands,2018-11-08 08:00:00,2018-11-08 09:00:00,68.82,0.7466969999999999,9,3,11
Netherlands,2017-04-19 19:00:00,2017-04-19 21:00:00,43.06,0.46720100000000003,21,2,4
Netherlands,2021-04-21 11:00:00,2021-04-21 13:00:00,39.0,0.42314999999999997,13,2,4
Netherlands,14/04/2024 18:00,2024-04-14 20:00:00,133.65,1.4501025,20,6,4
Netherlands,2015-02-22 05:00:00,2015-02-22 06:00:00,33.4,0.36239,6,6,2
Netherlands,2016-08-05 06:00:00,2016-08-05 08:00:00,37.19,0.40351149999999997,8,4,8
Netherlands,2023-09-03 23:00:00,2023-09-04 01:00:00,94.49,1.0252165,1,0,9
Netherlands,2017-11-02 04:00:00,2017-11-02 05:00:00,37.0,0.40145,5,3,11
Netherlands,2018-07-08 08:00:00,2018-07-08 10:00:00,39.9,0.43291499999999994,10,6,7
Netherlands,2017-08-31 23:00:00,2017-09-01 01:00:00,31.07,0.33710949999999995,1,4,9
Netherlands,2018-02-21 17:00:00,2018-02-21 18:00:00,58.93,0.6393905,18,2,2
Netherlands,2015-06-08 11:00:00,2015-06-08 13:00:00,60.12,0.6523019999999999,13,0,6
Netherlands,2019-10-02 11:00:00,2019-10-02 13:00:00,34.9,0.378665,13,2,10
Netherlands,2021-09-26 20:00:00,2021-09-26 22:00:00,163.94,1.778749,22,6,9
Netherlands,2016-03-17 12:00:00,2016-03-17 13:00:00,23.7,0.25714499999999996,13,3,3
Netherlands,2015-04-22 21:00:00,2015-04-22 23:00:00,39.94,0.433349,23,2,4
Netherlands,2022-10-04 22:00:00,2022-10-05 00:00:00,199.99,2.1698915000000003,0,2,10
Netherlands,2023-05-26 11:00:00,2023-05-26 13:00:00,-25.34,-0.274939,13,4,5
Netherlands,2016-06-27 22:00:00,2016-06-28 00:00:00,26.84,0.291214,0,1,6
Netherlands,2018-11-29 02:00:00,2018-11-29 03:00:00,44.75,0.48553749999999996,3,3,11
Netherlands,2015-03-21 14:00:00,2015-03-21 15:00:00,33.0,0.35805000000000003,15,5,3
Netherlands,2016-08-26 16:00:00,2016-08-26 18:00:00,39.65,0.4302025,18,4,8
Netherlands,26/11/2023 17:00,2023-11-26 18:00:00,160.6,1.74251,18,6,11
Netherlands,2017-10-18 04:00:00,2017-10-18 06:00:00,49.87,0.5410894999999999,6,2,10
Netherlands,2018-01-05 16:00:00,2018-01-05 17:00:00,56.35,0.6113975,17,4,1
Netherlands,16/01/2024 22:00,2024-01-16 23:00:00,75.2,0.81592,23,1,1
Netherlands,26/10/2023 13:00,2023-10-26 15:00:00,118.21,1.2825784999999998,15,3,10
Netherlands,2019-10-22 00:00:00,2019-10-22 02:00:00,34.64,0.375844,2,1,10
Netherlands,2019-11-04 22:00:00,2019-11-04 23:00:00,30.0,0.3255,23,0,11
Netherlands,2015-09-13 16:00:00,2015-09-13 18:00:00,31.35,0.3401475,18,6,9
Netherlands,2016-08-06 10:00:00,2016-08-06 12:00:00,23.9,0.259315,12,5,8
Netherlands,2016-09-20 12:00:00,2016-09-20 14:00:00,40.75,0.44213749999999996,14,1,9
Netherlands,2023-05-09 22:00:00,2023-05-10 00:00:00,94.82,1.0287969999999997,0,2,5
Netherlands,2016-07-18 00:00:00,2016-07-18 02:00:00,24.75,0.2685375,2,0,7
Netherlands,2022-04-26 07:00:00,2022-04-26 09:00:00,249.9,2.711415,9,1,4
Netherlands,2019-01-31 13:00:00,2019-01-31 14:00:00,66.16,0.7178359999999999,14,3,1
Netherlands,27/06/2024 15:00,2024-06-27 17:00:00,45.44,0.49302399999999996,17,3,6
Netherlands,2017-06-13 04:00:00,2017-06-13 06:00:00,33.12,0.35935199999999995,6,1,6
Netherlands,2016-04-20 02:00:00,2016-04-20 04:00:00,18.63,0.20213549999999997,4,2,4
Netherlands,2019-03-28 04:00:00,2019-03-28 05:00:00,36.67,0.39786950000000004,5,3,3
Netherlands,2021-06-10 15:00:00,2021-06-10 17:00:00,81.7,0.886445,17,3,6
Netherlands,2020-01-21 20:00:00,2020-01-21 21:00:00,40.43,0.4386655,21,1,1
Netherlands,2015-06-21 12:00:00,2015-06-21 14:00:00,25.0,0.27125,14,6,6
Netherlands,22/01/2024 09:00,2024-01-22 10:00:00,74.34,0.806589,10,0,1
Netherlands,2018-08-04 06:00:00,2018-08-04 08:00:00,54.89,0.5955565,8,5,8
Netherlands,2020-01-05 01:00:00,2020-01-05 02:00:00,31.18,0.338303,2,6,1
Netherlands,28/11/2023 00:00,2023-11-28 01:00:00,70.49,0.7648164999999999,1,1,11
Netherlands,2016-10-01 12:00:00,2016-10-01 14:00:00,27.29,0.2960965,14,5,10
Netherlands,26/05/2024 16:00,2024-05-26 18:00:00,91.17,0.9891945,18,6,5
Netherlands,2021-11-12 15:00:00,2021-11-12 16:00:00,166.45,1.8059824999999998,16,4,11
Netherlands,2021-01-01 23:00:00,2021-01-02 00:00:00,46.69,0.5065864999999999,0,5,1
Netherlands,2020-09-26 01:00:00,2020-09-26 03:00:00,26.22,0.284487,3,5,9
Netherlands,2020-05-19 15:00:00,2020-05-19 17:00:00,20.94,0.227199,17,1,5
Netherlands,03/08/2024 11:00,2024-08-03 13:00:00,6.41,0.0695485,13,5,8
Netherlands,2018-04-06 15:00:00,2018-04-06 17:00:00,31.68,0.34372800000000003,17,4,4
Netherlands,2021-09-21 13:00:00,2021-09-21 15:00:00,128.53,1.3945505,15,1,9
Netherlands,2020-07-03 18:00:00,2020-07-03 20:00:00,36.94,0.40079899999999996,20,4,7
Netherlands,2022-03-24 18:00:00,2022-03-24 19:00:00,371.11,4.0265435,19,3,3
Netherlands,2016-11-09 16:00:00,2016-11-09 17:00:00,78.44,0.851074,17,2,11
Netherlands,2015-05-08 02:00:00,2015-05-08 04:00:00,38.87,0.4217395,4,4,5
Netherlands,2019-09-04 17:00:00,2019-09-04 19:00:00,40.3,0.43725499999999995,19,2,9
Netherlands,2015-01-20 10:00:00,2015-01-20 11:00:00,57.46,0.623441,11,1,1
Netherlands,21/12/2023 01:00,2023-12-21 02:00:00,20.48,0.222208,2,3,12
Netherlands,2020-02-17 00:00:00,2020-02-17 01:00:00,12.66,0.13736099999999998,1,0,2
Netherlands,2017-08-31 05:00:00,2017-08-31 07:00:00,39.92,0.433132,7,3,8
Netherlands,2016-12-02 02:00:00,2016-12-02 03:00:00,29.94,0.324849,3,4,12
Netherlands,2018-11-02 06:00:00,2018-11-02 07:00:00,54.12,0.587202,7,4,11
Netherlands,2022-06-25 03:00:00,2022-06-25 05:00:00,209.06,2.268301,5,5,6
Netherlands,2015-05-03 18:00:00,2015-05-03 20:00:00,30.31,0.3288635,20,6,5
Netherlands,2020-04-16 09:00:00,2020-04-16 11:00:00,18.93,0.2053905,11,3,4
Netherlands,2021-10-23 03:00:00,2021-10-23 05:00:00,200.0,2.17,5,5,10
Netherlands,2020-01-24 04:00:00,2020-01-24 05:00:00,30.0,0.3255,5,4,1
Netherlands,2019-08-14 14:00:00,2019-08-14 16:00:00,33.84,0.36716400000000005,16,2,8
Netherlands,2018-01-09 08:00:00,2018-01-09 09:00:00,47.9,0.5197149999999999,9,1,1
Netherlands,2023-03-27 16:00:00,2023-03-27 18:00:00,100.4,1.08934,18,0,3
Netherlands,2019-11-27 06:00:00,2019-11-27 07:00:00,50.68,0.549878,7,2,11
Netherlands,2019-02-27 02:00:00,2019-02-27 03:00:00,37.99,0.41219150000000004,3,2,2
Netherlands,2019-03-16 18:00:00,2019-03-16 19:00:00,38.5,0.41772499999999996,19,5,3
Netherlands,2017-10-01 04:00:00,2017-10-01 06:00:00,29.2,0.31682,6,6,10
Netherlands,2016-02-11 12:00:00,2016-02-11 13:00:00,25.12,0.272552,13,3,2
Netherlands,2022-09-27 19:00:00,2022-09-27 21:00:00,351.43,3.8130155,21,1,9
Netherlands,22/12/2024 03:00,2024-12-22 04:00:00,-2.0,-0.0217,4,6,12
Netherlands,08/08/2024 02:00,2024-08-08 04:00:00,88.41,0.9592485,4,3,8
Netherlands,2015-01-12 03:00:00,2015-01-12 04:00:00,19.91,0.21602349999999998,4,0,1
Netherlands,2016-01-17 07:00:00,2016-01-17 08:00:00,24.3,0.263655,8,6,1
Netherlands,2017-06-29 09:00:00,2017-06-29 11:00:00,47.81,0.5187385,11,3,6
Netherlands,2019-04-06 09:00:00,2019-04-06 11:00:00,40.91,0.4438734999999999,11,5,4
Netherlands,2017-04-16 14:00:00,2017-04-16 16:00:00,26.86,0.291431,16,6,4
Netherlands,2017-11-11 11:00:00,2017-11-11 12:00:00,40.0,0.434,12,5,11
Netherlands,2017-07-27 11:00:00,2017-07-27 13:00:00,38.03,0.4126255,13,3,7
Netherlands,2018-05-23 15:00:00,2018-05-23 17:00:00,50.0,0.5425,17,2,5
Netherlands,2021-02-19 16:00:00,2021-02-19 17:00:00,60.55,0.6569674999999999,17,4,2
Netherlands,2019-03-20 04:00:00,2019-03-20 05:00:00,37.2,0.40362,5,2,3
Netherlands,2016-03-08 07:00:00,2016-03-08 08:00:00,39.08,0.42401799999999995,8,1,3
Netherlands,2021-09-08 17:00:00,2021-09-08 19:00:00,169.83,1.8426555,19,2,9
Netherlands,2020-06-01 11:00:00,2020-06-01 13:00:00,0.59,0.006401499999999999,13,0,6
Netherlands,2020-10-14 18:00:00,2020-10-14 20:00:00,31.1,0.337435,20,2,10
Netherlands,2020-08-09 16:00:00,2020-08-09 18:00:00,35.0,0.37975,18,6,8
Netherlands,2015-06-20 08:00:00,2015-06-20 10:00:00,40.0,0.434,10,5,6
Netherlands,2015-09-23 10:00:00,2015-09-23 12:00:00,50.0,0.5425,12,2,9
Netherlands,2021-03-23 15:00:00,2021-03-23 16:00:00,60.02,0.6512169999999999,16,1,3
Netherlands,2018-05-03 15:00:00,2018-05-03 17:00:00,40.7,0.441595,17,3,5
Netherlands,02/08/2024 18:00,2024-08-02 20:00:00,145.73,1.5811705,20,4,8
Netherlands,2015-05-05 20:00:00,2015-05-05 22:00:00,37.44,0.406224,22,1,5
Netherlands,2015-03-18 06:00:00,2015-03-18 07:00:00,47.44,0.514724,7,2,3
Netherlands,2022-02-01 03:00:00,2022-02-01 04:00:00,164.8,1.7880800000000001,4,1,2
Netherlands,2018-01-02 19:00:00,2018-01-02 20:00:00,34.94,0.37909899999999996,20,1,1
Netherlands,19/07/2024 18:00,2024-07-19 20:00:00,181.12,1.965152,20,4,7
Netherlands,2019-10-22 01:00:00,2019-10-22 03:00:00,31.84,0.345464,3,1,10
Netherlands,2019-01-21 15:00:00,2019-01-21 16:00:00,81.08,0.879718,16,0,1
Netherlands,05/10/2023 02:00,2023-10-05 04:00:00,69.0,0.7486499999999999,4,3,10
Netherlands,2015-05-18 12:00:00,2015-05-18 14:00:00,45.0,0.48825,14,0,5
Netherlands,2017-05-08 12:00:00,2017-05-08 14:00:00,32.06,0.347851,14,0,5
Netherlands,2016-03-17 07:00:00,2016-03-17 08:00:00,36.0,0.39059999999999995,8,3,3
Netherlands,2015-02-16 14:00:00,2015-02-16 15:00:00,49.87,0.5410894999999999,15,0,2
Netherlands,2016-12-19 03:00:00,2016-12-19 04:00:00,34.28,0.371938,4,0,12
Netherlands,2019-10-29 05:00:00,2019-10-29 06:00:00,43.26,0.469371,6,1,10
Netherlands,2017-08-29 12:00:00,2017-08-29 14:00:00,32.49,0.3525165,14,1,8
Netherlands,2020-04-07 14:00:00,2020-04-07 16:00:00,15.47,0.1678495,16,1,4
Netherlands,2019-05-16 09:00:00,2019-05-16 11:00:00,43.93,0.47664049999999997,11,3,5
Netherlands,2023-01-08 09:00:00,2023-01-08 10:00:00,93.88,1.018598,10,6,1
Netherlands,2023-06-16 07:00:00,2023-06-16 09:00:00,124.16,1.347136,9,4,6
Netherlands,2022-03-19 16:00:00,2022-03-19 17:00:00,190.43,2.0661655,17,5,3
Netherlands,2019-10-25 06:00:00,2019-10-25 08:00:00,51.52,0.5589919999999999,8,4,10
Netherlands,2017-10-30 05:00:00,2017-10-30 06:00:00,45.21,0.49052850000000003,6,0,10
Netherlands,2015-09-19 16:00:00,2015-09-19 18:00:00,38.73,0.42022049999999994,18,5,9
Netherlands,2018-09-26 23:00:00,2018-09-27 01:00:00,54.19,0.5879615,1,3,9
Netherlands,09/01/2024 17:00,2024-01-09 18:00:00,129.25,1.4023625,18,1,1
Netherlands,2019-05-15 19:00:00,2019-05-15 21:00:00,43.23,0.46904549999999995,21,2,5
Netherlands,2016-09-06 22:00:00,2016-09-07 00:00:00,24.8,0.26908,0,2,9
Netherlands,2019-06-13 15:00:00,2019-06-13 17:00:00,33.68,0.365428,17,3,6
Netherlands,2023-03-03 15:00:00,2023-03-03 16:00:00,132.0,1.4322000000000001,16,4,3
Netherlands,05/04/2024 04:00,2024-04-05 06:00:00,62.53,0.6784505000000001,6,4,4
Netherlands,2018-08-30 05:00:00,2018-08-30 07:00:00,57.61,0.6250685,7,3,8
Netherlands,2017-02-01 22:00:00,2017-02-01 23:00:00,38.1,0.413385,23,2,2
Netherlands,2018-07-29 02:00:00,2018-07-29 04:00:00,42.5,0.461125,4,6,7
Netherlands,2019-06-18 20:00:00,2019-06-18 22:00:00,47.0,0.50995,22,1,6
Netherlands,2018-09-23 04:00:00,2018-09-23 06:00:00,36.09,0.3915765,6,6,9
Netherlands,2018-09-05 11:00:00,2018-09-05 13:00:00,71.54,0.776209,13,2,9
Netherlands,2015-06-28 21:00:00,2015-06-28 23:00:00,56.12,0.6089019999999999,23,6,6
Netherlands,2016-12-07 13:00:00,2016-12-07 14:00:00,43.54,0.47240899999999997,14,2,12
Netherlands,2021-10-25 22:00:00,2021-10-26 00:00:00,160.3,1.7392550000000002,0,1,10
Netherlands,02/12/2024 08:00,2024-12-02 09:00:00,123.94,1.344749,9,0,12
Netherlands,2021-06-15 09:00:00,2021-06-15 11:00:00,81.4,0.88319,11,1,6
Netherlands,2019-05-28 19:00:00,2019-05-28 21:00:00,41.79,0.4534215,21,1,5
Netherlands,2016-06-12 19:00:00,2016-06-12 21:00:00,30.03,0.3258255,21,6,6
Netherlands,2015-08-04 13:00:00,2015-08-04 15:00:00,37.64,0.408394,15,1,8
Netherlands,2015-02-14 22:00:00,2015-02-14 23:00:00,43.76,0.47479599999999994,23,5,2
Netherlands,13/03/2024 12:00,2024-03-13 13:00:00,59.59,0.6465515000000001,13,2,3
Netherlands,2016-09-18 12:00:00,2016-09-18 14:00:00,23.6,0.25606,14,6,9
Netherlands,06/03/2024 22:00,2024-03-06 23:00:00,74.34,0.806589,23,2,3
Netherlands,2021-03-01 20:00:00,2021-03-01 21:00:00,50.85,0.5517225,21,0,3
Netherlands,2023-06-21 15:00:00,2023-06-21 17:00:00,113.62,1.232777,17,2,6
Netherlands,2019-07-22 13:00:00,2019-07-22 15:00:00,36.52,0.39624200000000004,15,0,7
Netherlands,23/03/2024 07:00,2024-03-23 08:00:00,34.59,0.3753015,8,5,3
Netherlands,2022-02-10 16:00:00,2022-02-10 17:00:00,215.77,2.3411044999999997,17,3,2
Netherlands,2020-12-11 21:00:00,2020-12-11 22:00:00,35.55,0.3857175,22,4,12
Netherlands,2021-08-05 09:00:00,2021-08-05 11:00:00,101.0,1.09585,11,3,8
Netherlands,2021-11-20 17:00:00,2021-11-20 18:00:00,179.9,1.951915,18,5,11
Netherlands,28/02/2024 11:00,2024-02-28 12:00:00,63.1,0.684635,12,2,2
Netherlands,2015-10-31 23:00:00,2015-11-01 00:00:00,40.4,0.43833999999999995,0,6,11
Netherlands,2021-02-05 19:00:00,2021-02-05 20:00:00,50.0,0.5425,20,4,2
Netherlands,2016-01-12 07:00:00,2016-01-12 08:00:00,40.5,0.439425,8,1,1
Netherlands,2017-04-23 18:00:00,2017-04-23 20:00:00,45.96,0.498666,20,6,4
Netherlands,2018-09-06 07:00:00,2018-09-06 09:00:00,78.25,0.8490125,9,3,9
Netherlands,2015-08-01 14:00:00,2015-08-01 16:00:00,31.86,0.34568099999999996,16,5,8
Netherlands,2017-02-05 05:00:00,2017-02-05 06:00:00,31.92,0.346332,6,6,2
Netherlands,2020-11-16 21:00:00,2020-11-16 22:00:00,35.0,0.37975,22,0,11
Netherlands,2019-08-16 04:00:00,2019-08-16 06:00:00,34.68,0.37627799999999995,6,4,8
Netherlands,2020-10-29 23:00:00,2020-10-30 00:00:00,21.61,0.23446849999999997,0,4,10
Netherlands,2023-03-09 00:00:00,2023-03-09 01:00:00,111.39,1.2085815,1,3,3
Netherlands,2022-07-03 11:00:00,2022-07-03 13:00:00,77.62,0.8421770000000001,13,6,7
Netherlands,2022-04-03 04:00:00,2022-04-03 06:00:00,279.9,3.0369149999999996,6,6,4
Netherlands,2016-05-06 20:00:00,2016-05-06 22:00:00,43.19,0.46861149999999996,22,4,5
Netherlands,2017-04-05 07:00:00,2017-04-05 09:00:00,46.19,0.5011614999999999,9,2,4
Netherlands,2019-10-02 13:00:00,2019-10-02 15:00:00,34.5,0.37432499999999996,15,2,10
Netherlands,2019-04-21 17:00:00,2019-04-21 19:00:00,49.8,0.54033,19,6,4
Netherlands,2015-03-10 06:00:00,2015-03-10 07:00:00,48.99,0.5315415,7,1,3
Netherlands,2017-06-12 15:00:00,2017-06-12 17:00:00,43.29,0.46969649999999996,17,0,6
Netherlands,2023-04-27 07:00:00,2023-04-27 09:00:00,102.75,1.1148375,9,3,4
Netherlands,17/12/2024 00:00,2024-12-17 01:00:00,22.75,0.24683750000000002,1,1,12
Netherlands,2017-04-02 06:00:00,2017-04-02 08:00:00,29.06,0.315301,8,6,4
Netherlands,2017-08-21 21:00:00,2017-08-21 23:00:00,32.0,0.3472,23,0,8
Netherlands,2021-06-04 13:00:00,2021-06-04 15:00:00,63.93,0.6936405,15,4,6
Netherlands,2022-12-06 12:00:00,2022-12-06 13:00:00,345.0,3.74325,13,1,12
Netherlands,2018-01-30 09:00:00,2018-01-30 10:00:00,46.95,0.5094075,10,1,1
Netherlands,2017-10-04 12:00:00,2017-10-04 14:00:00,30.5,0.330925,14,2,10
Netherlands,2015-07-02 14:00:00,2015-07-02 16:00:00,58.68,0.636678,16,3,7
Netherlands,2016-03-24 07:00:00,2016-03-24 08:00:00,34.94,0.37909899999999996,8,3,3
Netherlands,2022-06-26 22:00:00,2022-06-27 00:00:00,295.63,3.2075854999999995,0,0,6
Netherlands,2017-12-21 16:00:00,2017-12-21 17:00:00,71.19,0.7724114999999999,17,3,12
Netherlands,2016-05-11 00:00:00,2016-05-11 02:00:00,19.92,0.21613200000000002,2,2,5
Netherlands,2018-03-10 21:00:00,2018-03-10 22:00:00,37.58,0.407743,22,5,3
Netherlands,2022-08-20 22:00:00,2022-08-21 00:00:00,430.27,4.668429499999999,0,6,8
Netherlands,2021-12-07 22:00:00,2021-12-07 23:00:00,93.0,1.00905,23,1,12
Netherlands,14/03/2024 02:00,2024-03-14 03:00:00,57.0,0.6184499999999999,3,3,3
Netherlands,2017-07-05 00:00:00,2017-07-05 02:00:00,31.02,0.336567,2,2,7
Netherlands,2020-03-20 03:00:00,2020-03-20 04:00:00,19.0,0.20615,4,4,3
Netherlands,2022-12-14 18:00:00,2022-12-14 19:00:00,520.57,5.6481845,19,2,12
Netherlands,02/09/2024 15:00,2024-09-02 17:00:00,112.88,1.2247479999999997,17,0,9
Netherlands,2021-09-17 22:00:00,2021-09-18 00:00:00,149.59,1.6230515,0,5,9
Netherlands,2022-05-09 19:00:00,2022-05-09 21:00:00,250.44,2.7172739999999997,21,0,5
Netherlands,01/03/2024 15:00,2024-03-01 16:00:00,78.28,0.8493379999999999,16,4,3
Netherlands,2017-09-22 17:00:00,2017-09-22 19:00:00,48.92,0.5307820000000001,19,4,9
Netherlands,2015-11-13 05:00:00,2015-11-13 06:00:00,35.78,0.38821300000000003,6,4,11
Netherlands,2019-02-26 02:00:00,2019-02-26 03:00:00,35.88,0.389298,3,1,2
Netherlands,2021-02-25 08:00:00,2021-02-25 09:00:00,49.81,0.5404384999999999,9,3,2
Netherlands,2019-04-19 10:00:00,2019-04-19 12:00:00,42.3,0.45895499999999995,12,4,4
Netherlands,2017-03-20 22:00:00,2017-03-20 23:00:00,30.36,0.32940600000000003,23,0,3
Netherlands,2021-10-15 19:00:00,2021-10-15 21:00:00,229.7,2.492245,21,4,10
Netherlands,2020-11-30 14:00:00,2020-11-30 15:00:00,55.14,0.598269,15,0,11
Netherlands,2021-05-23 10:00:00,2021-05-23 12:00:00,0.08,0.000868,12,6,5
Netherlands,09/10/2023 02:00,2023-10-09 04:00:00,75.0,0.81375,4,0,10
Netherlands,09/02/2024 13:00,2024-02-09 14:00:00,68.68,0.745178,14,4,2
Netherlands,2015-02-08 08:00:00,2015-02-08 09:00:00,43.76,0.47479599999999994,9,6,2
Netherlands,2018-04-25 17:00:00,2018-04-25 19:00:00,41.8,0.45353,19,2,4
Netherlands,2017-01-05 23:00:00,2017-01-06 00:00:00,40.84,0.443114,0,4,1
Netherlands,2016-06-24 18:00:00,2016-06-24 20:00:00,34.95,0.37920750000000003,20,4,6
Netherlands,2018-06-19 21:00:00,2018-06-19 23:00:00,48.96,0.531216,23,1,6
Netherlands,2019-02-06 04:00:00,2019-02-06 05:00:00,42.31,0.4590635,5,2,2
Netherlands,04/12/2024 12:00,2024-12-04 13:00:00,191.35,2.0761475000000003,13,2,12
Netherlands,2016-03-10 09:00:00,2016-03-10 10:00:00,30.31,0.3288635,10,3,3
Netherlands,2020-12-02 00:00:00,2020-12-02 01:00:00,46.27,0.5020295,1,2,12
Netherlands,2023-03-17 20:00:00,2023-03-17 21:00:00,129.19,1.4017114999999998,21,4,3
Netherlands,2020-12-02 07:00:00,2020-12-02 08:00:00,105.46,1.144241,8,2,12
Netherlands,2017-01-10 10:00:00,2017-01-10 11:00:00,57.02,0.6186670000000001,11,1,1
Netherlands,2016-05-08 23:00:00,2016-05-09 01:00:00,12.68,0.137578,1,0,5
Netherlands,08/12/2024 02:00,2024-12-08 03:00:00,71.21,0.7726284999999999,3,6,12
Netherlands,2017-01-10 07:00:00,2017-01-10 08:00:00,50.25,0.5452125,8,1,1
Netherlands,2019-02-05 23:00:00,2019-02-06 00:00:00,42.8,0.46437999999999996,0,2,2
Netherlands,2016-03-12 21:00:00,2016-03-12 22:00:00,30.91,0.3353735,22,5,3
Netherlands,2020-07-07 15:00:00,2020-07-07 17:00:00,28.0,0.3038,17,1,7
Netherlands,2015-02-25 05:00:00,2015-02-25 06:00:00,42.97,0.4662245,6,2,2
Netherlands,2016-04-15 14:00:00,2016-04-15 16:00:00,22.46,0.243691,16,4,4
Netherlands,2022-02-28 17:00:00,2022-02-28 18:00:00,300.0,3.255,18,0,2
Netherlands,2020-11-28 23:00:00,2020-11-29 00:00:00,36.4,0.39494,0,6,11
Netherlands,2022-12-20 19:00:00,2022-12-20 20:00:00,258.65,2.8063524999999996,20,1,12
Netherlands,2017-09-04 02:00:00,2017-09-04 04:00:00,28.09,0.3047765,4,0,9
Netherlands,2016-06-24 07:00:00,2016-06-24 09:00:00,58.0,0.6293,9,4,6
Netherlands,2022-02-11 12:00:00,2022-02-11 13:00:00,124.9,1.355165,13,4,2
Netherlands,2020-07-18 01:00:00,2020-07-18 03:00:00,26.63,0.2889355,3,5,7
Netherlands,2022-02-22 20:00:00,2022-02-22 21:00:00,148.98,1.6164329999999998,21,1,2
Netherlands,2018-10-16 10:00:00,2018-10-16 12:00:00,67.51,0.7324835000000001,12,1,10
Netherlands,2022-12-18 16:00:00,2022-12-18 17:00:00,314.7,3.414495,17,6,12
Netherlands,10/09/2024 17:00,2024-09-10 19:00:00,99.9,1.083915,19,1,9
Netherlands,09/03/2024 06:00,2024-03-09 07:00:00,53.06,0.575701,7,5,3
Netherlands,2022-03-29 02:00:00,2022-03-29 04:00:00,209.04,2.268084,4,1,3
Netherlands,2017-10-01 03:00:00,2017-10-01 05:00:00,29.1,0.315735,5,6,10
Netherlands,2023-02-07 19:00:00,2023-02-07 20:00:00,199.03,2.1594755,20,1,2
Netherlands,2021-07-06 19:00:00,2021-07-06 21:00:00,103.97,1.1280744999999999,21,1,7
Netherlands,2017-03-29 02:00:00,2017-03-29 04:00:00,26.09,0.2830765,4,2,3
Netherlands,2017-06-20 02:00:00,2017-06-20 04:00:00,28.47,0.3088995,4,1,6
Netherlands,2023-04-01 10:00:00,2023-04-01 12:00:00,80.0,0.868,12,5,4
Netherlands,2022-05-15 19:00:00,2022-05-15 21:00:00,226.18,2.454053,21,6,5
Netherlands,2017-12-29 07:00:00,2017-12-29 08:00:00,47.57,0.5161345,8,4,12
Netherlands,2018-04-03 06:00:00,2018-04-03 08:00:00,58.9,0.639065,8,1,4
Netherlands,2016-06-12 16:00:00,2016-06-12 18:00:00,32.44,0.351974,18,6,6
Netherlands,2019-05-20 15:00:00,2019-05-20 17:00:00,46.09,0.5000765,17,0,5
Netherlands,2018-11-18 11:00:00,2018-11-18 12:00:00,64.73,0.7023205,12,6,11
Netherlands,2021-04-14 06:00:00,2021-04-14 08:00:00,125.0,1.35625,8,2,4
Netherlands,2021-03-10 23:00:00,2021-03-11 00:00:00,17.8,0.19313,0,3,3
Netherlands,2015-01-14 11:00:00,2015-01-14 12:00:00,45.5,0.49367500000000003,12,2,1
Netherlands,05/12/2024 20:00,2024-12-05 21:00:00,83.93,0.9106405000000001,21,3,12
Netherlands,2021-12-19 03:00:00,2021-12-19 04:00:00,250.1,2.713585,4,6,12
Netherlands,2020-03-05 19:00:00,2020-03-05 20:00:00,30.24,0.328104,20,3,3
Netherlands,10/11/2023 09:00,2023-11-10 10:00:00,105.8,1.14793,10,4,11
Netherlands,2020-05-03 17:00:00,2020-05-03 19:00:00,26.13,0.2835105,19,6,5
Netherlands,2019-02-23 19:00:00,2019-02-23 20:00:00,46.99,0.5098415,20,5,2
Netherlands,2015-11-28 10:00:00,2015-11-28 11:00:00,40.0,0.434,11,5,11
Netherlands,2021-11-13 16:00:00,2021-11-13 17:00:00,210.0,2.2785,17,5,11
Netherlands,2015-08-18 14:00:00,2015-08-18 16:00:00,45.12,0.489552,16,1,8
Netherlands,2015-09-08 09:00:00,2015-09-08 11:00:00,40.12,0.43530199999999997,11,1,9
Netherlands,2018-08-09 10:00:00,2018-08-09 12:00:00,62.77,0.6810545,12,3,8
Netherlands,2021-11-29 02:00:00,2021-11-29 03:00:00,137.07,1.4872094999999999,3,0,11
Netherlands,2022-08-01 14:00:00,2022-08-01 16:00:00,360.8,3.9146799999999997,16,0,8
Netherlands,2022-02-02 07:00:00,2022-02-02 08:00:00,196.74,2.134629,8,2,2
Netherlands,2022-03-21 09:00:00,2022-03-21 10:00:00,192.8,2.09188,10,0,3
Netherlands,2015-12-26 04:00:00,2015-12-26 05:00:00,5.58,0.060543,5,5,12
Netherlands,2021-09-03 07:00:00,2021-09-03 09:00:00,124.0,1.3454,9,4,9
Netherlands,2019-02-20 01:00:00,2019-02-20 02:00:00,32.95,0.3575075,2,2,2
Netherlands,2021-03-04 06:00:00,2021-03-04 07:00:00,62.01,0.6728085,7,3,3
Netherlands,2015-10-05 14:00:00,2015-10-05 16:00:00,41.38,0.448973,16,0,10
Netherlands,28/02/2024 03:00,2024-02-28 04:00:00,63.74,0.6915789999999999,4,2,2
Netherlands,2020-12-30 11:00:00,2020-12-30 12:00:00,56.6,0.61411,12,2,12
Netherlands,2021-06-08 15:00:00,2021-06-08 17:00:00,79.33,0.8607305,17,1,6
Netherlands,2017-04-19 20:00:00,2017-04-19 22:00:00,34.9,0.378665,22,2,4
Netherlands,2019-07-24 17:00:00,2019-07-24 19:00:00,74.06,0.803551,19,2,7
Netherlands,2022-04-16 08:00:00,2022-04-16 10:00:00,146.58,1.590393,10,5,4
Netherlands,2022-12-23 10:00:00,2022-12-23 11:00:00,226.46,2.4570909999999997,11,4,12
Netherlands,2016-09-22 12:00:00,2016-09-22 14:00:00,41.28,0.44788799999999995,14,3,9
Netherlands,2016-03-15 01:00:00,2016-03-15 02:00:00,21.17,0.2296945,2,1,3
Netherlands,2020-10-03 09:00:00,2020-10-03 11:00:00,39.81,0.43193850000000006,11,5,10
Netherlands,2020-07-19 16:00:00,2020-07-19 18:00:00,29.8,0.32333,18,6,7
Netherlands,2018-10-17 14:00:00,2018-10-17 16:00:00,79.94,0.8673489999999999,16,2,10
Netherlands,2021-12-10 01:00:00,2021-12-10 02:00:00,143.49,1.5568665000000002,2,4,12
Netherlands,2023-04-27 12:00:00,2023-04-27 14:00:00,44.9,0.48716499999999996,14,3,4
Netherlands,19/09/2024 19:00,2024-09-19 21:00:00,91.06,0.988001,21,3,9
Netherlands,14/04/2024 00:00,2024-04-14 02:00:00,0.94,0.010199,2,6,4
Netherlands,2023-08-31 19:00:00,2023-08-31 21:00:00,125.67,1.3635194999999998,21,3,8
Netherlands,2016-09-17 01:00:00,2016-09-17 03:00:00,22.81,0.2474885,3,5,9
Netherlands,2017-02-22 23:00:00,2017-02-23 00:00:00,31.0,0.33635,0,3,2
Netherlands,10/05/2024 11:00,2024-05-10 13:00:00,0.1,0.001085,13,4,5
Netherlands,2015-10-12 14:00:00,2015-10-12 16:00:00,47.8,0.51863,16,0,10
Netherlands,2022-02-16 02:00:00,2022-02-16 03:00:00,129.4,1.40399,3,2,2
Netherlands,2016-05-26 12:00:00,2016-05-26 14:00:00,36.04,0.391034,14,3,5
Netherlands,2023-08-06 14:00:00,2023-08-06 16:00:00,0.0,0.0,16,6,8
Netherlands,20/12/2024 16:00,2024-12-20 17:00:00,110.14,1.195019,17,4,12
Netherlands,2017-02-09 00:00:00,2017-02-09 01:00:00,47.28,0.5129879999999999,1,3,2
Netherlands,2021-04-16 19:00:00,2021-04-16 21:00:00,54.08,0.586768,21,4,4
Netherlands,2016-07-20 10:00:00,2016-07-20 12:00:00,50.99,0.5532414999999999,12,2,7
Netherlands,2017-04-13 10:00:00,2017-04-13 12:00:00,40.0,0.434,12,3,4
Netherlands,2018-08-28 06:00:00,2018-08-28 08:00:00,72.18,0.783153,8,1,8
Netherlands,2020-09-21 16:00:00,2020-09-21 18:00:00,90.81,0.9852885,18,0,9
Netherlands,2022-10-02 19:00:00,2022-10-02 21:00:00,293.88,3.188598,21,6,10
Netherlands,2020-07-21 19:00:00,2020-07-21 21:00:00,40.19,0.4360615,21,1,7
Netherlands,2020-12-09 22:00:00,2020-12-09 23:00:00,36.45,0.3954825,23,2,12
Netherlands,2022-12-05 14:00:00,2022-12-05 15:00:00,429.91,4.6645235000000005,15,0,12
Netherlands,2016-05-04 15:00:00,2016-05-04 17:00:00,25.1,0.272335,17,2,5
Netherlands,2016-10-27 16:00:00,2016-10-27 18:00:00,50.01,0.5426084999999999,18,3,10
Netherlands,01/10/2024 04:00,2024-10-01 06:00:00,62.8,0.68138,6,1,10
Netherlands,2017-12-14 07:00:00,2017-12-14 08:00:00,43.55,0.4725174999999999,8,3,12
Netherlands,2019-11-10 23:00:00,2019-11-11 00:00:00,35.66,0.38691099999999995,0,0,11
Netherlands,2020-11-28 07:00:00,2020-11-28 08:00:00,45.69,0.49573649999999997,8,5,11
Netherlands,2016-10-03 14:00:00,2016-10-03 16:00:00,37.03,0.4017755,16,0,10
Netherlands,2016-10-10 21:00:00,2016-10-10 23:00:00,34.2,0.37107,23,0,10
Netherlands,2015-02-18 02:00:00,2015-02-18 03:00:00,34.32,0.37237200000000004,3,2,2
Netherlands,06/01/2024 14:00,2024-01-06 15:00:00,94.18,1.0218530000000001,15,5,1
Netherlands,2017-01-16 00:00:00,2017-01-16 01:00:00,43.25,0.46926249999999997,1,0,1
Netherlands,2023-06-12 18:00:00,2023-06-12 20:00:00,141.78,1.5383129999999998,20,0,6
Netherlands,2019-10-09 14:00:00,2019-10-09 16:00:00,33.49,0.36336650000000004,16,2,10
Netherlands,2020-12-13 03:00:00,2020-12-13 04:00:00,35.92,0.389732,4,6,12
Netherlands,2020-12-15 12:00:00,2020-12-15 13:00:00,57.66,0.625611,13,1,12
Netherlands,25/11/2024 19:00,2024-11-25 20:00:00,96.35,1.0453974999999998,20,0,11
Netherlands,2019-02-05 22:00:00,2019-02-05 23:00:00,42.6,0.46220999999999995,23,1,2
Netherlands,2018-07-25 13:00:00,2018-07-25 15:00:00,59.0,0.64015,15,2,7
Netherlands,2020-09-15 12:00:00,2020-09-15 14:00:00,51.47,0.5584494999999999,14,1,9
Netherlands,2023-03-16 17:00:00,2023-03-16 18:00:00,131.88,1.430898,18,3,3
Netherlands,2020-12-24 10:00:00,2020-12-24 11:00:00,46.74,0.507129,11,3,12
Netherlands,2017-03-13 07:00:00,2017-03-13 08:00:00,42.86,0.465031,8,0,3
Netherlands,2021-03-09 19:00:00,2021-03-09 20:00:00,70.0,0.7595,20,1,3
Netherlands,2015-03-17 01:00:00,2015-03-17 02:00:00,39.6,0.42966000000000004,2,1,3
Netherlands,2019-03-05 01:00:00,2019-03-05 02:00:00,37.1,0.40253500000000003,2,1,3
Netherlands,2015-05-19 01:00:00,2015-05-19 03:00:00,31.72,0.34416199999999997,3,1,5
Netherlands,2015-01-13 07:00:00,2015-01-13 08:00:00,49.04,0.532084,8,1,1
Netherlands,2015-07-30 12:00:00,2015-07-30 14:00:00,42.44,0.46047399999999994,14,3,7
Netherlands,2022-03-14 04:00:00,2022-03-14 05:00:00,230.06,2.496151,5,0,3
Netherlands,2018-02-11 06:00:00,2018-02-11 07:00:00,25.0,0.27125,7,6,2
Netherlands,2016-02-12 05:00:00,2016-02-12 06:00:00,27.18,0.29490299999999997,6,4,2
Netherlands,2023-02-01 21:00:00,2023-02-01 22:00:00,99.9,1.083915,22,2,2
Netherlands,2019-11-12 08:00:00,2019-11-12 09:00:00,43.0,0.46655,9,1,11
Netherlands,2019-08-12 06:00:00,2019-08-12 08:00:00,39.07,0.4239095,8,0,8
Netherlands,2019-08-02 14:00:00,2019-08-02 16:00:00,39.21,0.4254285,16,4,8
Netherlands,2016-08-11 20:00:00,2016-08-11 22:00:00,33.87,0.36748949999999997,22,3,8
Netherlands,2022-03-04 23:00:00,2022-03-05 00:00:00,342.17,3.7125445,0,5,3
Netherlands,2015-06-23 10:00:00,2015-06-23 12:00:00,71.31,0.7737134999999999,12,1,6
Netherlands,28/10/2023 02:00,2023-10-28 04:00:00,56.85,0.6168224999999999,4,5,10
Netherlands,2023-07-29 07:00:00,2023-07-29 09:00:00,81.71,0.8865534999999999,9,5,7
Netherlands,2022-06-24 16:00:00,2022-06-24 18:00:00,322.0,3.4937,18,4,6
Netherlands,2019-06-27 09:00:00,2019-06-27 11:00:00,34.47,0.37399949999999993,11,3,6
Netherlands,2022-04-26 08:00:00,2022-04-26 10:00:00,221.12,2.399152,10,1,4
Netherlands,2021-11-18 16:00:00,2021-11-18 17:00:00,285.99,3.1029915,17,3,11
Netherlands,22/08/2024 21:00,2024-08-22 23:00:00,79.15,0.8587775000000001,23,3,8
Netherlands,2016-03-29 03:00:00,2016-03-29 05:00:00,13.49,0.1463665,5,1,3
Netherlands,2023-09-26 10:00:00,2023-09-26 12:00:00,91.28,0.990388,12,1,9
Netherlands,2017-12-19 07:00:00,2017-12-19 08:00:00,75.6,0.8202599999999999,8,1,12
Netherlands,2020-04-11 00:00:00,2020-04-11 02:00:00,19.76,0.214396,2,5,4
Netherlands,2019-08-05 22:00:00,2019-08-06 00:00:00,38.48,0.41750799999999993,0,1,8
Netherlands,2017-12-12 09:00:00,2017-12-12 10:00:00,90.1,0.9775849999999999,10,1,12
Netherlands,2021-02-13 09:00:00,2021-02-13 10:00:00,59.19,0.6422115,10,5,2
Netherlands,2021-12-13 10:00:00,2021-12-13 11:00:00,268.0,2.9078,11,0,12
Netherlands,2022-09-21 15:00:00,2022-09-21 17:00:00,328.95,3.5691074999999994,17,2,9
Netherlands,2023-07-24 16:00:00,2023-07-24 18:00:00,95.24,1.0333539999999999,18,0,7
Netherlands,2019-06-18 16:00:00,2019-06-18 18:00:00,58.8,0.6379799999999999,18,1,6
Netherlands,2022-09-01 07:00:00,2022-09-01 09:00:00,583.58,6.331843,9,3,9
Netherlands,2022-08-22 09:00:00,2022-08-22 11:00:00,567.5,6.157375,11,0,8
Netherlands,2020-02-13 00:00:00,2020-02-13 01:00:00,25.91,0.28112349999999997,1,3,2
Netherlands,16/09/2024 16:00,2024-09-16 18:00:00,101.66,1.103011,18,0,9
Netherlands,2019-06-14 06:00:00,2019-06-14 08:00:00,58.68,0.636678,8,4,6
Netherlands,2021-09-18 16:00:00,2021-09-18 18:00:00,177.12,1.921752,18,5,9
Netherlands,07/12/2024 03:00,2024-12-07 04:00:00,49.1,0.532735,4,5,12
Netherlands,2018-12-09 08:00:00,2018-12-09 09:00:00,50.9,0.552265,9,6,12
Netherlands,2016-04-29 04:00:00,2016-04-29 06:00:00,26.8,0.29078,6,4,4
Netherlands,16/10/2024 16:00,2024-10-16 18:00:00,106.0,1.1501,18,2,10
Netherlands,2018-10-09 11:00:00,2018-10-09 13:00:00,58.01,0.6294085,13,1,10
Netherlands,2021-03-28 18:00:00,2021-03-28 20:00:00,60.92,0.660982,20,6,3
Netherlands,08/12/2024 11:00,2024-12-08 12:00:00,108.74,1.179829,12,6,12
Netherlands,2022-02-27 09:00:00,2022-02-27 10:00:00,139.8,1.5168300000000001,10,6,2
Netherlands,2021-02-01 21:00:00,2021-02-01 22:00:00,55.25,0.5994625,22,0,2
Netherlands,2021-08-11 21:00:00,2021-08-11 23:00:00,103.0,1.11755,23,2,8
Netherlands,2022-07-25 17:00:00,2022-07-25 19:00:00,354.54,3.846759,19,0,7
Netherlands,2019-12-09 16:00:00,2019-12-09 17:00:00,47.34,0.513639,17,0,12
Netherlands,2016-07-14 02:00:00,2016-07-14 04:00:00,22.0,0.2387,4,3,7
Netherlands,2015-05-08 23:00:00,2015-05-09 01:00:00,39.0,0.42314999999999997,1,5,5
Netherlands,2015-07-27 07:00:00,2015-07-27 09:00:00,44.98,0.48803299999999994,9,0,7
Netherlands,21/11/2023 04:00,2023-11-21 05:00:00,101.12,1.0971520000000001,5,1,11
Netherlands,2021-03-01 18:00:00,2021-03-01 19:00:00,64.99,0.7051415,19,0,3
Netherlands,2020-01-21 04:00:00,2020-01-21 05:00:00,29.56,0.320726,5,1,1
Netherlands,2021-01-31 21:00:00,2021-01-31 22:00:00,49.28,0.5346879999999999,22,6,1
Netherlands,2023-07-25 16:00:00,2023-07-25 18:00:00,88.9,0.964565,18,1,7
Netherlands,2015-04-29 01:00:00,2015-04-29 03:00:00,30.53,0.3312505,3,2,4
Netherlands,27/04/2024 05:00,2024-04-27 07:00:00,79.04,0.857584,7,5,4
Netherlands,2016-07-19 05:00:00,2016-07-19 07:00:00,36.99,0.4013415,7,1,7
Netherlands,2018-12-27 17:00:00,2018-12-27 18:00:00,71.97,0.7808745,18,3,12
Netherlands,14/04/2024 13:00,2024-04-14 15:00:00,-40.05,-0.43454249999999994,15,6,4
Netherlands,2018-10-03 05:00:00,2018-10-03 07:00:00,80.1,0.8690849999999999,7,2,10
Netherlands,2020-05-03 11:00:00,2020-05-03 13:00:00,7.06,0.076601,13,6,5
Netherlands,05/06/2024 08:00,2024-06-05 10:00:00,56.64,0.614544,10,2,6
Netherlands,2017-11-04 13:00:00,2017-11-04 14:00:00,34.53,0.3746505,14,5,11
Netherlands,2021-10-27 07:00:00,2021-10-27 09:00:00,229.07,2.4854095,9,2,10
Netherlands,04/05/2024 01:00,2024-05-04 03:00:00,81.04,0.879284,3,5,5
Netherlands,07/10/2024 14:00,2024-10-07 16:00:00,88.79,0.9633715,16,0,10
Netherlands,2021-03-02 17:00:00,2021-03-02 18:00:00,79.31,0.8605135,18,1,3
Netherlands,2018-03-14 20:00:00,2018-03-14 21:00:00,47.44,0.514724,21,2,3
Netherlands,2015-02-27 22:00:00,2015-02-27 23:00:00,50.0,0.5425,23,4,2
Netherlands,2018-01-01 16:00:00,2018-01-01 17:00:00,34.3,0.37215499999999996,17,0,1
Netherlands,2022-01-26 16:00:00,2022-01-26 17:00:00,243.81,2.6453385,17,2,1
Netherlands,2019-12-05 07:00:00,2019-12-05 08:00:00,58.29,0.6324465,8,3,12
Netherlands,2018-01-11 04:00:00,2018-01-11 05:00:00,37.09,0.4024265,5,3,1
Netherlands,2018-05-20 23:00:00,2018-05-21 01:00:00,25.5,0.276675,1,0,5
Netherlands,01/10/2023 01:00,2023-10-01 03:00:00,80.42,0.872557,3,6,10
Netherlands,2020-08-19 11:00:00,2020-08-19 13:00:00,33.23,0.36054549999999996,13,2,8
Netherlands,29/11/2024 19:00,2024-11-29 20:00:00,119.9,1.300915,20,4,11
Netherlands,2020-09-20 12:00:00,2020-09-20 14:00:00,31.34,0.340039,14,6,9
Netherlands,2019-08-09 20:00:00,2019-08-09 22:00:00,34.26,0.37172099999999997,22,4,8
Netherlands,2020-02-29 22:00:00,2020-02-29 23:00:00,22.4,0.24303999999999995,23,5,2
Netherlands,15/05/2024 14:00,2024-05-15 16:00:00,10.0,0.1085,16,2,5
Netherlands,2015-11-10 04:00:00,2015-11-10 05:00:00,27.0,0.29295,5,1,11
Netherlands,2017-10-21 11:00:00,2017-10-21 13:00:00,31.02,0.336567,13,5,10
Netherlands,27/08/2024 07:00,2024-08-27 09:00:00,83.98,0.911183,9,1,8
Netherlands,2016-04-27 00:00:00,2016-04-27 02:00:00,22.53,0.24445050000000001,2,2,4
Netherlands,2019-02-23 21:00:00,2019-02-23 22:00:00,41.59,0.4512515,22,5,2
Netherlands,2022-04-05 20:00:00,2022-04-05 22:00:00,213.29,2.3141965,22,1,4
Netherlands,2019-07-03 04:00:00,2019-07-03 06:00:00,38.22,0.414687,6,2,7
Netherlands,2018-02-08 16:00:00,2018-02-08 17:00:00,60.98,0.6616329999999999,17,3,2
Netherlands,2019-08-31 04:00:00,2019-08-31 06:00:00,28.11,0.3049935,6,5,8
Netherlands,2019-07-10 21:00:00,2019-07-10 23:00:00,42.65,0.4627525,23,2,7
Netherlands,2018-12-09 05:00:00,2018-12-09 06:00:00,41.89,0.45450650000000004,6,6,12
Netherlands,20/10/2023 03:00,2023-10-20 05:00:00,32.61,0.3538185,5,4,10
Netherlands,19/04/2024 22:00,2024-04-20 00:00:00,59.09,0.6411264999999999,0,5,4
Netherlands,2022-11-02 11:00:00,2022-11-02 12:00:00,46.73,0.5070205,12,2,11
Netherlands,2021-08-11 01:00:00,2021-08-11 03:00:00,82.1,0.8907849999999998,3,2,8
Netherlands,2015-06-19 16:00:00,2015-06-19 18:00:00,44.51,0.48293349999999996,18,4,6
Netherlands,2017-01-16 09:00:00,2017-01-16 10:00:00,64.99,0.7051415,10,0,1
Netherlands,2020-07-05 00:00:00,2020-07-05 02:00:00,0.08,0.000868,2,6,7
Netherlands,2016-07-12 02:00:00,2016-07-12 04:00:00,22.58,0.24499299999999996,4,1,7
Netherlands,2023-08-24 13:00:00,2023-08-24 15:00:00,116.27,1.2615295,15,3,8
Netherlands,2016-02-22 14:00:00,2016-02-22 15:00:00,23.91,0.2594235,15,0,2
Netherlands,2015-09-03 23:00:00,2015-09-04 01:00:00,42.76,0.46394599999999997,1,4,9
Netherlands,2022-07-08 18:00:00,2022-07-08 20:00:00,416.46,4.518591,20,4,7
Netherlands,2016-11-11 18:00:00,2016-11-11 19:00:00,55.0,0.59675,19,4,11
Netherlands,2018-12-29 16:00:00,2018-12-29 17:00:00,66.51,0.7216335,17,5,12
Netherlands,2022-03-05 19:00:00,2022-03-05 20:00:00,400.0,4.34,20,5,3
Netherlands,2015-06-23 02:00:00,2015-06-23 04:00:00,24.87,0.2698395,4,1,6
Netherlands,2018-05-05 17:00:00,2018-05-05 19:00:00,50.0,0.5425,19,5,5
Netherlands,2021-03-20 00:00:00,2021-03-20 01:00:00,55.74,0.604779,1,5,3
Netherlands,2022-12-28 14:00:00,2022-12-28 15:00:00,100.0,1.085,15,2,12
Netherlands,2018-05-09 15:00:00,2018-05-09 17:00:00,43.98,0.4771829999999999,17,2,5
Netherlands,2020-02-03 00:00:00,2020-02-03 01:00:00,15.55,0.1687175,1,0,2
Netherlands,2023-02-26 15:00:00,2023-02-26 16:00:00,98.92,1.0732819999999998,16,6,2
Netherlands,2020-08-23 04:00:00,2020-08-23 06:00:00,13.87,0.1504895,6,6,8
Netherlands,2017-09-21 19:00:00,2017-09-21 21:00:00,42.2,0.45787,21,3,9
Netherlands,2020-10-20 05:00:00,2020-10-20 07:00:00,47.89,0.5196065,7,1,10
Netherlands,2020-03-04 05:00:00,2020-03-04 06:00:00,36.51,0.39613349999999997,6,2,3
Netherlands,2020-02-01 16:00:00,2020-02-01 17:00:00,40.38,0.438123,17,5,2
Netherlands,2019-03-20 14:00:00,2019-03-20 15:00:00,40.36,0.437906,15,2,3
Netherlands,2018-10-12 23:00:00,2018-10-13 01:00:00,43.97,0.4770745,1,5,10
Netherlands,2017-06-29 04:00:00,2017-06-29 06:00:00,33.95,0.3683575,6,3,6
Netherlands,23/11/2024 01:00,2024-11-23 02:00:00,103.36,1.121456,2,5,11
Netherlands,2022-10-09 10:00:00,2022-10-09 12:00:00,93.2,1.01122,12,6,10
Netherlands,2022-04-27 06:00:00,2022-04-27 08:00:00,265.98,2.885883,8,2,4
Netherlands,16/08/2024 04:00,2024-08-16 06:00:00,120.42,1.306557,6,4,8
Netherlands,2015-12-18 18:00:00,2015-12-18 19:00:00,39.57,0.4293345,19,4,12
Netherlands,2023-08-20 22:00:00,2023-08-21 00:00:00,111.95,1.2146575,0,0,8
Netherlands,07/01/2024 17:00,2024-01-07 18:00:00,104.85,1.1376225,18,6,1
Netherlands,2019-02-08 01:00:00,2019-02-08 02:00:00,46.0,0.4991,2,4,2
Netherlands,2018-02-14 23:00:00,2018-02-15 00:00:00,30.1,0.32658499999999996,0,3,2
Netherlands,2023-07-02 06:00:00,2023-07-02 08:00:00,-2.97,-0.032224499999999996,8,6,7
Netherlands,2018-04-02 15:00:00,2018-04-02 17:00:00,32.6,0.35370999999999997,17,0,4
Netherlands,10/10/2023 21:00,2023-10-10 23:00:00,68.14,0.739319,23,1,10
Netherlands,2019-03-08 20:00:00,2019-03-08 21:00:00,40.57,0.44018450000000003,21,4,3
Netherlands,2015-10-01 17:00:00,2015-10-01 19:00:00,61.0,0.66185,19,3,10
Netherlands,2017-04-07 00:00:00,2017-04-07 02:00:00,29.0,0.31465,2,4,4
Netherlands,2018-11-28 22:00:00,2018-11-28 23:00:00,45.71,0.49595350000000005,23,2,11
Netherlands,2018-02-21 04:00:00,2018-02-21 05:00:00,39.06,0.423801,5,2,2
Netherlands,19/03/2024 05:00,2024-03-19 06:00:00,84.8,0.9200799999999999,6,1,3
Netherlands,2017-06-21 21:00:00,2017-06-21 23:00:00,35.0,0.37975,23,2,6
Netherlands,05/03/2024 13:00,2024-03-05 14:00:00,69.6,0.7551599999999999,14,1,3
Netherlands,2021-07-30 23:00:00,2021-07-31 01:00:00,45.75,0.4963875,1,5,7
Netherlands,11/05/2024 03:00,2024-05-11 05:00:00,79.14,0.858669,5,5,5
Netherlands,2023-07-15 02:00:00,2023-07-15 04:00:00,16.98,0.184233,4,5,7
Netherlands,2023-04-02 13:00:00,2023-04-02 15:00:00,0.0,0.0,15,6,4
Netherlands,2022-01-26 21:00:00,2022-01-26 22:00:00,224.0,2.4304,22,2,1
Netherlands,2015-06-04 18:00:00,2015-06-04 20:00:00,44.2,0.47957,20,3,6
Netherlands,2016-03-28 05:00:00,2016-03-28 07:00:00,5.96,0.064666,7,0,3
Netherlands,2018-12-23 13:00:00,2018-12-23 14:00:00,54.68,0.593278,14,6,12
Netherlands,2017-10-02 17:00:00,2017-10-02 19:00:00,45.0,0.48825,19,0,10
Netherlands,2020-09-05 21:00:00,2020-09-05 23:00:00,36.74,0.398629,23,5,9
Netherlands,2020-02-26 09:00:00,2020-02-26 10:00:00,34.02,0.36911700000000003,10,2,2
Netherlands,2020-09-15 13:00:00,2020-09-15 15:00:00,59.32,0.6436219999999999,15,1,9
Netherlands,16/11/2023 22:00,2023-11-16 23:00:00,100.85,1.0942224999999999,23,3,11
Netherlands,2022-02-14 23:00:00,2022-02-15 00:00:00,159.98,1.7357829999999999,0,1,2
Netherlands,2016-02-13 13:00:00,2016-02-13 14:00:00,21.37,0.2318645,14,5,2
Netherlands,2023-01-16 12:00:00,2023-01-16 13:00:00,145.47,1.5783495,13,0,1
Netherlands,2021-04-05 06:00:00,2021-04-05 08:00:00,20.88,0.22654799999999997,8,0,4
Netherlands,2022-03-15 06:00:00,2022-03-15 07:00:00,313.4,3.4003899999999994,7,1,3
Netherlands,2021-11-09 05:00:00,2021-11-09 06:00:00,190.0,2.0615,6,1,11
Netherlands,2017-07-14 17:00:00,2017-07-14 19:00:00,36.2,0.39277000000000006,19,4,7
Netherlands,2019-10-22 05:00:00,2019-10-22 07:00:00,56.43,0.6122655,7,1,10
Netherlands,2017-04-22 06:00:00,2017-04-22 08:00:00,34.0,0.36889999999999995,8,5,4
Netherlands,2022-02-21 06:00:00,2022-02-21 07:00:00,178.3,1.934555,7,0,2
Netherlands,2019-06-17 21:00:00,2019-06-17 23:00:00,39.1,0.42423500000000003,23,0,6
Netherlands,2019-02-22 15:00:00,2019-02-22 16:00:00,49.23,0.5341454999999999,16,4,2
Netherlands,25/10/2024 22:00,2024-10-26 00:00:00,109.95,1.1929575,0,5,10
Netherlands,07/11/2023 05:00,2023-11-07 06:00:00,101.49,1.1011664999999997,6,1,11
Netherlands,2020-04-01 16:00:00,2020-04-01 18:00:00,26.63,0.2889355,18,2,4
Netherlands,2023-01-28 22:00:00,2023-01-28 23:00:00,124.1,1.346485,23,5,1
Netherlands,2015-03-11 14:00:00,2015-03-11 15:00:00,39.61,0.42976849999999994,15,2,3
Netherlands,2021-11-25 00:00:00,2021-11-25 01:00:00,203.03,2.2028755,1,3,11
Netherlands,2018-07-06 04:00:00,2018-07-06 06:00:00,50.1,0.543585,6,4,7
Netherlands,2018-06-21 14:00:00,2018-06-21 16:00:00,43.31,0.4699135,16,3,6
Netherlands,02/11/2023 01:00,2023-11-02 02:00:00,9.14,0.099169,2,3,11
Netherlands,2015-10-23 16:00:00,2015-10-23 18:00:00,54.01,0.5860084999999999,18,4,10
Netherlands,2016-01-26 18:00:00,2016-01-26 19:00:00,24.94,0.270599,19,1,1
Netherlands,24/05/2024 00:00,2024-05-24 02:00:00,88.86,0.964131,2,4,5
Netherlands,2020-05-02 21:00:00,2020-05-02 23:00:00,20.49,0.22231649999999997,23,5,5
Netherlands,2017-11-15 06:00:00,2017-11-15 07:00:00,58.54,0.635159,7,2,11
Netherlands,02/07/2024 07:00,2024-07-02 09:00:00,100.0,1.085,9,1,7
Netherlands,2015-08-10 20:00:00,2015-08-10 22:00:00,48.82,0.529697,22,0,8
Netherlands,2020-04-09 22:00:00,2020-04-10 00:00:00,24.4,0.26474,0,4,4
Netherlands,2023-09-29 01:00:00,2023-09-29 03:00:00,82.17,0.8915445,3,4,9
Netherlands,2022-06-02 06:00:00,2022-06-02 08:00:00,218.13,2.3667104999999995,8,3,6
Netherlands,2020-10-30 19:00:00,2020-10-30 20:00:00,45.0,0.48825,20,4,10
Netherlands,2023-09-18 18:00:00,2023-09-18 20:00:00,125.65,1.3633025,20,0,9
Netherlands,2023-06-10 21:00:00,2023-06-10 23:00:00,87.3,0.947205,23,5,6
Netherlands,2015-04-03 18:00:00,2015-04-03 20:00:00,42.0,0.4557,20,4,4
Netherlands,2022-06-01 19:00:00,2022-06-01 21:00:00,262.6,2.8492100000000002,21,2,6
Netherlands,22/10/2024 00:00,2024-10-22 02:00:00,84.33,0.9149805,2,1,10
Netherlands,11/11/2024 06:00,2024-11-11 07:00:00,118.91,1.2901734999999999,7,0,11
Netherlands,2021-04-14 07:00:00,2021-04-14 09:00:00,69.99,0.7593915,9,2,4
Netherlands,21/01/2024 03:00,2024-01-21 04:00:00,48.31,0.5241635,4,6,1
Netherlands,2023-04-28 07:00:00,2023-04-28 09:00:00,120.63,1.3088354999999998,9,4,4
Netherlands,2023-01-21 14:00:00,2023-01-21 15:00:00,135.9,1.474515,15,5,1
Netherlands,2015-11-15 15:00:00,2015-11-15 16:00:00,31.42,0.34090699999999996,16,6,11
Netherlands,2023-03-30 07:00:00,2023-03-30 09:00:00,110.0,1.1935,9,3,3
Netherlands,2015-11-20 05:00:00,2015-11-20 06:00:00,32.06,0.347851,6,4,11
Netherlands,2016-11-09 01:00:00,2016-11-09 02:00:00,33.45,0.3629325,2,2,11
Netherlands,2015-07-04 06:00:00,2015-07-04 08:00:00,35.03,0.38007549999999996,8,5,7
Netherlands,2019-05-23 07:00:00,2019-05-23 09:00:00,40.86,0.443331,9,3,5
Netherlands,2023-09-16 09:00:00,2023-09-16 11:00:00,64.97,0.7049245,11,5,9
Netherlands,2021-01-27 14:00:00,2021-01-27 15:00:00,45.2,0.49042,15,2,1
Netherlands,14/12/2023 10:00,2023-12-14 11:00:00,119.32,1.294622,11,3,12
Netherlands,2020-11-14 10:00:00,2020-11-14 11:00:00,41.96,0.455266,11,5,11
Netherlands,26/03/2024 07:00,2024-03-26 08:00:00,72.1,0.782285,8,1,3
Netherlands,2020-05-28 18:00:00,2020-05-28 20:00:00,25.5,0.276675,20,3,5
Netherlands,2021-07-30 11:00:00,2021-07-30 13:00:00,68.0,0.7377999999999999,13,4,7
Netherlands,2017-10-24 07:00:00,2017-10-24 09:00:00,53.26,0.577871,9,1,10
Netherlands,2021-10-06 14:00:00,2021-10-06 16:00:00,214.07,2.3226595,16,2,10
Netherlands,2023-09-09 07:00:00,2023-09-09 09:00:00,89.77,0.9740044999999999,9,5,9
Netherlands,2015-07-14 01:00:00,2015-07-14 03:00:00,29.65,0.3217025,3,1,7
Netherlands,16/10/2024 12:00,2024-10-16 14:00:00,4.0,0.0434,14,2,10
Netherlands,2021-08-25 11:00:00,2021-08-25 13:00:00,74.9,0.8126650000000001,13,2,8
Netherlands,2015-10-16 12:00:00,2015-10-16 14:00:00,35.0,0.37975,14,4,10
Netherlands,2017-04-23 22:00:00,2017-04-24 00:00:00,41.64,0.451794,0,0,4
Netherlands,10/07/2024 15:00,2024-07-10 17:00:00,35.22,0.382137,17,2,7
Netherlands,11/11/2024 05:00,2024-11-11 06:00:00,91.7,0.9949450000000001,6,0,11
Netherlands,2017-12-13 22:00:00,2017-12-13 23:00:00,40.0,0.434,23,2,12
Netherlands,2021-01-01 03:00:00,2021-01-01 04:00:00,40.39,0.4382315,4,4,1
Netherlands,12/07/2024 06:00,2024-07-12 08:00:00,105.54,1.145109,8,4,7
Netherlands,2019-08-20 10:00:00,2019-08-20 12:00:00,37.93,0.41154050000000003,12,1,8
Netherlands,2017-12-20 10:00:00,2017-12-20 11:00:00,76.56,0.8306760000000001,11,2,12
Netherlands,2023-06-11 14:00:00,2023-06-11 16:00:00,-0.1,-0.001085,16,6,6
Netherlands,2018-11-25 10:00:00,2018-11-25 11:00:00,63.26,0.686371,11,6,11
Netherlands,2022-08-13 09:00:00,2022-08-13 11:00:00,281.17,3.0506945,11,5,8
Netherlands,2019-12-20 06:00:00,2019-12-20 07:00:00,37.56,0.407526,7,4,12
Netherlands,2016-08-10 00:00:00,2016-08-10 02:00:00,22.0,0.2387,2,2,8
Netherlands,2023-09-12 08:00:00,2023-09-12 10:00:00,112.25,1.2179125,10,1,9
Netherlands,2021-10-04 19:00:00,2021-10-04 21:00:00,170.6,1.85101,21,0,10
Netherlands,2021-12-25 04:00:00,2021-12-25 05:00:00,125.31,1.3596135,5,5,12
Netherlands,01/01/2025 05:00,2025-01-01 06:00:00,0.76,0.008246,6,2,1
Netherlands,03/10/2023 21:00,2023-10-03 23:00:00,84.89,0.9210565000000001,23,1,10
Netherlands,2015-11-20 00:00:00,2015-11-20 01:00:00,32.01,0.34730849999999996,1,4,11
Netherlands,2019-05-09 08:00:00,2019-05-09 10:00:00,49.95,0.5419575,10,3,5
Netherlands,2018-11-23 16:00:00,2018-11-23 17:00:00,109.2,1.18482,17,4,11
Netherlands,2023-05-27 20:00:00,2023-05-27 22:00:00,99.96,1.0845659999999997,22,5,5
Netherlands,2022-06-17 10:00:00,2022-06-17 12:00:00,193.7,2.101645,12,4,6
Netherlands,02/01/2024 18:00,2024-01-02 19:00:00,70.1,0.760585,19,1,1
Netherlands,2015-01-25 05:00:00,2015-01-25 06:00:00,31.23,0.3388455,6,6,1
Netherlands,2019-12-10 05:00:00,2019-12-10 06:00:00,46.11,0.5002935,6,1,12
Netherlands,2015-07-19 03:00:00,2015-07-19 05:00:00,25.45,0.2761325,5,6,7
Netherlands,2015-03-02 07:00:00,2015-03-02 08:00:00,64.94,0.704599,8,0,3
Netherlands,2021-10-01 13:00:00,2021-10-01 15:00:00,90.21,0.9787784999999999,15,4,10
Netherlands,2017-12-30 09:00:00,2017-12-30 10:00:00,35.0,0.37975,10,5,12
Netherlands,2021-02-01 20:00:00,2021-02-01 21:00:00,56.36,0.611506,21,0,2
Netherlands,2015-04-02 04:00:00,2015-04-02 06:00:00,35.14,0.381269,6,3,4
Netherlands,2017-10-29 03:00:00,2017-10-29 04:00:00,23.03,0.24987550000000003,4,6,10
Netherlands,2023-06-21 14:00:00,2023-06-21 16:00:00,100.16,1.086736,16,2,6
Netherlands,09/11/2024 19:00,2024-11-09 20:00:00,128.32,1.392272,20,5,11
Netherlands,2023-04-17 08:00:00,2023-04-17 10:00:00,135.61,1.4713685,10,0,4
Netherlands,2021-10-10 23:00:00,2021-10-11 01:00:00,141.51,1.5353835,1,0,10
Netherlands,2021-05-25 16:00:00,2021-05-25 18:00:00,65.48,0.7104579999999999,18,1,5
Netherlands,2020-10-02 22:00:00,2020-10-03 00:00:00,24.51,0.2659335,0,5,10
Netherlands,29/12/2024 17:00,2024-12-29 18:00:00,138.1,1.498385,18,6,12
Netherlands,2017-01-21 01:00:00,2017-01-21 02:00:00,39.54,0.429009,2,5,1
Netherlands,2018-08-21 19:00:00,2018-08-21 21:00:00,73.78,0.800513,21,1,8
Netherlands,2021-07-02 23:00:00,2021-07-03 01:00:00,84.39,0.9156314999999999,1,5,7
Netherlands,2023-01-24 22:00:00,2023-01-24 23:00:00,147.34,1.598639,23,1,1
Netherlands,2021-08-23 09:00:00,2021-08-23 11:00:00,103.47,1.1226495,11,0,8
Netherlands,2020-09-21 21:00:00,2020-09-21 23:00:00,46.65,0.5061525,23,0,9
Netherlands,2018-08-01 04:00:00,2018-08-01 06:00:00,49.4,0.53599,6,2,8
Netherlands,2021-05-16 08:00:00,2021-05-16 10:00:00,24.22,0.262787,10,6,5
Netherlands,28/01/2024 01:00,2024-01-28 02:00:00,59.1,0.641235,2,6,1
Netherlands,2022-10-05 19:00:00,2022-10-05 21:00:00,231.55,2.5123175,21,2,10
Netherlands,2022-09-17 01:00:00,2022-09-17 03:00:00,80.2,0.87017,3,5,9
Netherlands,2016-05-06 07:00:00,2016-05-06 09:00:00,29.98,0.325283,9,4,5
Netherlands,2023-09-22 05:00:00,2023-09-22 07:00:00,139.0,1.5081499999999999,7,4,9
Netherlands,2017-06-02 22:00:00,2017-06-03 00:00:00,30.08,0.326368,0,5,6
Netherlands,2015-11-20 06:00:00,2015-11-20 07:00:00,41.97,0.45537449999999996,7,4,11
Netherlands,2017-01-13 23:00:00,2017-01-14 00:00:00,29.82,0.323547,0,5,1
Netherlands,2015-09-27 12:00:00,2015-09-27 14:00:00,32.0,0.3472,14,6,9
Netherlands,2023-06-22 19:00:00,2023-06-22 21:00:00,147.18,1.596903,21,3,6
Netherlands,2020-12-11 01:00:00,2020-12-11 02:00:00,37.09,0.4024265,2,4,12
Netherlands,2017-11-18 05:00:00,2017-11-18 06:00:00,33.4,0.36239,6,5,11
Netherlands,2020-09-07 19:00:00,2020-09-07 21:00:00,41.1,0.445935,21,0,9
Netherlands,2021-03-24 14:00:00,2021-03-24 15:00:00,48.82,0.529697,15,2,3
Netherlands,2020-09-11 18:00:00,2020-09-11 20:00:00,62.6,0.6792100000000001,20,4,9
Netherlands,2020-10-29 11:00:00,2020-10-29 12:00:00,34.9,0.378665,12,3,10
Netherlands,22/06/2024 13:00,2024-06-22 15:00:00,0.08,0.000868,15,5,6
Netherlands,2021-10-13 20:00:00,2021-10-13 22:00:00,172.0,1.8662,22,2,10
Netherlands,2018-12-07 04:00:00,2018-12-07 05:00:00,34.34,0.372589,5,4,12
Netherlands,2018-03-04 06:00:00,2018-03-04 07:00:00,41.33,0.4484305,7,6,3
Netherlands,2019-10-03 11:00:00,2019-10-03 13:00:00,37.82,0.41034699999999996,13,3,10
Netherlands,2015-01-22 01:00:00,2015-01-22 02:00:00,29.0,0.31465,2,3,1
Netherlands,2018-12-22 04:00:00,2018-12-22 05:00:00,42.4,0.46003999999999995,5,5,12
Netherlands,2022-10-03 16:00:00,2022-10-03 18:00:00,391.11,4.2435434999999995,18,0,10
Netherlands,2016-04-05 08:00:00,2016-04-05 10:00:00,34.1,0.369985,10,1,4
Netherlands,2023-09-20 00:00:00,2023-09-20 02:00:00,-1.6,-0.01736,2,2,9
Netherlands,2021-05-29 10:00:00,2021-05-29 12:00:00,47.96,0.520366,12,5,5
Netherlands,2020-04-12 17:00:00,2020-04-12 19:00:00,29.31,0.31801349999999995,19,6,4
Netherlands,2022-07-23 23:00:00,2022-07-24 01:00:00,379.24,4.114754,1,6,7
Netherlands,17/04/2024 15:00,2024-04-17 17:00:00,80.0,0.868,17,2,4
Netherlands,2018-05-25 12:00:00,2018-05-25 14:00:00,54.54,0.591759,14,4,5
Netherlands,2020-09-13 19:00:00,2020-09-13 21:00:00,48.08,0.521668,21,6,9
Netherlands,2020-05-30 22:00:00,2020-05-31 00:00:00,11.88,0.12889799999999998,0,6,5
Netherlands,2017-12-06 10:00:00,2017-12-06 11:00:00,56.49,0.6129165000000001,11,2,12
Netherlands,2015-05-10 06:00:00,2015-05-10 08:00:00,33.59,0.3644515,8,6,5
Netherlands,2022-06-16 11:00:00,2022-06-16 13:00:00,169.85,1.8428725,13,3,6
Netherlands,2021-05-30 12:00:00,2021-05-30 14:00:00,-16.86,-0.18293099999999998,14,6,5
Netherlands,2023-01-06 05:00:00,2023-01-06 06:00:00,96.89,1.0512565,6,4,1
Netherlands,2017-01-13 16:00:00,2017-01-13 17:00:00,48.72,0.528612,17,4,1
Netherlands,2023-08-06 16:00:00,2023-08-06 18:00:00,62.03,0.6730254999999999,18,6,8
Netherlands,2017-11-04 03:00:00,2017-11-04 04:00:00,33.4,0.36239,4,5,11
Netherlands,2018-06-23 01:00:00,2018-06-23 03:00:00,38.2,0.41447,3,5,6
Netherlands,2019-02-02 08:00:00,2019-02-02 09:00:00,55.79,0.6053215000000001,9,5,2
Netherlands,2021-06-21 09:00:00,2021-06-21 11:00:00,82.0,0.8896999999999999,11,0,6
Netherlands,2015-12-26 18:00:00,2015-12-26 19:00:00,31.17,0.3381945,19,5,12
Netherlands,2020-11-05 18:00:00,2020-11-05 19:00:00,49.07,0.5324095,19,3,11
Netherlands,2019-07-10 10:00:00,2019-07-10 12:00:00,39.16,0.424886,12,2,7
Netherlands,2016-05-11 03:00:00,2016-05-11 05:00:00,21.84,0.236964,5,2,5
Netherlands,2021-12-11 09:00:00,2021-12-11 10:00:00,279.0,3.0271500000000002,10,5,12
Netherlands,2018-09-28 01:00:00,2018-09-28 03:00:00,51.1,0.5544349999999999,3,4,9
Netherlands,2018-03-14 23:00:00,2018-03-15 00:00:00,25.36,0.275156,0,3,3
Netherlands,2020-03-04 14:00:00,2020-03-04 15:00:00,35.88,0.389298,15,2,3
Netherlands,2015-08-24 01:00:00,2015-08-24 03:00:00,23.94,0.259749,3,0,8
Netherlands,2017-02-14 21:00:00,2017-02-14 22:00:00,37.4,0.40579,22,1,2
Netherlands,29/05/2024 08:00,2024-05-29 10:00:00,49.9,0.541415,10,2,5
Netherlands,2019-12-01 14:00:00,2019-12-01 15:00:00,44.98,0.48803299999999994,15,6,12
Netherlands,2022-05-13 02:00:00,2022-05-13 04:00:00,176.26,1.912421,4,4,5
Netherlands,22/11/2024 00:00,2024-11-22 01:00:00,104.02,1.128617,1,4,11
Netherlands,2017-05-25 08:00:00,2017-05-25 10:00:00,26.43,0.28676549999999995,10,3,5
Netherlands,29/11/2023 16:00,2023-11-29 17:00:00,250.0,2.7125,17,2,11
Netherlands,2020-04-02 15:00:00,2020-04-02 17:00:00,17.2,0.18661999999999998,17,3,4
Netherlands,2020-06-23 15:00:00,2020-06-23 17:00:00,33.0,0.35805000000000003,17,1,6
Netherlands,2020-06-18 12:00:00,2020-06-18 14:00:00,32.17,0.34904450000000004,14,3,6
Netherlands,2017-09-01 04:00:00,2017-09-01 06:00:00,36.04,0.391034,6,4,9
Netherlands,2020-01-17 13:00:00,2020-01-17 14:00:00,39.02,0.423367,14,4,1
Netherlands,2023-01-17 08:00:00,2023-01-17 09:00:00,232.8,2.52588,9,1,1
Netherlands,2020-05-10 16:00:00,2020-05-10 18:00:00,12.1,0.13128499999999999,18,6,5
Netherlands,2022-02-24 09:00:00,2022-02-24 10:00:00,178.3,1.934555,10,3,2
Netherlands,2023-04-05 05:00:00,2023-04-05 07:00:00,207.92,2.2559319999999996,7,2,4
Netherlands,2020-10-10 22:00:00,2020-10-11 00:00:00,36.42,0.395157,0,6,10
Netherlands,2016-11-13 14:00:00,2016-11-13 15:00:00,39.76,0.43139599999999995,15,6,11
Netherlands,2018-04-02 02:00:00,2018-04-02 04:00:00,32.4,0.35153999999999996,4,0,4
Netherlands,2018-02-19 18:00:00,2018-02-19 19:00:00,62.04,0.673134,19,0,2
Netherlands,2019-06-10 23:00:00,2019-06-11 01:00:00,29.21,0.3169285,1,1,6
Netherlands,2018-09-22 08:00:00,2018-09-22 10:00:00,50.0,0.5425,10,5,9
Netherlands,2022-11-30 10:00:00,2022-11-30 11:00:00,482.52,5.235341999999999,11,2,11
Netherlands,2018-07-08 13:00:00,2018-07-08 15:00:00,32.4,0.35153999999999996,15,6,7
Netherlands,2019-01-24 03:00:00,2019-01-24 04:00:00,56.95,0.6179075,4,3,1
Netherlands,2023-01-31 04:00:00,2023-01-31 05:00:00,109.9,1.192415,5,1,1
Netherlands,2017-12-20 18:00:00,2017-12-20 19:00:00,74.19,0.8049615,19,2,12
Netherlands,2021-05-01 06:00:00,2021-05-01 08:00:00,57.38,0.6225729999999999,8,5,5
Netherlands,2017-09-11 01:00:00,2017-09-11 03:00:00,18.18,0.19725299999999998,3,0,9
Netherlands,2019-10-14 20:00:00,2019-10-14 22:00:00,35.0,0.37975,22,0,10
Netherlands,2016-09-13 23:00:00,2016-09-14 01:00:00,22.19,0.24076150000000002,1,2,9
Netherlands,2016-06-08 07:00:00,2016-06-08 09:00:00,37.33,0.40503049999999996,9,2,6
Netherlands,2019-10-12 07:00:00,2019-10-12 09:00:00,37.19,0.40351149999999997,9,5,10
Netherlands,2017-02-25 02:00:00,2017-02-25 03:00:00,32.0,0.3472,3,5,2
Netherlands,2020-05-18 08:00:00,2020-05-18 10:00:00,18.82,0.204197,10,0,5
Netherlands,2017-04-22 04:00:00,2017-04-22 06:00:00,28.8,0.31248000000000004,6,5,4
Netherlands,2022-11-07 00:00:00,2022-11-07 01:00:00,0.09,0.0009764999999999999,1,0,11
Netherlands,2021-11-09 08:00:00,2021-11-09 09:00:00,161.06,1.747501,9,1,11
Netherlands,2020-09-22 00:00:00,2020-09-22 02:00:00,30.1,0.32658499999999996,2,1,9
Netherlands,2019-02-28 18:00:00,2019-02-28 19:00:00,50.97,0.5530245,19,3,2
Netherlands,17/11/2023 14:00,2023-11-17 15:00:00,129.76,1.407896,15,4,11
Netherlands,2021-05-30 02:00:00,2021-05-30 04:00:00,48.97,0.5313245,4,6,5
Netherlands,29/08/2024 11:00,2024-08-29 13:00:00,44.9,0.48716499999999996,13,3,8
Netherlands,2018-07-25 07:00:00,2018-07-25 09:00:00,65.07,0.7060094999999998,9,2,7
Netherlands,2022-07-09 23:00:00,2022-07-10 01:00:00,249.9,2.711415,1,6,7
Netherlands,2022-11-09 14:00:00,2022-11-09 15:00:00,149.07,1.6174095,15,2,11
Netherlands,2015-08-16 00:00:00,2015-08-16 02:00:00,29.92,0.32463200000000003,2,6,8
Netherlands,08/10/2023 04:00,2023-10-08 06:00:00,83.51,0.9060835,6,6,10
Netherlands,2021-09-02 04:00:00,2021-09-02 06:00:00,143.63,1.5583854999999998,6,3,9
Netherlands,2016-10-30 08:00:00,2016-10-30 09:00:00,36.49,0.3959165,9,6,10
Netherlands,2023-04-15 00:00:00,2023-04-15 02:00:00,114.38,1.241023,2,5,4
Netherlands,2017-11-11 21:00:00,2017-11-11 22:00:00,39.0,0.42314999999999997,22,5,11
Netherlands,2018-01-23 00:00:00,2018-01-23 01:00:00,32.52,0.35284200000000004,1,1,1
Netherlands,2023-06-12 23:00:00,2023-06-13 01:00:00,82.78,0.898163,1,1,6
Netherlands,2020-05-06 15:00:00,2020-05-06 17:00:00,18.79,0.2038715,17,2,5
Netherlands,2016-12-28 03:00:00,2016-12-28 04:00:00,30.94,0.335699,4,2,12
Netherlands,2017-09-06 15:00:00,2017-09-06 17:00:00,41.2,0.44702000000000003,17,2,9
Netherlands,2018-12-07 19:00:00,2018-12-07 20:00:00,47.15,0.5115775,20,4,12
Netherlands,2017-05-02 06:00:00,2017-05-02 08:00:00,39.98,0.433783,8,1,5
Netherlands,09/05/2024 05:00,2024-05-09 07:00:00,84.6,0.9179099999999999,7,3,5
Netherlands,2018-11-15 03:00:00,2018-11-15 04:00:00,51.03,0.5536755,4,3,11
Netherlands,2022-08-13 22:00:00,2022-08-14 00:00:00,416.3,4.516855,0,6,8
Netherlands,2021-12-28 23:00:00,2021-12-29 00:00:00,112.06,1.2158509999999998,0,2,12
Netherlands,2017-10-24 15:00:00,2017-10-24 17:00:00,39.68,0.43052799999999997,17,1,10
Netherlands,2019-07-09 12:00:00,2019-07-09 14:00:00,34.75,0.37703749999999997,14,1,7
Netherlands,2023-05-02 23:00:00,2023-05-03 01:00:00,102.63,1.1135355,1,2,5
Netherlands,06/12/2024 23:00,2024-12-07 00:00:00,85.79,0.9308215,0,5,12
Netherlands,2019-09-19 01:00:00,2019-09-19 03:00:00,29.4,0.31898999999999994,3,3,9
Netherlands,2023-07-07 08:00:00,2023-07-07 10:00:00,84.0,0.9114,10,4,7
Netherlands,2022-04-07 15:00:00,2022-04-07 17:00:00,190.34,2.0651889999999997,17,3,4
Netherlands,2023-09-06 12:00:00,2023-09-06 14:00:00,75.48,0.818958,14,2,9
Netherlands,16/11/2023 13:00,2023-11-16 14:00:00,146.52,1.589742,14,3,11
Netherlands,2016-02-26 18:00:00,2016-02-26 19:00:00,37.55,0.4074175,19,4,2
Netherlands,2022-09-23 14:00:00,2022-09-23 16:00:00,384.97,4.1769245,16,4,9
Netherlands,2017-08-15 11:00:00,2017-08-15 13:00:00,39.77,0.4315045,13,1,8
Netherlands,2020-12-10 00:00:00,2020-12-10 01:00:00,34.5,0.37432499999999996,1,3,12
Netherlands,2021-12-24 09:00:00,2021-12-24 10:00:00,420.0,4.557,10,4,12
Netherlands,15/07/2024 13:00,2024-07-15 15:00:00,3.54,0.038409,15,0,7
Netherlands,2021-10-08 02:00:00,2021-10-08 04:00:00,162.74,1.765729,4,4,10
Netherlands,2018-10-16 00:00:00,2018-10-16 02:00:00,52.01,0.5643085,2,1,10
Netherlands,2017-11-29 19:00:00,2017-11-29 20:00:00,70.0,0.7595,20,2,11
Netherlands,2018-09-09 23:00:00,2018-09-10 01:00:00,52.42,0.568757,1,0,9
Netherlands,2019-04-29 10:00:00,2019-04-29 12:00:00,44.06,0.478051,12,0,4
Netherlands,27/08/2024 21:00,2024-08-27 23:00:00,92.67,1.0054695,23,1,8
Netherlands,12/06/2024 06:00,2024-06-12 08:00:00,104.01,1.1285085,8,2,6
Netherlands,2021-07-02 08:00:00,2021-07-02 10:00:00,102.54,1.112559,10,4,7
Netherlands,2018-04-06 18:00:00,2018-04-06 20:00:00,42.99,0.4664415,20,4,4
Netherlands,09/02/2024 14:00,2024-02-09 15:00:00,75.46,0.8187409999999998,15,4,2
Netherlands,2016-02-25 23:00:00,2016-02-26 00:00:00,25.44,0.276024,0,4,2
Netherlands,2015-08-24 20:00:00,2015-08-24 22:00:00,35.63,0.3865855,22,0,8
Netherlands,11/08/2024 19:00,2024-08-11 21:00:00,127.68,1.385328,21,6,8
Netherlands,10/01/2024 01:00,2024-01-10 02:00:00,86.73,0.9410204999999999,2,2,1
Netherlands,09/11/2024 13:00,2024-11-09 14:00:00,110.18,1.1954529999999999,14,5,11
Netherlands,2015-10-23 15:00:00,2015-10-23 17:00:00,45.1,0.48933499999999996,17,4,10
Netherlands,2021-12-16 17:00:00,2021-12-16 18:00:00,417.25,4.527162499999999,18,3,12
Netherlands,2021-01-21 19:00:00,2021-01-21 20:00:00,72.97,0.7917244999999999,20,3,1
Netherlands,2023-02-10 20:00:00,2023-02-10 21:00:00,94.9,1.029665,21,4,2
Netherlands,2022-11-03 08:00:00,2022-11-03 09:00:00,105.51,1.1447835,9,3,11
Netherlands,06/08/2024 09:00,2024-08-06 11:00:00,21.11,0.22904349999999998,11,1,8
Netherlands,2017-04-12 14:00:00,2017-04-12 16:00:00,31.8,0.34502999999999995,16,2,4
Netherlands,2016-05-28 14:00:00,2016-05-28 16:00:00,22.91,0.2485735,16,5,5
Netherlands,2018-02-06 11:00:00,2018-02-06 12:00:00,44.95,0.4877075,12,1,2
Netherlands,2021-10-12 02:00:00,2021-10-12 04:00:00,103.02,1.1177669999999997,4,1,10
Netherlands,2015-10-25 15:00:00,2015-10-25 16:00:00,36.2,0.39277000000000006,16,6,10
Netherlands,18/06/2024 00:00,2024-06-18 02:00:00,87.27,0.9468794999999999,2,1,6
Netherlands,2021-12-29 14:00:00,2021-12-29 15:00:00,200.0,2.17,15,2,12
Netherlands,2019-10-10 09:00:00,2019-10-10 11:00:00,35.7,0.38734500000000005,11,3,10
Netherlands,2021-09-22 22:00:00,2021-09-23 00:00:00,143.26,1.554371,0,3,9
Netherlands,2020-03-27 04:00:00,2020-03-27 05:00:00,20.6,0.22351000000000001,5,4,3
Netherlands,2023-01-26 10:00:00,2023-01-26 11:00:00,140.1,1.520085,11,3,1
Netherlands,2023-04-29 08:00:00,2023-04-29 10:00:00,103.59,1.1239515,10,5,4
Netherlands,2021-08-22 01:00:00,2021-08-22 03:00:00,72.18,0.783153,3,6,8
Netherlands,2016-05-28 23:00:00,2016-05-29 01:00:00,20.76,0.225246,1,6,5
Netherlands,2022-02-10 00:00:00,2022-02-10 01:00:00,192.61,2.0898185,1,3,2
Netherlands,2020-10-08 01:00:00,2020-10-08 03:00:00,24.35,0.2641975,3,3,10
Netherlands,2019-06-21 09:00:00,2019-06-21 11:00:00,41.04,0.445284,11,4,6
Netherlands,2023-07-25 22:00:00,2023-07-26 00:00:00,97.96,1.062866,0,2,7
Netherlands,2015-05-21 17:00:00,2015-05-21 19:00:00,39.96,0.43356599999999995,19,3,5
Netherlands,2015-01-27 06:00:00,2015-01-27 07:00:00,35.0,0.37975,7,1,1
Netherlands,2015-06-19 23:00:00,2015-06-20 01:00:00,27.05,0.2934925,1,5,6
Netherlands,2016-01-12 02:00:00,2016-01-12 03:00:00,15.74,0.170779,3,1,1
Netherlands,2020-11-03 07:00:00,2020-11-03 08:00:00,42.48,0.460908,8,1,11
Netherlands,2019-03-10 04:00:00,2019-03-10 05:00:00,44.94,0.48759899999999995,5,6,3
Netherlands,2019-07-27 05:00:00,2019-07-27 07:00:00,34.93,0.3789905,7,5,7
Netherlands,2018-08-22 23:00:00,2018-08-23 01:00:00,50.33,0.5460805,1,3,8
Netherlands,2020-05-14 16:00:00,2020-05-14 18:00:00,25.06,0.27190099999999995,18,3,5
Netherlands,2022-02-15 06:00:00,2022-02-15 07:00:00,234.06,2.539551,7,1,2
Netherlands,2023-08-23 21:00:00,2023-08-23 23:00:00,138.67,1.5045695,23,2,8
Netherlands,2019-11-17 05:00:00,2019-11-17 06:00:00,32.49,0.3525165,6,6,11
Netherlands,2015-10-24 20:00:00,2015-10-24 22:00:00,34.94,0.37909899999999996,22,5,10
Netherlands,12/04/2024 11:00,2024-04-12 13:00:00,-0.1,-0.001085,13,4,4
Netherlands,12/07/2024 03:00,2024-07-12 05:00:00,79.37,0.8611645,5,4,7
Netherlands,2021-05-21 23:00:00,2021-05-22 01:00:00,4.07,0.044159500000000004,1,5,5
Netherlands,2018-10-04 18:00:00,2018-10-04 20:00:00,74.9,0.8126650000000001,20,3,10
Netherlands,20/06/2024 00:00,2024-06-20 02:00:00,78.96,0.8567159999999999,2,3,6
Netherlands,2017-12-22 16:00:00,2017-12-22 17:00:00,50.23,0.5449955,17,4,12
Netherlands,16/11/2023 21:00,2023-11-16 22:00:00,110.2,1.19567,22,3,11
Netherlands,2015-03-02 01:00:00,2015-03-02 02:00:00,20.27,0.2199295,2,0,3
Netherlands,2015-12-04 06:00:00,2015-12-04 07:00:00,47.0,0.50995,7,4,12
Netherlands,2022-09-21 09:00:00,2022-09-21 11:00:00,289.54,3.141509,11,2,9
Netherlands,2022-01-24 23:00:00,2022-01-25 00:00:00,210.26,2.2813209999999997,0,1,1
Netherlands,2019-10-26 02:00:00,2019-10-26 04:00:00,17.0,0.18444999999999998,4,5,10
Netherlands,2017-12-10 06:00:00,2017-12-10 07:00:00,44.06,0.478051,7,6,12
Netherlands,2017-09-13 11:00:00,2017-09-13 13:00:00,37.4,0.40579,13,2,9
Netherlands,2018-05-04 09:00:00,2018-05-04 11:00:00,42.56,0.461776,11,4,5
Netherlands,2021-07-05 07:00:00,2021-07-05 09:00:00,103.55,1.1235175,9,0,7
Netherlands,2022-12-04 22:00:00,2022-12-04 23:00:00,259.9,2.8199149999999995,23,6,12
Netherlands,2019-02-10 13:00:00,2019-02-10 14:00:00,45.4,0.49259,14,6,2
Netherlands,2020-01-08 03:00:00,2020-01-08 04:00:00,19.28,0.209188,4,2,1
Netherlands,2015-11-11 10:00:00,2015-11-11 11:00:00,39.94,0.433349,11,2,11
Netherlands,2015-07-30 21:00:00,2015-07-30 23:00:00,47.44,0.514724,23,3,7
Netherlands,2022-11-08 10:00:00,2022-11-08 11:00:00,79.27,0.8600794999999999,11,1,11
Netherlands,2017-08-13 14:00:00,2017-08-13 16:00:00,23.48,0.254758,16,6,8
Netherlands,2022-08-21 09:00:00,2022-08-21 11:00:00,159.35,1.7289475,11,6,8
Netherlands,2019-10-09 18:00:00,2019-10-09 20:00:00,43.27,0.46947950000000005,20,2,10
Netherlands,2018-04-03 09:00:00,2018-04-03 11:00:00,41.66,0.45201099999999994,11,1,4
Netherlands,2019-05-13 00:00:00,2019-05-13 02:00:00,39.9,0.43291499999999994,2,0,5
Netherlands,2018-11-15 11:00:00,2018-11-15 12:00:00,67.19,0.7290114999999999,12,3,11
Netherlands,2016-01-20 22:00:00,2016-01-20 23:00:00,32.44,0.351974,23,2,1
Netherlands,2017-08-17 18:00:00,2017-08-17 20:00:00,38.35,0.4160975,20,3,8
Netherlands,2021-10-23 23:00:00,2021-10-24 01:00:00,115.0,1.24775,1,6,10
Netherlands,2016-06-04 13:00:00,2016-06-04 15:00:00,22.12,0.24000200000000002,15,5,6
Netherlands,2019-09-08 08:00:00,2019-09-08 10:00:00,36.31,0.3939635,10,6,9
Netherlands,2015-03-02 18:00:00,2015-03-02 19:00:00,70.16,0.761236,19,0,3
Netherlands,2018-04-17 21:00:00,2018-04-17 23:00:00,40.0,0.434,23,1,4
Netherlands,2016-05-21 22:00:00,2016-05-22 00:00:00,20.5,0.22242499999999998,0,6,5
Netherlands,2019-03-30 17:00:00,2019-03-30 18:00:00,46.81,0.5078885000000001,18,5,3
Netherlands,2022-05-05 01:00:00,2022-05-05 03:00:00,205.09,2.2252264999999998,3,3,5
Netherlands,2023-04-23 11:00:00,2023-04-23 13:00:00,10.01,0.1086085,13,6,4
Netherlands,2022-10-12 21:00:00,2022-10-12 23:00:00,228.57,2.4799845,23,2,10
Netherlands,2021-07-05 09:00:00,2021-07-05 11:00:00,100.09,1.0859765,11,0,7
Netherlands,2018-05-07 00:00:00,2018-05-07 02:00:00,41.85,0.4540725,2,0,5
Netherlands,2015-11-10 08:00:00,2015-11-10 09:00:00,32.87,0.35663949999999994,9,1,11
Netherlands,06/06/2024 13:00,2024-06-06 15:00:00,30.98,0.33613299999999996,15,3,6
Netherlands,2017-01-18 23:00:00,2017-01-19 00:00:00,38.53,0.4180505,0,3,1
Netherlands,2017-09-24 19:00:00,2017-09-24 21:00:00,47.1,0.511035,21,6,9
Netherlands,18/09/2024 06:00,2024-09-18 08:00:00,131.78,1.4298129999999998,8,2,9
Netherlands,20/11/2023 09:00,2023-11-20 10:00:00,110.59,1.1999015,10,0,11
Netherlands,2022-05-20 17:00:00,2022-05-20 19:00:00,231.8,2.5150300000000003,19,4,5
Netherlands,2023-04-29 09:00:00,2023-04-29 11:00:00,92.87,1.0076395,11,5,4
Netherlands,2021-09-19 06:00:00,2021-09-19 08:00:00,88.0,0.9548,8,6,9
Netherlands,10/02/2024 13:00,2024-02-10 14:00:00,69.53,0.7544004999999999,14,5,2
Netherlands,2016-05-18 07:00:00,2016-05-18 09:00:00,35.31,0.3831135,9,2,5
Netherlands,2021-01-25 09:00:00,2021-01-25 10:00:00,74.95,0.8132075,10,0,1
Netherlands,2017-03-14 11:00:00,2017-03-14 12:00:00,31.08,0.33721799999999996,12,1,3
Netherlands,2021-02-21 08:00:00,2021-02-21 09:00:00,34.58,0.375193,9,6,2
Netherlands,23/04/2024 07:00,2024-04-23 09:00:00,98.38,1.067423,9,1,4
Netherlands,2021-04-11 08:00:00,2021-04-11 10:00:00,54.9,0.595665,10,6,4
Netherlands,2015-01-20 18:00:00,2015-01-20 19:00:00,56.02,0.607817,19,1,1
Netherlands,2023-04-01 19:00:00,2023-04-01 21:00:00,91.16,0.9890859999999999,21,5,4
Netherlands,2018-12-06 08:00:00,2018-12-06 09:00:00,66.95,0.7264075,9,3,12
Netherlands,2020-10-09 04:00:00,2020-10-09 06:00:00,44.07,0.47815949999999996,6,4,10
Netherlands,2023-05-12 14:00:00,2023-05-12 16:00:00,80.93,0.8780905,16,4,5
Netherlands,2023-02-20 18:00:00,2023-02-20 19:00:00,146.0,1.5840999999999998,19,0,2
Netherlands,2021-01-29 11:00:00,2021-01-29 12:00:00,53.29,0.5781965,12,4,1
Netherlands,04/01/2025 06:00,2025-01-04 07:00:00,120.02,1.302217,7,5,1
Netherlands,21/11/2024 09:00,2024-11-21 10:00:00,127.38,1.3820729999999999,10,3,11
Netherlands,2017-12-25 03:00:00,2017-12-25 04:00:00,25.2,0.27341999999999994,4,0,12
Netherlands,2020-12-25 20:00:00,2020-12-25 21:00:00,47.4,0.5142899999999999,21,4,12
Netherlands,2022-09-15 16:00:00,2022-09-15 18:00:00,457.8,4.96713,18,3,9
Netherlands,2015-05-15 05:00:00,2015-05-15 07:00:00,53.09,0.5760265000000001,7,4,5
Netherlands,2015-02-14 04:00:00,2015-02-14 05:00:00,31.23,0.3388455,5,5,2
Netherlands,2021-09-03 10:00:00,2021-09-03 12:00:00,80.1,0.8690849999999999,12,4,9
Netherlands,2019-05-25 15:00:00,2019-05-25 17:00:00,34.19,0.37096149999999994,17,5,5
Netherlands,2021-10-06 20:00:00,2021-10-06 22:00:00,220.19,2.3890615,22,2,10
Netherlands,2018-02-15 09:00:00,2018-02-15 10:00:00,51.71,0.5610535,10,3,2
Netherlands,2019-04-09 05:00:00,2019-04-09 07:00:00,52.08,0.565068,7,1,4
Netherlands,2021-03-18 00:00:00,2021-03-18 01:00:00,49.56,0.537726,1,3,3
Netherlands,2022-11-24 19:00:00,2022-11-24 20:00:00,261.56,2.837926,20,3,11
Netherlands,2022-12-09 10:00:00,2022-12-09 11:00:00,488.16,5.296536,11,4,12
Netherlands,2018-04-20 20:00:00,2018-04-20 22:00:00,47.93,0.5200404999999999,22,4,4
Netherlands,2016-01-12 12:00:00,2016-01-12 13:00:00,33.3,0.36130499999999993,13,1,1
Netherlands,2015-11-21 02:00:00,2015-11-21 03:00:00,22.38,0.24282299999999998,3,5,11
Netherlands,2018-02-06 00:00:00,2018-02-06 01:00:00,35.0,0.37975,1,1,2
Netherlands,2015-10-09 15:00:00,2015-10-09 17:00:00,46.66,0.506261,17,4,10
Netherlands,2019-03-09 23:00:00,2019-03-10 00:00:00,63.05,0.6840925,0,6,3
Netherlands,29/10/2023 11:00,2023-10-29 12:00:00,0.0,0.0,12,6,10
Netherlands,2020-03-09 09:00:00,2020-03-09 10:00:00,40.44,0.43877399999999994,10,0,3
Netherlands,2018-03-15 22:00:00,2018-03-15 23:00:00,49.2,0.5338200000000001,23,3,3
Netherlands,2015-12-12 10:00:00,2015-12-12 11:00:00,50.04,0.5429339999999999,11,5,12
Netherlands,2022-09-08 11:00:00,2022-09-08 13:00:00,397.87,4.3168895,13,3,9
Netherlands,2018-07-02 01:00:00,2018-07-02 03:00:00,38.03,0.4126255,3,0,7
Netherlands,2022-01-10 03:00:00,2022-01-10 04:00:00,178.04,1.9317339999999998,4,0,1
Netherlands,2021-02-25 03:00:00,2021-02-25 04:00:00,35.07,0.3805095,4,3,2
Netherlands,28/08/2024 01:00,2024-08-28 03:00:00,88.98,0.965433,3,2,8
Netherlands,2023-02-28 11:00:00,2023-02-28 12:00:00,116.71,1.2663035,12,1,2
Netherlands,2015-05-30 04:00:00,2015-05-30 06:00:00,17.71,0.1921535,6,5,5
Netherlands,2021-05-31 02:00:00,2021-05-31 04:00:00,61.62,0.668577,4,0,5
Netherlands,2020-04-22 16:00:00,2020-04-22 18:00:00,27.75,0.30108749999999995,18,2,4
Netherlands,2016-07-22 18:00:00,2016-07-22 20:00:00,33.26,0.360871,20,4,7
Netherlands,2016-10-24 07:00:00,2016-10-24 09:00:00,59.22,0.6425369999999999,9,0,10
Netherlands,2018-04-08 21:00:00,2018-04-08 23:00:00,37.6,0.40796,23,6,4
Netherlands,2021-03-12 01:00:00,2021-03-12 02:00:00,33.67,0.3653195,2,4,3
Netherlands,2017-04-06 20:00:00,2017-04-06 22:00:00,37.4,0.40579,22,3,4
Netherlands,2021-01-29 18:00:00,2021-01-29 19:00:00,59.38,0.644273,19,4,1
Netherlands,2018-09-20 01:00:00,2018-09-20 03:00:00,42.12,0.45700199999999996,3,3,9
Netherlands,2019-02-04 23:00:00,2019-02-05 00:00:00,37.3,0.404705,0,1,2
Netherlands,2020-08-03 02:00:00,2020-08-03 04:00:00,26.03,0.2824255,4,0,8
Netherlands,2016-05-14 20:00:00,2016-05-14 22:00:00,23.6,0.25606,22,5,5
Netherlands,2016-03-06 19:00:00,2016-03-06 20:00:00,29.17,0.3164945,20,6,3
Netherlands,2023-03-03 23:00:00,2023-03-04 00:00:00,116.07,1.2593594999999997,0,5,3
Netherlands,2015-08-29 04:00:00,2015-08-29 06:00:00,35.86,0.38908099999999995,6,5,8
Netherlands,2016-10-21 00:00:00,2016-10-21 02:00:00,31.8,0.34502999999999995,2,4,10
Netherlands,2015-10-25 05:00:00,2015-10-25 06:00:00,31.0,0.33635,6,6,10
Netherlands,2017-01-15 19:00:00,2017-01-15 20:00:00,50.0,0.5425,20,6,1
Netherlands,2018-02-06 22:00:00,2018-02-06 23:00:00,35.1,0.380835,23,1,2
Netherlands,2023-03-09 10:00:00,2023-03-09 11:00:00,131.8,1.43003,11,3,3
Netherlands,2016-01-04 23:00:00,2016-01-05 00:00:00,25.03,0.27157549999999997,0,1,1
Netherlands,2015-12-06 15:00:00,2015-12-06 16:00:00,34.1,0.369985,16,6,12
Netherlands,2016-10-21 07:00:00,2016-10-21 09:00:00,59.99,0.6508915,9,4,10
Netherlands,16/01/2024 15:00,2024-01-16 16:00:00,111.69,1.2118365,16,1,1
Netherlands,2023-01-20 00:00:00,2023-01-20 01:00:00,144.5,1.567825,1,4,1
Netherlands,2018-08-12 09:00:00,2018-08-12 11:00:00,39.6,0.42966000000000004,11,6,8
Netherlands,2019-08-04 20:00:00,2019-08-04 22:00:00,46.76,0.507346,22,6,8
Netherlands,2020-08-30 10:00:00,2020-08-30 12:00:00,25.9,0.28101499999999996,12,6,8
Netherlands,2022-08-18 05:00:00,2022-08-18 07:00:00,598.9,6.4980649999999995,7,3,8
Netherlands,2015-09-24 14:00:00,2015-09-24 16:00:00,47.14,0.511469,16,3,9
Netherlands,2018-12-31 07:00:00,2018-12-31 08:00:00,57.47,0.6235495,8,0,12
Netherlands,2018-09-08 19:00:00,2018-09-08 21:00:00,77.36,0.839356,21,5,9
Netherlands,2019-10-30 20:00:00,2019-10-30 21:00:00,43.42,0.47110700000000005,21,2,10
Netherlands,2015-09-21 10:00:00,2015-09-21 12:00:00,37.6,0.40796,12,0,9
Netherlands,2020-08-06 19:00:00,2020-08-06 21:00:00,43.39,0.4707815,21,3,8
Netherlands,2021-05-08 03:00:00,2021-05-08 05:00:00,59.47,0.6452495,5,5,5
Netherlands,2023-03-10 03:00:00,2023-03-10 04:00:00,99.09,1.0751265,4,4,3
Netherlands,2020-03-10 17:00:00,2020-03-10 18:00:00,28.34,0.30748899999999996,18,1,3
Netherlands,2015-02-01 12:00:00,2015-02-01 13:00:00,39.94,0.433349,13,6,2
Netherlands,2016-03-18 11:00:00,2016-03-18 12:00:00,35.5,0.385175,12,4,3
Netherlands,2017-12-16 15:00:00,2017-12-16 16:00:00,46.17,0.5009445,16,5,12
Netherlands,2017-08-06 06:00:00,2017-08-06 08:00:00,20.91,0.2268735,8,6,8
Netherlands,2018-12-17 17:00:00,2018-12-17 18:00:00,81.38,0.882973,18,0,12
Netherlands,2022-08-29 01:00:00,2022-08-29 03:00:00,518.1,5.621385,3,0,8
Netherlands,29/11/2023 20:00,2023-11-29 21:00:00,139.01,1.5082585,21,2,11
Netherlands,2021-08-16 22:00:00,2021-08-17 00:00:00,61.11,0.6630435,0,1,8
Netherlands,2016-07-24 15:00:00,2016-07-24 17:00:00,26.67,0.2893695,17,6,7
Netherlands,2021-03-16 04:00:00,2021-03-16 05:00:00,47.4,0.5142899999999999,5,1,3
Netherlands,2019-05-27 00:00:00,2019-05-27 02:00:00,25.63,0.2780855,2,0,5
Netherlands,2019-08-10 03:00:00,2019-08-10 05:00:00,16.66,0.180761,5,5,8
Netherlands,2015-02-02 05:00:00,2015-02-02 06:00:00,37.85,0.4106725,6,0,2
Netherlands,2023-08-21 14:00:00,2023-08-21 16:00:00,96.17,1.0434445,16,0,8
Netherlands,2021-06-01 04:00:00,2021-06-01 06:00:00,78.88,0.8558479999999999,6,1,6
Netherlands,2020-09-20 17:00:00,2020-09-20 19:00:00,51.7,0.560945,19,6,9
Netherlands,2017-06-08 00:00:00,2017-06-08 02:00:00,35.5,0.385175,2,3,6
Netherlands,2018-07-18 06:00:00,2018-07-18 08:00:00,55.93,0.6068405,8,2,7
Netherlands,27/05/2024 18:00,2024-05-27 20:00:00,154.62,1.677627,20,0,5
Netherlands,2018-05-24 03:00:00,2018-05-24 05:00:00,37.64,0.408394,5,3,5
Netherlands,2015-11-27 07:00:00,2015-11-27 08:00:00,48.24,0.523404,8,4,11
Netherlands,2021-10-05 03:00:00,2021-10-05 05:00:00,110.96,1.203916,5,1,10
Netherlands,09/04/2024 19:00,2024-04-09 21:00:00,66.64,0.723044,21,1,4
Netherlands,2018-01-26 10:00:00,2018-01-26 11:00:00,53.18,0.5770029999999999,11,4,1
Netherlands,2023-05-24 22:00:00,2023-05-25 00:00:00,102.1,1.1077849999999998,0,3,5
Netherlands,2023-02-28 09:00:00,2023-02-28 10:00:00,120.93,1.3120905,10,1,2
Netherlands,25/12/2024 21:00,2024-12-25 22:00:00,114.07,1.2376595,22,2,12
Netherlands,2020-07-17 03:00:00,2020-07-17 05:00:00,32.43,0.3518655,5,4,7
Netherlands,2021-04-23 17:00:00,2021-04-23 19:00:00,78.02,0.846517,19,4,4
Netherlands,2021-02-25 11:00:00,2021-02-25 12:00:00,40.86,0.443331,12,3,2
Netherlands,2020-04-01 17:00:00,2020-04-01 19:00:00,31.12,0.337652,19,2,4
Netherlands,2016-01-27 23:00:00,2016-01-28 00:00:00,21.0,0.22785,0,3,1
Netherlands,2020-01-07 23:00:00,2020-01-08 00:00:00,25.27,0.27417949999999996,0,2,1
Netherlands,2018-11-02 18:00:00,2018-11-02 19:00:00,72.01,0.7813085,19,4,11
Netherlands,2021-11-14 15:00:00,2021-11-14 16:00:00,166.6,1.80761,16,6,11
Netherlands,2020-06-29 13:00:00,2020-06-29 15:00:00,15.62,0.169477,15,0,6
Netherlands,2020-04-30 15:00:00,2020-04-30 17:00:00,22.57,0.2448845,17,3,4
Netherlands,2017-02-25 19:00:00,2017-02-25 20:00:00,36.0,0.39059999999999995,20,5,2
Netherlands,2020-03-15 16:00:00,2020-03-15 17:00:00,23.9,0.259315,17,6,3
Netherlands,25/11/2023 07:00,2023-11-25 08:00:00,94.29,1.0230465,8,5,11
Netherlands,2016-02-14 15:00:00,2016-02-14 16:00:00,18.2,0.19747,16,6,2
Netherlands,2022-08-19 03:00:00,2022-08-19 05:00:00,469.62,5.095376999999999,5,4,8
Netherlands,2015-12-14 14:00:00,2015-12-14 15:00:00,50.04,0.5429339999999999,15,0,12
Netherlands,23/06/2024 10:00,2024-06-23 12:00:00,-0.1,-0.001085,12,6,6
Netherlands,2018-10-27 17:00:00,2018-10-27 19:00:00,76.25,0.8273125,19,5,10
Netherlands,2017-10-16 14:00:00,2017-10-16 16:00:00,44.62,0.484127,16,0,10
Netherlands,2019-06-29 15:00:00,2019-06-29 17:00:00,30.18,0.327453,17,5,6
Netherlands,2015-09-14 00:00:00,2015-09-14 02:00:00,27.7,0.30054499999999995,2,0,9
Netherlands,2020-04-13 16:00:00,2020-04-13 18:00:00,17.0,0.18444999999999998,18,0,4
Netherlands,2018-03-03 14:00:00,2018-03-03 15:00:00,40.37,0.4380144999999999,15,5,3
Netherlands,2015-02-19 23:00:00,2015-02-20 00:00:00,42.44,0.46047399999999994,0,4,2
Netherlands,2015-03-20 14:00:00,2015-03-20 15:00:00,38.09,0.4132765,15,4,3
Netherlands,2015-09-22 11:00:00,2015-09-22 13:00:00,36.73,0.39852049999999994,13,1,9
Netherlands,2021-03-10 10:00:00,2021-03-10 11:00:00,47.09,0.5109265000000001,11,2,3
Netherlands,2023-07-30 18:00:00,2023-07-30 20:00:00,84.47,0.9164995,20,6,7
Netherlands,2022-06-22 02:00:00,2022-06-22 04:00:00,255.02,2.766967,4,2,6
Netherlands,2021-05-16 23:00:00,2021-05-17 01:00:00,53.03,0.5753755,1,0,5
Netherlands,2020-12-31 15:00:00,2020-12-31 16:00:00,59.2,0.64232,16,3,12
Netherlands,2016-07-26 11:00:00,2016-07-26 13:00:00,43.33,0.4701305,13,1,7
Netherlands,2022-11-17 00:00:00,2022-11-17 01:00:00,27.77,0.3013045,1,3,11
Netherlands,2019-01-19 13:00:00,2019-01-19 14:00:00,58.08,0.6301680000000001,14,5,1
Netherlands,22/08/2024 18:00,2024-08-22 20:00:00,114.7,1.244495,20,3,8
Netherlands,2020-06-28 16:00:00,2020-06-28 18:00:00,25.04,0.271684,18,6,6
Netherlands,2017-10-15 15:00:00,2017-10-15 17:00:00,39.38,0.427273,17,6,10
Netherlands,2023-01-18 12:00:00,2023-01-18 13:00:00,115.75,1.2558875,13,2,1
Netherlands,2023-01-29 08:00:00,2023-01-29 09:00:00,149.9,1.626415,9,6,1
Netherlands,2018-11-01 08:00:00,2018-11-01 09:00:00,59.66,0.647311,9,3,11
Netherlands,27/07/2024 18:00,2024-07-27 20:00:00,121.76,1.321096,20,5,7
Netherlands,2019-11-06 08:00:00,2019-11-06 09:00:00,56.92,0.617582,9,2,11
Netherlands,2019-10-20 08:00:00,2019-10-20 10:00:00,37.47,0.40654949999999995,10,6,10
Netherlands,2022-07-01 17:00:00,2022-07-01 19:00:00,319.74,3.469179,19,4,7
Netherlands,2022-08-23 00:00:00,2022-08-23 02:00:00,507.0,5.50095,2,1,8
Netherlands,2022-01-15 02:00:00,2022-01-15 03:00:00,161.2,1.7490199999999998,3,5,1
Netherlands,2022-04-21 20:00:00,2022-04-21 22:00:00,199.71,2.1668535,22,3,4
Netherlands,2022-07-02 22:00:00,2022-07-03 00:00:00,270.08,2.930368,0,6,7
Netherlands,2022-05-02 19:00:00,2022-05-02 21:00:00,253.52,2.750692,21,0,5
Netherlands,2016-03-04 18:00:00,2016-03-04 19:00:00,33.7,0.36564500000000005,19,4,3
Netherlands,2020-09-30 15:00:00,2020-09-30 17:00:00,53.98,0.585683,17,2,9
Netherlands,12/04/2024 02:00,2024-04-12 04:00:00,59.49,0.6454664999999999,4,4,4
Netherlands,2017-03-17 07:00:00,2017-03-17 08:00:00,48.38,0.524923,8,4,3
Netherlands,2016-04-28 13:00:00,2016-04-28 15:00:00,26.96,0.292516,15,3,4
Netherlands,2020-04-02 20:00:00,2020-04-02 22:00:00,25.0,0.27125,22,3,4
Netherlands,2019-01-12 11:00:00,2019-01-12 12:00:00,51.98,0.5639829999999999,12,5,1
Netherlands,2020-11-07 01:00:00,2020-11-07 02:00:00,34.9,0.378665,2,5,11
Netherlands,2015-04-15 08:00:00,2015-04-15 10:00:00,72.22,0.783587,10,2,4
Netherlands,2019-10-11 20:00:00,2019-10-11 22:00:00,24.0,0.26039999999999996,22,4,10
Netherlands,2018-08-15 18:00:00,2018-08-15 20:00:00,65.0,0.70525,20,2,8
Netherlands,2017-08-03 10:00:00,2017-08-03 12:00:00,29.46,0.319641,12,3,8
Netherlands,2015-05-31 07:00:00,2015-05-31 09:00:00,15.92,0.172732,9,6,5
Netherlands,2019-09-08 01:00:00,2019-09-08 03:00:00,32.01,0.34730849999999996,3,6,9
Netherlands,2017-05-09 22:00:00,2017-05-10 00:00:00,32.33,0.35078049999999994,0,2,5
Netherlands,2023-02-02 08:00:00,2023-02-02 09:00:00,178.2,1.9334699999999998,9,3,2
Netherlands,2017-03-04 11:00:00,2017-03-04 12:00:00,38.86,0.421631,12,5,3
Netherlands,2020-05-12 10:00:00,2020-05-12 12:00:00,20.0,0.217,12,1,5
Netherlands,2015-10-09 04:00:00,2015-10-09 06:00:00,46.62,0.5058269999999999,6,4,10
Netherlands,2020-07-21 14:00:00,2020-07-21 16:00:00,17.08,0.18531799999999998,16,1,7
Netherlands,2023-06-16 01:00:00,2023-06-16 03:00:00,112.69,1.2226865,3,4,6
Netherlands,2023-08-15 16:00:00,2023-08-15 18:00:00,102.18,1.108653,18,1,8
Netherlands,2016-09-12 03:00:00,2016-09-12 05:00:00,23.97,0.2600745,5,0,9
Netherlands,01/08/2024 11:00,2024-08-01 13:00:00,60.34,0.654689,13,3,8
Netherlands,2022-04-19 23:00:00,2022-04-20 01:00:00,189.55,2.0566174999999998,1,2,4
Netherlands,2017-03-09 05:00:00,2017-03-09 06:00:00,41.59,0.4512515,6,3,3
Netherlands,2023-07-17 05:00:00,2023-07-17 07:00:00,77.2,0.83762,7,0,7
Netherlands,2019-06-20 14:00:00,2019-06-20 16:00:00,33.54,0.363909,16,3,6
Netherlands,2017-02-26 19:00:00,2017-02-26 20:00:00,39.15,0.4247775,20,6,2
Netherlands,2015-10-25 00:00:00,2015-10-25 02:00:00,25.07,0.2720095,2,6,10
Netherlands,2023-01-24 00:00:00,2023-01-24 01:00:00,160.05,1.7365425,1,1,1
Netherlands,2023-02-25 12:00:00,2023-02-25 13:00:00,35.05,0.3802925,13,5,2
Netherlands,2020-05-29 21:00:00,2020-05-29 23:00:00,22.32,0.242172,23,4,5
Netherlands,2018-11-18 09:00:00,2018-11-18 10:00:00,74.08,0.8037679999999999,10,6,11
Netherlands,2023-09-10 12:00:00,2023-09-10 14:00:00,0.0,0.0,14,6,9
Netherlands,2015-12-03 12:00:00,2015-12-03 13:00:00,48.54,0.526659,13,3,12
Netherlands,2020-10-31 16:00:00,2020-10-31 17:00:00,38.25,0.4150125,17,5,10
Netherlands,2017-11-05 00:00:00,2017-11-05 01:00:00,32.7,0.354795,1,6,11
Netherlands,10/12/2023 12:00,2023-12-10 13:00:00,64.73,0.7023205,13,6,12
Netherlands,2022-10-05 14:00:00,2022-10-05 16:00:00,74.9,0.8126650000000001,16,2,10
Netherlands,2023-07-03 21:00:00,2023-07-03 23:00:00,114.5,1.2423250000000001,23,0,7
Netherlands,2022-09-11 19:00:00,2022-09-11 21:00:00,484.94,5.261599,21,6,9
Netherlands,2023-04-20 02:00:00,2023-04-20 04:00:00,97.18,1.054403,4,3,4
Netherlands,2018-11-30 08:00:00,2018-11-30 09:00:00,68.03,0.7381255,9,4,11
Netherlands,2020-04-11 05:00:00,2020-04-11 07:00:00,24.64,0.26734399999999997,7,5,4
Netherlands,01/03/2024 08:00,2024-03-01 09:00:00,78.04,0.846734,9,4,3
Netherlands,2021-05-20 12:00:00,2021-05-20 14:00:00,54.07,0.5866595,14,3,5
Netherlands,12/05/2024 08:00,2024-05-12 10:00:00,-26.29,-0.28524649999999996,10,6,5
Netherlands,2016-01-25 16:00:00,2016-01-25 17:00:00,34.96,0.379316,17,0,1
Netherlands,2019-11-08 16:00:00,2019-11-08 17:00:00,66.47,0.7211995,17,4,11
Netherlands,2015-04-26 23:00:00,2015-04-27 01:00:00,26.0,0.28209999999999996,1,0,4
Netherlands,2019-07-24 12:00:00,2019-07-24 14:00:00,39.91,0.43302349999999995,14,2,7
Netherlands,2019-11-04 10:00:00,2019-11-04 11:00:00,43.33,0.4701305,11,0,11
Netherlands,2017-11-09 10:00:00,2017-11-09 11:00:00,39.9,0.43291499999999994,11,3,11
Netherlands,2023-03-24 23:00:00,2023-03-25 00:00:00,15.3,0.16600499999999999,0,5,3
Netherlands,2023-07-09 16:00:00,2023-07-09 18:00:00,104.41,1.1328485,18,6,7
Netherlands,2016-02-24 00:00:00,2016-02-24 01:00:00,22.8,0.24738,1,2,2
Netherlands,2018-07-26 06:00:00,2018-07-26 08:00:00,64.08,0.6952679999999999,8,3,7
Netherlands,2017-12-28 07:00:00,2017-12-28 08:00:00,50.98,0.5531329999999999,8,3,12
Netherlands,2015-02-24 01:00:00,2015-02-24 02:00:00,34.8,0.37757999999999997,2,1,2
Netherlands,2016-01-23 06:00:00,2016-01-23 07:00:00,23.35,0.2533475,7,5,1
Netherlands,21/07/2024 06:00,2024-07-21 08:00:00,64.9,0.704165,8,6,7
Netherlands,2020-10-29 00:00:00,2020-10-29 01:00:00,25.19,0.27331150000000004,1,3,10
Netherlands,2018-12-07 16:00:00,2018-12-07 17:00:00,70.1,0.760585,17,4,12
Netherlands,2018-08-27 06:00:00,2018-08-27 08:00:00,55.0,0.59675,8,0,8
Netherlands,2021-03-27 08:00:00,2021-03-27 09:00:00,16.13,0.17501049999999999,9,5,3
Netherlands,2017-07-28 15:00:00,2017-07-28 17:00:00,28.87,0.3132395,17,4,7
Netherlands,2017-11-02 21:00:00,2017-11-02 22:00:00,35.0,0.37975,22,3,11
Netherlands,2023-06-14 19:00:00,2023-06-14 21:00:00,138.03,1.4976254999999998,21,2,6
Netherlands,2022-02-08 01:00:00,2022-02-08 02:00:00,107.86,1.170281,2,1,2
Netherlands,2019-08-22 16:00:00,2019-08-22 18:00:00,42.47,0.4607995,18,3,8
Netherlands,2022-09-29 08:00:00,2022-09-29 10:00:00,371.75,4.0334875,10,3,9
Netherlands,2020-11-28 22:00:00,2020-11-28 23:00:00,33.4,0.36239,23,5,11
Netherlands,2017-05-06 04:00:00,2017-05-06 06:00:00,30.92,0.335482,6,5,5
Netherlands,2017-05-23 08:00:00,2017-05-23 10:00:00,38.05,0.41284249999999995,10,1,5
Netherlands,2019-08-31 08:00:00,2019-08-31 10:00:00,31.29,0.3394965,10,5,8
Netherlands,2022-04-26 13:00:00,2022-04-26 15:00:00,198.2,2.15047,15,1,4
Netherlands,2018-01-04 14:00:00,2018-01-04 15:00:00,48.8,0.52948,15,3,1
Netherlands,2023-07-23 13:00:00,2023-07-23 15:00:00,-9.61,-0.10426849999999999,15,6,7
Netherlands,2018-01-31 07:00:00,2018-01-31 08:00:00,40.1,0.435085,8,2,1
Netherlands,2015-11-08 18:00:00,2015-11-08 19:00:00,44.94,0.48759899999999995,19,6,11
Netherlands,2015-04-27 13:00:00,2015-04-27 15:00:00,33.42,0.362607,15,0,4
Netherlands,2020-09-05 07:00:00,2020-09-05 09:00:00,37.55,0.4074175,9,5,9
Netherlands,2015-09-23 01:00:00,2015-09-23 03:00:00,27.71,0.3006535,3,2,9
Netherlands,2016-08-18 17:00:00,2016-08-18 19:00:00,37.34,0.405139,19,3,8
Netherlands,2017-04-15 03:00:00,2017-04-15 05:00:00,28.51,0.30933350000000004,5,5,4
Netherlands,2017-11-22 12:00:00,2017-11-22 13:00:00,36.2,0.39277000000000006,13,2,11
Netherlands,2015-04-16 10:00:00,2015-04-16 12:00:00,49.94,0.5418489999999999,12,3,4
Netherlands,2022-03-30 15:00:00,2022-03-30 17:00:00,269.81,2.9274384999999996,17,2,3
Netherlands,2018-10-10 11:00:00,2018-10-10 13:00:00,59.53,0.6459005,13,2,10
Netherlands,2016-08-28 16:00:00,2016-08-28 18:00:00,29.01,0.31475850000000005,18,6,8
Netherlands,2019-09-04 10:00:00,2019-09-04 12:00:00,30.48,0.33070799999999995,12,2,9
Netherlands,2023-02-08 21:00:00,2023-02-08 22:00:00,170.6,1.85101,22,2,2
Netherlands,2017-11-07 05:00:00,2017-11-07 06:00:00,37.4,0.40579,6,1,11
Netherlands,2020-02-07 23:00:00,2020-02-08 00:00:00,25.07,0.2720095,0,5,2
Netherlands,2018-11-25 19:00:00,2018-11-25 20:00:00,52.04,0.564634,20,6,11
Netherlands,2022-07-24 20:00:00,2022-07-24 22:00:00,371.33,4.0289304999999995,22,6,7
Netherlands,2019-08-02 04:00:00,2019-08-02 06:00:00,41.97,0.45537449999999996,6,4,8
Netherlands,2015-10-24 04:00:00,2015-10-24 06:00:00,36.99,0.4013415,6,5,10
Netherlands,2017-11-28 16:00:00,2017-11-28 17:00:00,77.89,0.8451065,17,1,11
Netherlands,24/05/2024 19:00,2024-05-24 21:00:00,115.83,1.2567555,21,4,5
Netherlands,14/10/2024 15:00,2024-10-14 17:00:00,158.51,1.7198335,17,0,10
Netherlands,2022-07-07 13:00:00,2022-07-07 15:00:00,167.13,1.8133605,15,3,7
Netherlands,26/12/2023 18:00,2023-12-26 19:00:00,129.0,1.3996499999999998,19,1,12
Netherlands,2020-10-12 19:00:00,2020-10-12 21:00:00,48.01,0.5209085,21,0,10
Netherlands,2017-10-10 18:00:00,2017-10-10 20:00:00,35.46,0.384741,20,1,10
Netherlands,2015-05-11 17:00:00,2015-05-11 19:00:00,48.2,0.52297,19,0,5
Netherlands,2021-03-19 22:00:00,2021-03-19 23:00:00,60.11,0.6521935,23,4,3
Netherlands,2016-02-29 12:00:00,2016-02-29 13:00:00,22.64,0.245644,13,0,2
Netherlands,2018-03-10 03:00:00,2018-03-10 04:00:00,28.94,0.31399900000000003,4,5,3
Netherlands,2019-08-06 01:00:00,2019-08-06 03:00:00,33.69,0.3655365,3,1,8
Netherlands,2017-10-23 16:00:00,2017-10-23 18:00:00,66.58,0.722393,18,0,10
Netherlands,2016-10-20 17:00:00,2016-10-20 19:00:00,59.35,0.6439475,19,3,10
Netherlands,2023-05-17 13:00:00,2023-05-17 15:00:00,6.01,0.0652085,15,2,5
Netherlands,2018-05-04 14:00:00,2018-05-04 16:00:00,38.31,0.4156635,16,4,5
Netherlands,12/01/2024 03:00,2024-01-12 04:00:00,78.0,0.8462999999999999,4,4,1
Netherlands,2020-12-22 02:00:00,2020-12-22 03:00:00,14.0,0.1519,3,1,12
Netherlands,2016-12-05 19:00:00,2016-12-05 20:00:00,49.4,0.53599,20,0,12
Netherlands,2019-10-23 01:00:00,2019-10-23 03:00:00,30.09,0.3264765,3,2,10
Netherlands,2023-07-19 21:00:00,2023-07-19 23:00:00,101.1,1.096935,23,2,7
Netherlands,2019-04-03 18:00:00,2019-04-03 20:00:00,52.34,0.567889,20,2,4
Netherlands,2019-07-10 14:00:00,2019-07-10 16:00:00,38.84,0.42141400000000007,16,2,7
Netherlands,2017-04-16 19:00:00,2017-04-16 21:00:00,44.9,0.48716499999999996,21,6,4
Netherlands,2015-10-24 00:00:00,2015-10-24 02:00:00,32.28,0.350238,2,5,10
Netherlands,2017-10-19 17:00:00,2017-10-19 19:00:00,54.3,0.589155,19,3,10
Netherlands,2020-10-17 15:00:00,2020-10-17 17:00:00,43.5,0.471975,17,5,10
Netherlands,2017-05-11 09:00:00,2017-05-11 11:00:00,42.85,0.4649225,11,3,5
Netherlands,2023-05-09 18:00:00,2023-05-09 20:00:00,119.84,1.3002639999999999,20,1,5
Netherlands,2020-12-22 04:00:00,2020-12-22 05:00:00,6.53,0.0708505,5,1,12
Netherlands,2018-11-08 17:00:00,2018-11-08 18:00:00,90.06,0.977151,18,3,11
Netherlands,2023-04-09 13:00:00,2023-04-09 15:00:00,56.0,0.6076,15,6,4
Netherlands,2015-05-15 17:00:00,2015-05-15 19:00:00,50.0,0.5425,19,4,5
Netherlands,2020-03-11 20:00:00,2020-03-11 21:00:00,25.0,0.27125,21,2,3
Netherlands,2018-01-11 20:00:00,2018-01-11 21:00:00,43.13,0.4679605,21,3,1
Netherlands,2018-08-12 06:00:00,2018-08-12 08:00:00,41.1,0.445935,8,6,8
Netherlands,2022-01-09 20:00:00,2022-01-09 21:00:00,214.02,2.322117,21,6,1
Netherlands,2020-04-16 14:00:00,2020-04-16 16:00:00,18.63,0.20213549999999997,16,3,4
Netherlands,2021-07-02 06:00:00,2021-07-02 08:00:00,120.51,1.3075335,8,4,7
Netherlands,2021-07-31 12:00:00,2021-07-31 14:00:00,14.61,0.15851849999999998,14,5,7
Netherlands,2015-04-29 19:00:00,2015-04-29 21:00:00,41.39,0.4490815,21,2,4
Netherlands,2020-08-18 04:00:00,2020-08-18 06:00:00,37.33,0.40503049999999996,6,1,8
Netherlands,2017-11-08 06:00:00,2017-11-08 07:00:00,57.15,0.6200775,7,2,11
Netherlands,2023-09-25 12:00:00,2023-09-25 14:00:00,84.09,0.9123764999999999,14,0,9
Netherlands,2019-12-07 16:00:00,2019-12-07 17:00:00,48.46,0.5257909999999999,17,5,12
Netherlands,2016-04-18 22:00:00,2016-04-19 00:00:00,19.83,0.21515549999999997,0,1,4
Netherlands,2023-09-20 06:00:00,2023-09-20 08:00:00,105.64,1.146194,8,2,9
Netherlands,2023-06-05 06:00:00,2023-06-05 08:00:00,99.95,1.0844575,8,0,6
Netherlands,01/01/2024 08:00,2024-01-01 09:00:00,0.04,0.000434,9,0,1
Netherlands,2023-03-03 00:00:00,2023-03-03 01:00:00,128.02,1.389017,1,4,3
Netherlands,2019-06-21 19:00:00,2019-06-21 21:00:00,49.91,0.5415234999999999,21,4,6
Netherlands,2022-05-12 08:00:00,2022-05-12 10:00:00,138.74,1.505329,10,3,5
Netherlands,2023-02-11 02:00:00,2023-02-11 03:00:00,118.28,1.2833379999999999,3,5,2
Netherlands,2022-12-11 12:00:00,2022-12-11 13:00:00,324.74,3.523429,13,6,12
Netherlands,2019-02-04 05:00:00,2019-02-04 06:00:00,47.16,0.511686,6,0,2
Netherlands,2020-01-24 02:00:00,2020-01-24 03:00:00,34.12,0.3702019999999999,3,4,1
Netherlands,2015-12-24 19:00:00,2015-12-24 20:00:00,35.0,0.37975,20,3,12
Netherlands,23/06/2024 11:00,2024-06-23 13:00:00,-1.03,-0.0111755,13,6,6
Netherlands,2021-01-11 08:00:00,2021-01-11 09:00:00,59.19,0.6422115,9,0,1
Netherlands,2015-09-04 19:00:00,2015-09-04 21:00:00,45.0,0.48825,21,4,9
Netherlands,2018-09-08 20:00:00,2018-09-08 22:00:00,80.1,0.8690849999999999,22,5,9
Netherlands,2019-11-14 03:00:00,2019-11-14 04:00:00,35.77,0.3881045,4,3,11
Netherlands,2021-08-26 06:00:00,2021-08-26 08:00:00,124.65,1.3524525,8,3,8
Netherlands,2016-02-16 20:00:00,2016-02-16 21:00:00,27.0,0.29295,21,1,2
Netherlands,15/11/2023 07:00,2023-11-15 08:00:00,126.23,1.3695955,8,2,11
Netherlands,2017-07-16 06:00:00,2017-07-16 08:00:00,27.4,0.29728999999999994,8,6,7
Netherlands,18/10/2023 07:00,2023-10-18 09:00:00,119.13,1.2925604999999998,9,2,10
Netherlands,03/12/2023 21:00,2023-12-03 22:00:00,99.09,1.0751265,22,6,12
Netherlands,2021-09-05 15:00:00,2021-09-05 17:00:00,95.18,1.032703,17,6,9
Netherlands,2015-05-29 07:00:00,2015-05-29 09:00:00,70.0,0.7595,9,4,5
Netherlands,2022-10-31 20:00:00,2022-10-31 21:00:00,136.78,1.484063,21,0,10
Netherlands,2018-05-13 09:00:00,2018-05-13 11:00:00,31.3,0.33960500000000005,11,6,5
Netherlands,2019-07-14 17:00:00,2019-07-14 19:00:00,40.96,0.444416,19,6,7
Netherlands,2015-10-11 20:00:00,2015-10-11 22:00:00,36.86,0.399931,22,6,10
Netherlands,2015-02-13 21:00:00,2015-02-13 22:00:00,46.93,0.5091905,22,4,2
Netherlands,2020-04-25 11:00:00,2020-04-25 13:00:00,12.25,0.1329125,13,5,4
Netherlands,2021-06-27 05:00:00,2021-06-27 07:00:00,60.8,0.6596799999999999,7,6,6
Netherlands,2017-07-07 18:00:00,2017-07-07 20:00:00,41.8,0.45353,20,4,7
Netherlands,2021-12-10 16:00:00,2021-12-10 17:00:00,300.04,3.255434,17,4,12
Netherlands,2022-07-14 05:00:00,2022-07-14 07:00:00,433.31,4.701413499999999,7,3,7
Netherlands,2023-02-15 01:00:00,2023-02-15 02:00:00,130.0,1.4105,2,2,2
Netherlands,2017-02-28 15:00:00,2017-02-28 16:00:00,39.52,0.428792,16,1,2
Netherlands,2023-06-28 14:00:00,2023-06-28 16:00:00,97.6,1.05896,16,2,6
Netherlands,2016-05-10 15:00:00,2016-05-10 17:00:00,30.69,0.33298649999999996,17,1,5
Netherlands,2019-03-02 17:00:00,2019-03-02 18:00:00,46.49,0.5044164999999999,18,5,3
Netherlands,2018-10-10 09:00:00,2018-10-10 11:00:00,73.97,0.8025745,11,2,10
Netherlands,2019-08-20 02:00:00,2019-08-20 04:00:00,29.5,0.320075,4,1,8
Netherlands,2023-04-25 06:00:00,2023-04-25 08:00:00,134.93,1.4639905000000002,8,1,4
Netherlands,2023-06-04 22:00:00,2023-06-05 00:00:00,78.71,0.8540034999999999,0,0,6
Netherlands,2017-04-17 00:00:00,2017-04-17 02:00:00,30.0,0.3255,2,0,4
Netherlands,2019-07-22 11:00:00,2019-07-22 13:00:00,35.92,0.389732,13,0,7
Netherlands,2016-07-14 08:00:00,2016-07-14 10:00:00,40.3,0.43725499999999995,10,3,7
Netherlands,2022-01-16 11:00:00,2022-01-16 12:00:00,214.11,2.3230935,12,6,1
Netherlands,2018-03-08 03:00:00,2018-03-08 04:00:00,34.0,0.36889999999999995,4,3,3
Netherlands,2015-06-26 06:00:00,2015-06-26 08:00:00,51.4,0.5576899999999999,8,4,6
Netherlands,2019-05-26 21:00:00,2019-05-26 23:00:00,32.45,0.3520825,23,6,5
Netherlands,2022-06-06 08:00:00,2022-06-06 10:00:00,-3.5,-0.037975,10,0,6
Netherlands,2015-12-03 18:00:00,2015-12-03 19:00:00,34.96,0.379316,19,3,12
Netherlands,2018-01-30 15:00:00,2018-01-30 16:00:00,44.95,0.4877075,16,1,1
Netherlands,2021-09-13 15:00:00,2021-09-13 17:00:00,159.09,1.7261265000000001,17,0,9
Netherlands,2022-06-03 00:00:00,2022-06-03 02:00:00,157.41,1.7078985,2,4,6
Netherlands,2016-07-13 18:00:00,2016-07-13 20:00:00,33.01,0.35815849999999994,20,2,7
Netherlands,2023-08-25 10:00:00,2023-08-25 12:00:00,101.95,1.1061575000000001,12,4,8
Netherlands,2016-02-04 15:00:00,2016-02-04 16:00:00,27.81,0.30173849999999997,16,3,2
Netherlands,2022-10-17 11:00:00,2022-10-17 13:00:00,132.07,1.4329595,13,0,10
Netherlands,01/05/2024 20:00,2024-05-01 22:00:00,81.1,0.8799349999999999,22,2,5
Netherlands,2020-08-13 16:00:00,2020-08-13 18:00:00,49.5,0.537075,18,3,8
Netherlands,2018-02-19 21:00:00,2018-02-19 22:00:00,45.95,0.4985575,22,0,2
Netherlands,2022-07-26 03:00:00,2022-07-26 05:00:00,334.0,3.6239,5,1,7
Netherlands,2015-12-22 06:00:00,2015-12-22 07:00:00,34.95,0.37920750000000003,7,1,12
Netherlands,13/10/2023 00:00,2023-10-13 02:00:00,107.14,1.162469,2,4,10
Netherlands,2022-06-15 16:00:00,2022-06-15 18:00:00,251.7,2.7309449999999997,18,2,6
Netherlands,2018-07-05 01:00:00,2018-07-05 03:00:00,42.99,0.4664415,3,3,7
Netherlands,2019-01-24 00:00:00,2019-01-24 01:00:00,57.65,0.6255025,1,3,1
Netherlands,2022-05-23 21:00:00,2022-05-23 23:00:00,184.7,2.0039949999999997,23,0,5
Netherlands,2022-05-15 22:00:00,2022-05-16 00:00:00,180.18,1.954953,0,0,5
Netherlands,2021-12-25 18:00:00,2021-12-25 19:00:00,211.27,2.2922795000000002,19,5,12
Netherlands,2020-11-09 15:00:00,2020-11-09 16:00:00,50.93,0.5525905,16,0,11
Netherlands,2023-08-26 03:00:00,2023-08-26 05:00:00,90.5,0.9819249999999999,5,5,8
Netherlands,2016-11-22 02:00:00,2016-11-22 03:00:00,27.16,0.294686,3,1,11
Netherlands,12/08/2024 08:00,2024-08-12 10:00:00,40.12,0.43530199999999997,10,0,8
Netherlands,2017-08-15 07:00:00,2017-08-15 09:00:00,32.4,0.35153999999999996,9,1,8
Netherlands,23/06/2024 09:00,2024-06-23 11:00:00,-0.05,-0.0005425,11,6,6
Netherlands,2019-05-09 17:00:00,2019-05-09 19:00:00,56.98,0.6182329999999999,19,3,5
Netherlands,2020-08-15 23:00:00,2020-08-16 01:00:00,29.0,0.31465,1,6,8
Netherlands,2022-12-19 09:00:00,2022-12-19 10:00:00,248.85,2.7000225,10,0,12
Netherlands,2022-03-08 15:00:00,2022-03-08 16:00:00,440.63,4.7808355,16,1,3
Netherlands,2016-01-01 09:00:00,2016-01-01 10:00:00,23.75,0.2576875,10,4,1
Netherlands,2016-10-16 07:00:00,2016-10-16 09:00:00,38.31,0.4156635,9,6,10
Netherlands,2023-05-07 17:00:00,2023-05-07 19:00:00,123.94,1.344749,19,6,5
Netherlands,2019-04-26 18:00:00,2019-04-26 20:00:00,48.97,0.5313245,20,4,4
Netherlands,2020-07-13 16:00:00,2020-07-13 18:00:00,40.8,0.44267999999999996,18,0,7
Netherlands,2016-05-16 19:00:00,2016-05-16 21:00:00,32.07,0.3479595,21,0,5
Netherlands,2019-08-03 07:00:00,2019-08-03 09:00:00,38.51,0.41783349999999997,9,5,8
Netherlands,2022-04-01 22:00:00,2022-04-02 00:00:00,227.6,2.46946,0,5,4
Netherlands,2016-11-14 03:00:00,2016-11-14 04:00:00,34.08,0.369768,4,0,11
Netherlands,2019-05-19 15:00:00,2019-05-19 17:00:00,34.47,0.37399949999999993,17,6,5
Netherlands,2022-12-02 00:00:00,2022-12-02 01:00:00,296.27,3.2145295,1,4,12
Netherlands,25/08/2024 01:00,2024-08-25 03:00:00,-0.75,-0.008137499999999999,3,6,8
Netherlands,2016-11-16 08:00:00,2016-11-16 09:00:00,58.06,0.629951,9,2,11
Netherlands,04/10/2023 07:00,2023-10-04 09:00:00,105.87,1.1486895,9,2,10
Netherlands,2022-07-16 20:00:00,2022-07-16 22:00:00,357.55,3.8794175,22,5,7
Netherlands,23/01/2024 23:00,2024-01-24 00:00:00,4.85,0.052622499999999996,0,2,1
Netherlands,2017-11-03 06:00:00,2017-11-03 07:00:00,58.87,0.6387394999999999,7,4,11
Netherlands,2022-10-05 07:00:00,2022-10-05 09:00:00,208.88,2.266348,9,2,10
Netherlands,01/08/2024 13:00,2024-08-01 15:00:00,70.55,0.7654675,15,3,8
Netherlands,2022-09-15 08:00:00,2022-09-15 10:00:00,398.48,4.3235079999999995,10,3,9
Netherlands,2017-10-02 12:00:00,2017-10-02 14:00:00,33.0,0.35805000000000003,14,0,10
Netherlands,2017-09-10 18:00:00,2017-09-10 20:00:00,45.0,0.48825,20,6,9
Netherlands,2017-02-09 05:00:00,2017-02-09 06:00:00,40.5,0.439425,6,3,2
Netherlands,2022-02-16 22:00:00,2022-02-16 23:00:00,123.5,1.339975,23,2,2
Netherlands,2019-01-26 08:00:00,2019-01-26 09:00:00,56.33,0.6111804999999999,9,5,1
Netherlands,2022-09-09 15:00:00,2022-09-09 17:00:00,389.08,4.221518,17,4,9
Netherlands,2022-06-11 15:00:00,2022-06-11 17:00:00,10.02,0.108717,17,5,6
Netherlands,2023-07-16 08:00:00,2023-07-16 10:00:00,-20.0,-0.217,10,6,7
Netherlands,2020-03-04 16:00:00,2020-03-04 17:00:00,47.93,0.5200404999999999,17,2,3
Netherlands,2022-09-17 04:00:00,2022-09-17 06:00:00,98.72,1.0711119999999998,6,5,9
Netherlands,2019-11-09 14:00:00,2019-11-09 15:00:00,41.67,0.4521195,15,5,11
Netherlands,28/09/2024 22:00,2024-09-29 00:00:00,107.4,1.16529,0,6,9
Netherlands,2016-08-23 09:00:00,2016-08-23 11:00:00,32.87,0.35663949999999994,11,1,8
Netherlands,2018-04-19 12:00:00,2018-04-19 14:00:00,35.87,0.38918949999999997,14,3,4
Netherlands,2017-11-02 12:00:00,2017-11-02 13:00:00,38.0,0.4123,13,3,11
Netherlands,2016-01-19 12:00:00,2016-01-19 13:00:00,58.53,0.6350505,13,1,1
Netherlands,2018-02-28 05:00:00,2018-02-28 06:00:00,48.0,0.5207999999999999,6,2,2
Netherlands,2019-05-30 11:00:00,2019-05-30 13:00:00,35.51,0.38528349999999995,13,3,5
Netherlands,2015-09-07 05:00:00,2015-09-07 07:00:00,42.1,0.45678500000000005,7,0,9
Netherlands,2015-11-06 16:00:00,2015-11-06 17:00:00,45.28,0.491288,17,4,11
Netherlands,2021-01-26 09:00:00,2021-01-26 10:00:00,73.91,0.8019235,10,1,1
Netherlands,2016-12-01 10:00:00,2016-12-01 11:00:00,60.28,0.654038,11,3,12
Netherlands,2019-05-22 18:00:00,2019-05-22 20:00:00,48.99,0.5315415,20,2,5
Netherlands,2016-02-02 16:00:00,2016-02-02 17:00:00,30.25,0.32821249999999996,17,1,2
Netherlands,2018-08-09 14:00:00,2018-08-09 16:00:00,54.39,0.5901314999999999,16,3,8
Netherlands,2017-01-08 04:00:00,2017-01-08 05:00:00,37.76,0.40969599999999995,5,6,1
Netherlands,2023-04-22 13:00:00,2023-04-22 15:00:00,89.0,0.96565,15,5,4
Netherlands,2023-09-26 21:00:00,2023-09-26 23:00:00,101.28,1.0988879999999999,23,1,9
Netherlands,2023-01-06 13:00:00,2023-01-06 14:00:00,158.0,1.7143,14,4,1
Netherlands,2017-06-19 13:00:00,2017-06-19 15:00:00,38.33,0.4158805,15,0,6
Netherlands,2016-01-08 11:00:00,2016-01-08 12:00:00,36.13,0.39201050000000004,12,4,1
Netherlands,20/07/2024 19:00,2024-07-20 21:00:00,112.54,1.221059,21,5,7
Netherlands,2017-05-11 06:00:00,2017-05-11 08:00:00,44.49,0.4827165,8,3,5
Netherlands,2019-02-07 16:00:00,2019-02-07 17:00:00,51.65,0.5604024999999999,17,3,2
Netherlands,2022-05-04 16:00:00,2022-05-04 18:00:00,249.98,2.7122829999999998,18,2,5
Netherlands,2018-03-14 04:00:00,2018-03-14 05:00:00,45.0,0.48825,5,2,3
Netherlands,2017-09-26 02:00:00,2017-09-26 04:00:00,31.88,0.345898,4,1,9
Netherlands,05/11/2024 15:00,2024-11-05 16:00:00,303.24,3.290154,16,1,11
Netherlands,2015-12-24 12:00:00,2015-12-24 13:00:00,32.44,0.351974,13,3,12
Netherlands,2017-09-14 02:00:00,2017-09-14 04:00:00,29.4,0.31898999999999994,4,3,9
Netherlands,2020-02-25 04:00:00,2020-02-25 05:00:00,22.92,0.24868200000000001,5,1,2
Netherlands,31/08/2024 15:00,2024-08-31 17:00:00,75.0,0.81375,17,5,8
Netherlands,2018-03-26 07:00:00,2018-03-26 09:00:00,76.61,0.8312185,9,0,3
Netherlands,2019-10-26 14:00:00,2019-10-26 16:00:00,30.54,0.33135899999999996,16,5,10
Netherlands,2017-03-05 12:00:00,2017-03-05 13:00:00,31.6,0.34286,13,6,3
Netherlands,2015-09-14 22:00:00,2015-09-15 00:00:00,18.15,0.19692749999999998,0,1,9
Netherlands,2021-12-18 03:00:00,2021-12-18 04:00:00,252.4,2.73854,4,5,12
Netherlands,2022-02-20 09:00:00,2022-02-20 10:00:00,104.71,1.1361035,10,6,2
Netherlands,2017-01-23 02:00:00,2017-01-23 03:00:00,37.29,0.40459649999999997,3,0,1
Netherlands,2019-11-05 02:00:00,2019-11-05 03:00:00,24.99,0.2711414999999999,3,1,11
Netherlands,05/01/2024 20:00,2024-01-05 21:00:00,94.21,1.0221784999999999,21,4,1
Netherlands,2021-10-30 01:00:00,2021-10-30 03:00:00,70.08,0.7603679999999999,3,5,10
Netherlands,2020-06-16 21:00:00,2020-06-16 23:00:00,30.94,0.335699,23,1,6
Netherlands,2022-09-11 20:00:00,2022-09-11 22:00:00,399.9,4.338915,22,6,9
Netherlands,2021-03-08 00:00:00,2021-03-08 01:00:00,45.5,0.49367500000000003,1,0,3
Netherlands,2015-01-22 08:00:00,2015-01-22 09:00:00,50.52,0.548142,9,3,1
Netherlands,2015-01-28 04:00:00,2015-01-28 05:00:00,29.76,0.322896,5,2,1
Netherlands,2016-07-20 17:00:00,2016-07-20 19:00:00,48.53,0.5265504999999999,19,2,7
Netherlands,15/10/2024 07:00,2024-10-15 09:00:00,110.54,1.1993589999999998,9,1,10
Netherlands,15/03/2024 13:00,2024-03-15 14:00:00,41.42,0.449407,14,4,3
Netherlands,2018-07-26 03:00:00,2018-07-26 05:00:00,47.34,0.513639,5,3,7
Netherlands,2018-08-19 17:00:00,2018-08-19 19:00:00,62.26,0.6755209999999999,19,6,8
Netherlands,14/11/2023 11:00,2023-11-14 12:00:00,75.08,0.814618,12,1,11
Netherlands,01/05/2024 00:00,2024-05-01 02:00:00,81.1,0.8799349999999999,2,2,5
Netherlands,2021-02-03 20:00:00,2021-02-03 21:00:00,45.2,0.49042,21,2,2
Netherlands,2016-07-04 04:00:00,2016-07-04 06:00:00,31.93,0.3464405,6,0,7
Netherlands,2021-06-09 02:00:00,2021-06-09 04:00:00,64.9,0.704165,4,2,6
Netherlands,2017-03-25 20:00:00,2017-03-25 21:00:00,33.31,0.3614135,21,5,3
Netherlands,2023-06-13 15:00:00,2023-06-13 17:00:00,84.6,0.9179099999999999,17,1,6
Netherlands,2023-03-16 21:00:00,2023-03-16 22:00:00,88.2,0.95697,22,3,3
Netherlands,14/08/2024 18:00,2024-08-14 20:00:00,205.38,2.228373,20,2,8
Netherlands,21/12/2023 13:00,2023-12-21 14:00:00,75.1,0.814835,14,3,12
Netherlands,2018-09-17 11:00:00,2018-09-17 13:00:00,57.4,0.62279,13,0,9
Netherlands,2019-07-22 18:00:00,2019-07-22 20:00:00,53.34,0.578739,20,0,7
Netherlands,13/02/2024 05:00,2024-02-13 06:00:00,70.7,0.7670950000000001,6,1,2
Netherlands,2018-12-15 07:00:00,2018-12-15 08:00:00,60.26,0.6538209999999999,8,5,12
Netherlands,2019-01-14 15:00:00,2019-01-14 16:00:00,65.17,0.7070945000000001,16,0,1
Netherlands,2016-09-13 01:00:00,2016-09-13 03:00:00,23.52,0.255192,3,1,9
Netherlands,2019-06-19 08:00:00,2019-06-19 10:00:00,42.98,0.466333,10,2,6
Netherlands,2015-12-07 10:00:00,2015-12-07 11:00:00,47.91,0.5198235,11,0,12
Netherlands,2016-05-13 16:00:00,2016-05-13 18:00:00,26.37,0.2861145,18,4,5
Netherlands,2022-01-14 00:00:00,2022-01-14 01:00:00,161.0,1.74685,1,4,1
Netherlands,06/05/2024 11:00,2024-05-06 13:00:00,72.79,0.7897715000000001,13,0,5
Netherlands,2017-06-01 18:00:00,2017-06-01 20:00:00,49.9,0.541415,20,3,6
Netherlands,2018-12-13 01:00:00,2018-12-13 02:00:00,49.75,0.5397875,2,3,12
Netherlands,2019-08-01 07:00:00,2019-08-01 09:00:00,42.43,0.4603655,9,3,8
Netherlands,2016-08-21 08:00:00,2016-08-21 10:00:00,11.59,0.1257515,10,6,8
Netherlands,2017-01-27 10:00:00,2017-01-27 11:00:00,47.09,0.5109265000000001,11,4,1
Netherlands,21/02/2024 18:00,2024-02-21 19:00:00,61.6,0.6683600000000001,19,2,2
Netherlands,2017-11-17 10:00:00,2017-11-17 11:00:00,50.4,0.5468399999999999,11,4,11
Netherlands,2021-03-03 21:00:00,2021-03-03 22:00:00,52.24,0.566804,22,2,3
Netherlands,2019-09-30 13:00:00,2019-09-30 15:00:00,33.64,0.364994,15,0,9
Netherlands,2021-06-12 22:00:00,2021-06-13 00:00:00,91.96,0.9977659999999998,0,6,6
Netherlands,2023-07-14 06:00:00,2023-07-14 08:00:00,84.95,0.9217075,8,4,7
Netherlands,2017-02-27 23:00:00,2017-02-28 00:00:00,30.9,0.335265,0,1,2
Netherlands,2016-02-08 11:00:00,2016-02-08 12:00:00,29.94,0.324849,12,0,2
Netherlands,2016-09-05 18:00:00,2016-09-05 20:00:00,44.75,0.48553749999999996,20,0,9
Netherlands,2018-09-25 00:00:00,2018-09-25 02:00:00,53.74,0.5830789999999999,2,1,9
Netherlands,2016-11-15 20:00:00,2016-11-15 21:00:00,39.84,0.43226400000000004,21,1,11
Netherlands,2016-05-04 11:00:00,2016-05-04 13:00:00,26.0,0.28209999999999996,13,2,5
Netherlands,2019-01-28 10:00:00,2019-01-28 11:00:00,55.78,0.605213,11,0,1
Netherlands,2018-01-08 22:00:00,2018-01-08 23:00:00,30.0,0.3255,23,0,1
Netherlands,2015-11-12 13:00:00,2015-11-12 14:00:00,37.0,0.40145,14,3,11
Netherlands,2020-03-26 09:00:00,2020-03-26 10:00:00,19.11,0.2073435,10,3,3
Netherlands,29/11/2023 23:00,2023-11-30 00:00:00,104.79,1.1369715,0,3,11
Netherlands,2021-01-02 05:00:00,2021-01-02 06:00:00,42.09,0.45667650000000004,6,5,1
Netherlands,2019-02-14 09:00:00,2019-02-14 10:00:00,58.0,0.6293,10,3,2
Netherlands,2021-09-04 06:00:00,2021-09-04 08:00:00,122.0,1.3237,8,5,9
Netherlands,2018-10-23 23:00:00,2018-10-24 01:00:00,40.0,0.434,1,2,10
Netherlands,2019-07-03 22:00:00,2019-07-04 00:00:00,29.93,0.3247405,0,3,7
Netherlands,2018-09-22 16:00:00,2018-09-22 18:00:00,69.9,0.7584150000000001,18,5,9
Netherlands,2021-12-17 17:00:00,2021-12-17 18:00:00,394.42,4.279457000000001,18,4,12
Netherlands,2018-09-02 06:00:00,2018-09-02 08:00:00,49.66,0.5388109999999999,8,6,9
Netherlands,2019-06-24 14:00:00,2019-06-24 16:00:00,33.87,0.36748949999999997,16,0,6
Netherlands,09/11/2023 18:00,2023-11-09 19:00:00,112.14,1.216719,19,3,11
Netherlands,2022-11-20 06:00:00,2022-11-20 07:00:00,194.19,2.1069614999999997,7,6,11
Netherlands,2017-11-28 03:00:00,2017-11-28 04:00:00,36.35,0.39439749999999996,4,1,11
Netherlands,2022-02-04 06:00:00,2022-02-04 07:00:00,192.0,2.0831999999999997,7,4,2
Netherlands,2016-12-04 03:00:00,2016-12-04 04:00:00,34.58,0.375193,4,6,12
Netherlands,2022-09-16 01:00:00,2022-09-16 03:00:00,171.16,1.857086,3,4,9
Netherlands,2019-12-13 14:00:00,2019-12-13 15:00:00,38.74,0.420329,15,4,12
Netherlands,2015-02-01 15:00:00,2015-02-01 16:00:00,37.0,0.40145,16,6,2
Netherlands,2016-07-14 00:00:00,2016-07-14 02:00:00,33.24,0.360654,2,3,7
Netherlands,19/12/2023 21:00,2023-12-19 22:00:00,75.86,0.8230810000000001,22,1,12
Netherlands,2023-03-14 00:00:00,2023-03-14 01:00:00,4.48,0.048608000000000005,1,1,3
Netherlands,06/09/2024 03:00,2024-09-06 05:00:00,70.0,0.7595,5,4,9
Netherlands,2019-06-25 09:00:00,2019-06-25 11:00:00,36.45,0.3954825,11,1,6
Netherlands,2018-05-06 13:00:00,2018-05-06 15:00:00,14.63,0.1587355,15,6,5
Netherlands,2016-07-19 13:00:00,2016-07-19 15:00:00,41.7,0.452445,15,1,7
Netherlands,2016-01-10 04:00:00,2016-01-10 05:00:00,10.85,0.1177225,5,6,1
Netherlands,2020-10-21 16:00:00,2020-10-21 18:00:00,51.28,0.556388,18,2,10
Netherlands,2021-02-07 20:00:00,2021-02-07 21:00:00,46.67,0.5063695,21,6,2
Netherlands,2020-10-26 06:00:00,2020-10-26 07:00:00,45.8,0.4969299999999999,7,0,10
Netherlands,2022-04-01 19:00:00,2022-04-01 21:00:00,266.0,2.8861,21,4,4
Netherlands,2022-12-16 06:00:00,2022-12-16 07:00:00,440.9,4.783765,7,4,12
Netherlands,07/04/2024 07:00,2024-04-07 09:00:00,-0.01,-0.0001085,9,6,4
Netherlands,2020-07-14 19:00:00,2020-07-14 21:00:00,41.95,0.45515750000000005,21,1,7
Netherlands,13/01/2024 11:00,2024-01-13 12:00:00,79.7,0.864745,12,5,1
Netherlands,05/03/2024 19:00,2024-03-05 20:00:00,78.42,0.850857,20,1,3
Netherlands,2023-08-03 05:00:00,2023-08-03 07:00:00,70.0,0.7595,7,3,8
Netherlands,2023-02-25 07:00:00,2023-02-25 08:00:00,119.9,1.300915,8,5,2
Netherlands,2018-03-12 15:00:00,2018-03-12 16:00:00,49.14,0.533169,16,0,3
Netherlands,12/03/2024 11:00,2024-03-12 12:00:00,74.8,0.81158,12,1,3
Netherlands,2016-11-02 21:00:00,2016-11-02 22:00:00,39.1,0.42423500000000003,22,2,11
Netherlands,2016-09-29 15:00:00,2016-09-29 17:00:00,28.86,0.313131,17,3,9
Netherlands,2023-06-25 06:00:00,2023-06-25 08:00:00,54.0,0.5859,8,6,6
Netherlands,2020-06-17 02:00:00,2020-06-17 04:00:00,26.53,0.2878505,4,2,6
Netherlands,2018-09-17 19:00:00,2018-09-17 21:00:00,73.72,0.799862,21,0,9
Netherlands,2023-04-12 16:00:00,2023-04-12 18:00:00,106.62,1.156827,18,2,4
Netherlands,2022-03-03 22:00:00,2022-03-03 23:00:00,319.9,3.4709149999999993,23,3,3
Netherlands,2019-08-13 09:00:00,2019-08-13 11:00:00,36.02,0.390817,11,1,8
Netherlands,2018-10-03 01:00:00,2018-10-03 03:00:00,44.9,0.48716499999999996,3,2,10
Netherlands,2022-09-18 13:00:00,2022-09-18 15:00:00,38.5,0.41772499999999996,15,6,9
Netherlands,2016-12-27 14:00:00,2016-12-27 15:00:00,44.94,0.48759899999999995,15,1,12
Netherlands,2020-03-04 07:00:00,2020-03-04 08:00:00,54.75,0.5940375,8,2,3
Netherlands,2017-06-16 12:00:00,2017-06-16 14:00:00,32.4,0.35153999999999996,14,4,6
Netherlands,2017-06-09 03:00:00,2017-06-09 05:00:00,28.21,0.30607850000000003,5,4,6
Netherlands,2018-10-30 11:00:00,2018-10-30 12:00:00,67.54,0.732809,12,1,10
Netherlands,2022-09-30 07:00:00,2022-09-30 09:00:00,350.33,3.8010804999999994,9,4,9
Netherlands,2020-02-25 06:00:00,2020-02-25 07:00:00,31.85,0.3455725,7,1,2
Netherlands,2016-06-12 23:00:00,2016-06-13 01:00:00,24.83,0.26940549999999996,1,0,6
Netherlands,2018-12-30 12:00:00,2018-12-30 13:00:00,54.12,0.587202,13,6,12
Netherlands,2021-09-11 08:00:00,2021-09-11 10:00:00,141.32,1.5333219999999999,10,5,9
Netherlands,2022-05-26 14:00:00,2022-05-26 16:00:00,0.01,0.0001085,16,3,5
Netherlands,2019-06-01 13:00:00,2019-06-01 15:00:00,29.5,0.320075,15,5,6
Netherlands,2023-05-14 13:00:00,2023-05-14 15:00:00,1.78,0.019313,15,6,5
Netherlands,2020-02-05 16:00:00,2020-02-05 17:00:00,45.22,0.49063699999999993,17,2,2
Netherlands,2023-08-21 19:00:00,2023-08-21 21:00:00,166.35,1.8048974999999998,21,0,8
Netherlands,2016-01-23 00:00:00,2016-01-23 01:00:00,24.02,0.260617,1,5,1
Netherlands,2018-03-05 23:00:00,2018-03-06 00:00:00,40.25,0.4367125,0,1,3
Netherlands,2018-07-21 08:00:00,2018-07-21 10:00:00,55.09,0.5977264999999999,10,5,7
Netherlands,2017-12-17 07:00:00,2017-12-17 08:00:00,48.51,0.5263335,8,6,12
Netherlands,2021-06-16 01:00:00,2021-06-16 03:00:00,66.9,0.725865,3,2,6
Netherlands,2023-06-20 06:00:00,2023-06-20 08:00:00,146.71,1.5918035,8,1,6
Netherlands,2015-08-30 15:00:00,2015-08-30 17:00:00,30.97,0.3360245,17,6,8
Netherlands,2023-04-29 18:00:00,2023-04-29 20:00:00,119.12,1.292452,20,5,4
Netherlands,2023-01-23 04:00:00,2023-01-23 05:00:00,144.9,1.572165,5,0,1
Netherlands,06/02/2024 00:00,2024-02-06 01:00:00,28.2,0.30596999999999996,1,1,2
Netherlands,2022-07-18 19:00:00,2022-07-18 21:00:00,599.98,6.5097830000000005,21,0,7
Netherlands,2017-12-15 14:00:00,2017-12-15 15:00:00,60.45,0.6558825,15,4,12
Netherlands,2019-03-15 00:00:00,2019-03-15 01:00:00,39.11,0.4243435,1,4,3
Netherlands,2023-04-29 10:00:00,2023-04-29 12:00:00,82.23,0.8921955,12,5,4
Netherlands,16/04/2024 21:00,2024-04-16 23:00:00,84.1,0.9124849999999999,23,1,4
Netherlands,2021-10-12 01:00:00,2021-10-12 03:00:00,118.7,1.287895,3,1,10
Netherlands,12/10/2024 12:00,2024-10-12 14:00:00,23.34,0.253239,14,5,10
Netherlands,2016-12-12 18:00:00,2016-12-12 19:00:00,61.18,0.663803,19,0,12
Netherlands,2022-09-27 09:00:00,2022-09-27 11:00:00,215.64,2.339694,11,1,9
Netherlands,2022-04-28 02:00:00,2022-04-28 04:00:00,201.5,2.186275,4,3,4
Netherlands,2019-10-30 05:00:00,2019-10-30 06:00:00,44.9,0.48716499999999996,6,2,10
Netherlands,2017-06-09 05:00:00,2017-06-09 07:00:00,39.38,0.427273,7,4,6
Netherlands,2019-09-01 23:00:00,2019-09-02 01:00:00,26.97,0.29262449999999995,1,0,9
Netherlands,2022-12-28 06:00:00,2022-12-28 07:00:00,69.85,0.7578725,7,2,12
Netherlands,2022-10-10 12:00:00,2022-10-10 14:00:00,134.07,1.4546595,14,0,10
Netherlands,2023-05-09 16:00:00,2023-05-09 18:00:00,116.34,1.262289,18,1,5
Netherlands,26/07/2024 08:00,2024-07-26 10:00:00,88.72,0.9626119999999999,10,4,7
Netherlands,2015-05-16 13:00:00,2015-05-16 15:00:00,40.0,0.434,15,5,5
Netherlands,2017-02-16 01:00:00,2017-02-16 02:00:00,31.24,0.338954,2,3,2
Netherlands,2017-05-06 10:00:00,2017-05-06 12:00:00,34.4,0.37323999999999996,12,5,5
Netherlands,2021-03-26 03:00:00,2021-03-26 04:00:00,45.62,0.494977,4,4,3
Netherlands,2016-07-19 16:00:00,2016-07-19 18:00:00,45.0,0.48825,18,1,7
Netherlands,2016-03-23 14:00:00,2016-03-23 15:00:00,24.13,0.2618105,15,2,3
Netherlands,2023-07-08 14:00:00,2023-07-08 16:00:00,60.9,0.6607649999999999,16,5,7
Netherlands,2021-12-09 13:00:00,2021-12-09 14:00:00,342.19,3.7127615,14,3,12
Netherlands,2021-05-24 13:00:00,2021-05-24 15:00:00,22.94,0.248899,15,0,5
Netherlands,2023-02-22 12:00:00,2023-02-22 13:00:00,126.0,1.3671,13,2,2
Netherlands,2018-07-27 15:00:00,2018-07-27 17:00:00,74.9,0.8126650000000001,17,4,7
Netherlands,23/10/2024 12:00,2024-10-23 14:00:00,75.42,0.818307,14,2,10
Netherlands,2022-05-31 23:00:00,2022-06-01 01:00:00,207.45,2.2508325,1,2,6
Netherlands,2022-12-06 11:00:00,2022-12-06 12:00:00,334.5,3.6293249999999997,12,1,12
Netherlands,2021-12-20 01:00:00,2021-12-20 02:00:00,260.44,2.825774,2,0,12
Netherlands,2019-01-22 17:00:00,2019-01-22 18:00:00,90.87,0.9859395000000001,18,1,1
Netherlands,2023-01-02 11:00:00,2023-01-02 12:00:00,144.38,1.5665229999999999,12,0,1
Netherlands,2023-08-31 12:00:00,2023-08-31 14:00:00,81.68,0.886228,14,3,8
Netherlands,2016-07-31 21:00:00,2016-07-31 23:00:00,39.94,0.433349,23,6,7
Netherlands,15/09/2024 07:00,2024-09-15 09:00:00,54.07,0.5866595,9,6,9
Netherlands,2017-11-13 19:00:00,2017-11-13 20:00:00,64.9,0.704165,20,0,11
Netherlands,2018-09-29 19:00:00,2018-09-29 21:00:00,69.9,0.7584150000000001,21,5,9
Netherlands,01/01/2024 04:00,2024-01-01 05:00:00,-0.02,-0.000217,5,0,1
Netherlands,2017-08-29 09:00:00,2017-08-29 11:00:00,35.58,0.38604299999999997,11,1,8
Netherlands,2019-11-21 19:00:00,2019-11-21 20:00:00,43.55,0.4725174999999999,20,3,11
Netherlands,2017-12-24 03:00:00,2017-12-24 04:00:00,26.31,0.2854635,4,6,12
Netherlands,2022-12-15 01:00:00,2022-12-15 02:00:00,270.8,2.93818,2,3,12
Netherlands,2019-12-26 21:00:00,2019-12-26 22:00:00,35.96,0.390166,22,3,12
Netherlands,09/11/2023 17:00,2023-11-09 18:00:00,128.6,1.39531,18,3,11
Netherlands,2023-05-06 08:00:00,2023-05-06 10:00:00,82.53,0.8954505,10,5,5
Netherlands,2018-07-21 00:00:00,2018-07-21 02:00:00,44.73,0.48532049999999993,2,5,7
Netherlands,2019-08-12 03:00:00,2019-08-12 05:00:00,27.12,0.294252,5,0,8
Netherlands,2016-12-19 17:00:00,2016-12-19 18:00:00,66.0,0.7161000000000001,18,0,12
Netherlands,2022-02-23 00:00:00,2022-02-23 01:00:00,124.21,1.3476785,1,2,2
Netherlands,2022-07-17 21:00:00,2022-07-17 23:00:00,397.34,4.311138999999999,23,6,7
Netherlands,2017-04-09 18:00:00,2017-04-09 20:00:00,39.53,0.4289005,20,6,4
Netherlands,2017-08-11 23:00:00,2017-08-12 01:00:00,23.05,0.2500925,1,5,8
Netherlands,2023-02-25 20:00:00,2023-02-25 21:00:00,166.92,1.8110819999999999,21,5,2
Netherlands,2023-03-08 01:00:00,2023-03-08 02:00:00,114.33,1.2404804999999999,2,2,3
Netherlands,2020-06-22 14:00:00,2020-06-22 16:00:00,22.84,0.247814,16,0,6
Netherlands,30/09/2024 19:00,2024-09-30 21:00:00,25.74,0.279279,21,0,9
Netherlands,2017-05-30 06:00:00,2017-05-30 08:00:00,52.23,0.5666954999999999,8,1,5
Netherlands,2021-11-23 02:00:00,2021-11-23 03:00:00,148.46,1.6107909999999999,3,1,11
Netherlands,2018-09-29 04:00:00,2018-09-29 06:00:00,54.4,0.59024,6,5,9
Netherlands,2021-03-18 16:00:00,2021-03-18 17:00:00,75.0,0.81375,17,3,3
Netherlands,2015-11-20 08:00:00,2015-11-20 09:00:00,43.9,0.47631499999999993,9,4,11
Netherlands,25/11/2024 11:00,2024-11-25 12:00:00,112.0,1.2152,12,0,11
Netherlands,2021-08-27 00:00:00,2021-08-27 02:00:00,79.74,0.8651789999999998,2,4,8
Netherlands,2023-04-20 12:00:00,2023-04-20 14:00:00,88.71,0.9625035,14,3,4
Netherlands,2022-01-15 00:00:00,2022-01-15 01:00:00,189.91,2.0605235,1,5,1
Netherlands,2015-04-23 06:00:00,2015-04-23 08:00:00,49.94,0.5418489999999999,8,3,4
Netherlands,2015-04-24 09:00:00,2015-04-24 11:00:00,49.54,0.537509,11,4,4
Netherlands,21/10/2023 17:00,2023-10-21 19:00:00,114.75,1.2450375,19,5,10
Netherlands,2015-02-20 17:00:00,2015-02-20 18:00:00,53.0,0.57505,18,4,2
Netherlands,2020-09-06 21:00:00,2020-09-06 23:00:00,35.7,0.38734500000000005,23,6,9
Netherlands,2022-05-18 18:00:00,2022-05-18 20:00:00,280.0,3.038,20,2,5
Netherlands,2021-03-22 07:00:00,2021-03-22 08:00:00,74.9,0.8126650000000001,8,0,3
Netherlands,05/07/2024 05:00,2024-07-05 07:00:00,30.95,0.3358075,7,4,7
Netherlands,2016-05-28 03:00:00,2016-05-28 05:00:00,21.91,0.2377235,5,5,5
Netherlands,2020-08-02 07:00:00,2020-08-02 09:00:00,27.62,0.299677,9,6,8
Netherlands,2019-10-13 23:00:00,2019-10-14 01:00:00,26.2,0.28426999999999997,1,0,10
Netherlands,2017-11-12 10:00:00,2017-11-12 11:00:00,47.65,0.5170024999999999,11,6,11
Netherlands,2016-06-25 12:00:00,2016-06-25 14:00:00,27.44,0.297724,14,5,6
Netherlands,2018-09-19 10:00:00,2018-09-19 12:00:00,50.0,0.5425,12,2,9
Netherlands,2015-09-28 21:00:00,2015-09-28 23:00:00,34.94,0.37909899999999996,23,0,9
Netherlands,2016-05-17 17:00:00,2016-05-17 19:00:00,34.92,0.378882,19,1,5
Netherlands,2023-03-07 00:00:00,2023-03-07 01:00:00,104.49,1.1337165,1,1,3
Netherlands,2020-07-09 15:00:00,2020-07-09 17:00:00,41.78,0.45331299999999997,17,3,7
Netherlands,2020-11-27 09:00:00,2020-11-27 10:00:00,77.91,0.8453235,10,4,11
Netherlands,2018-04-06 14:00:00,2018-04-06 16:00:00,28.65,0.3108525,16,4,4
Netherlands,2023-01-05 14:00:00,2023-01-05 15:00:00,159.48,1.7303579999999996,15,3,1
Netherlands,2021-10-11 02:00:00,2021-10-11 04:00:00,118.6,1.28681,4,0,10
Netherlands,2020-08-21 07:00:00,2020-08-21 09:00:00,38.0,0.4123,9,4,8
Netherlands,2020-11-12 19:00:00,2020-11-12 20:00:00,44.08,0.47826799999999997,20,3,11
Netherlands,2022-11-16 15:00:00,2022-11-16 16:00:00,236.1,2.5616849999999998,16,2,11
Netherlands,2021-09-19 15:00:00,2021-09-19 17:00:00,130.0,1.4105,17,6,9
Netherlands,2017-05-26 11:00:00,2017-05-26 13:00:00,29.0,0.31465,13,4,5
Netherlands,2018-10-29 14:00:00,2018-10-29 15:00:00,50.0,0.5425,15,0,10
Netherlands,2017-04-20 00:00:00,2017-04-20 02:00:00,30.0,0.3255,2,3,4
Netherlands,2018-10-04 19:00:00,2018-10-04 21:00:00,60.0,0.651,21,3,10
Netherlands,2021-04-08 02:00:00,2021-04-08 04:00:00,67.12,0.7282520000000001,4,3,4
Netherlands,2017-08-06 14:00:00,2017-08-06 16:00:00,22.4,0.24303999999999995,16,6,8
Netherlands,2020-02-08 13:00:00,2020-02-08 14:00:00,26.8,0.29078,14,5,2
Netherlands,2016-01-22 18:00:00,2016-01-22 19:00:00,27.38,0.297073,19,4,1
Netherlands,2019-03-10 20:00:00,2019-03-10 21:00:00,37.4,0.40579,21,6,3
Netherlands,2022-06-28 22:00:00,2022-06-29 00:00:00,250.27,2.7154295000000004,0,2,6
Netherlands,2018-01-20 09:00:00,2018-01-20 10:00:00,43.0,0.46655,10,5,1
Netherlands,2020-01-16 13:00:00,2020-01-16 14:00:00,41.41,0.44929849999999993,14,3,1
Netherlands,2017-03-21 06:00:00,2017-03-21 07:00:00,35.96,0.390166,7,1,3
Netherlands,2015-07-05 09:00:00,2015-07-05 11:00:00,34.94,0.37909899999999996,11,6,7
Netherlands,2015-02-12 14:00:00,2015-02-12 15:00:00,45.47,0.4933495,15,3,2
Netherlands,2017-01-07 13:00:00,2017-01-07 14:00:00,52.2,0.56637,14,5,1
Netherlands,2016-09-26 02:00:00,2016-09-26 04:00:00,23.49,0.2548665,4,0,9
Netherlands,25/12/2023 10:00,2023-12-25 11:00:00,15.1,0.16383499999999998,11,0,12
Netherlands,2016-10-10 10:00:00,2016-10-10 12:00:00,42.7,0.463295,12,0,10
Netherlands,2021-12-07 09:00:00,2021-12-07 10:00:00,273.99,2.9727915,10,1,12
Netherlands,2023-01-06 02:00:00,2023-01-06 03:00:00,81.42,0.883407,3,4,1
Netherlands,2022-03-18 03:00:00,2022-03-18 04:00:00,209.9,2.277415,4,4,3
Netherlands,2020-04-04 21:00:00,2020-04-04 23:00:00,17.07,0.1852095,23,5,4
Netherlands,2020-03-02 13:00:00,2020-03-02 14:00:00,34.74,0.376929,14,0,3
Netherlands,2016-01-30 04:00:00,2016-01-30 05:00:00,12.45,0.1350825,5,5,1
Netherlands,05/12/2024 14:00,2024-12-05 15:00:00,116.26,1.2614210000000001,15,3,12
Netherlands,2020-03-22 19:00:00,2020-03-22 20:00:00,19.45,0.2110325,20,6,3
Netherlands,2018-04-19 05:00:00,2018-04-19 07:00:00,49.96,0.542066,7,3,4
Netherlands,2019-10-08 00:00:00,2019-10-08 02:00:00,25.0,0.27125,2,1,10
Netherlands,04/01/2025 18:00,2025-01-04 19:00:00,138.38,1.501423,19,5,1
Netherlands,2016-06-05 23:00:00,2016-06-06 01:00:00,22.76,0.246946,1,0,6
Netherlands,2016-08-12 02:00:00,2016-08-12 04:00:00,20.05,0.2175425,4,4,8
Netherlands,2017-10-09 18:00:00,2017-10-09 20:00:00,67.91,0.7368235,20,0,10
Netherlands,2019-07-20 01:00:00,2019-07-20 03:00:00,35.54,0.385609,3,5,7
Netherlands,12/09/2024 20:00,2024-09-12 22:00:00,99.08,1.075018,22,3,9
Netherlands,2021-12-11 20:00:00,2021-12-11 21:00:00,193.61,2.1006685000000003,21,5,12
Netherlands,2020-09-28 12:00:00,2020-09-28 14:00:00,46.0,0.4991,14,0,9
Netherlands,2020-06-27 01:00:00,2020-06-27 03:00:00,27.48,0.29815800000000003,3,5,6
Netherlands,12/10/2024 11:00,2024-10-12 13:00:00,44.32,0.480872,13,5,10
Netherlands,16/08/2024 11:00,2024-08-16 13:00:00,53.5,0.5804750000000001,13,4,8
Netherlands,2020-03-26 21:00:00,2020-03-26 22:00:00,25.5,0.276675,22,3,3
Netherlands,2020-05-24 06:00:00,2020-05-24 08:00:00,-25.0,-0.27125,8,6,5
Netherlands,2019-10-05 03:00:00,2019-10-05 05:00:00,29.8,0.32333,5,5,10
Netherlands,2019-05-11 11:00:00,2019-05-11 13:00:00,36.09,0.3915765,13,5,5
Netherlands,2022-02-21 08:00:00,2022-02-21 09:00:00,216.0,2.3436,9,0,2
Netherlands,2019-03-15 13:00:00,2019-03-15 14:00:00,41.75,0.4529875,14,4,3
Netherlands,2019-10-06 20:00:00,2019-10-06 22:00:00,35.36,0.383656,22,6,10
Netherlands,2017-01-09 12:00:00,2017-01-09 13:00:00,56.63,0.6144355,13,0,1
Netherlands,2019-04-20 11:00:00,2019-04-20 13:00:00,22.8,0.24738,13,5,4
Netherlands,2015-03-05 08:00:00,2015-03-05 09:00:00,65.84,0.714364,9,3,3
Netherlands,2016-06-18 10:00:00,2016-06-18 12:00:00,36.93,0.4006905,12,5,6
Netherlands,2015-11-18 17:00:00,2015-11-18 18:00:00,42.44,0.46047399999999994,18,2,11
Netherlands,2020-10-18 11:00:00,2020-10-18 13:00:00,43.29,0.46969649999999996,13,6,10
Netherlands,2018-04-06 16:00:00,2018-04-06 18:00:00,38.76,0.420546,18,4,4
Netherlands,2016-03-24 21:00:00,2016-03-24 22:00:00,26.63,0.2889355,22,3,3
Netherlands,12/03/2024 13:00,2024-03-12 14:00:00,68.0,0.7377999999999999,14,1,3
Netherlands,2017-04-14 02:00:00,2017-04-14 04:00:00,27.74,0.300979,4,4,4
Netherlands,2016-09-18 07:00:00,2016-09-18 09:00:00,24.78,0.268863,9,6,9
Netherlands,2018-10-30 06:00:00,2018-10-30 07:00:00,63.3,0.686805,7,1,10
Netherlands,2023-08-26 06:00:00,2023-08-26 08:00:00,98.3,1.066555,8,5,8
Netherlands,2017-05-12 06:00:00,2017-05-12 08:00:00,51.49,0.5586665000000001,8,4,5
Netherlands,2016-08-26 14:00:00,2016-08-26 16:00:00,34.13,0.3703105,16,4,8
Netherlands,2017-06-24 06:00:00,2017-06-24 08:00:00,25.66,0.278411,8,5,6
Netherlands,2018-06-18 01:00:00,2018-06-18 03:00:00,36.49,0.3959165,3,0,6
Netherlands,2023-05-28 12:00:00,2023-05-28 14:00:00,-400.0,-4.34,14,6,5
Netherlands,2015-01-14 01:00:00,2015-01-14 02:00:00,27.49,0.29826649999999993,2,2,1
Netherlands,2022-08-16 02:00:00,2022-08-16 04:00:00,364.0,3.9494000000000002,4,1,8
Netherlands,2018-05-14 21:00:00,2018-05-14 23:00:00,39.9,0.43291499999999994,23,0,5
Netherlands,2019-12-21 18:00:00,2019-12-21 19:00:00,36.92,0.400582,19,5,12
Netherlands,2018-11-13 05:00:00,2018-11-13 06:00:00,62.05,0.6732425,6,1,11
Netherlands,2015-06-19 10:00:00,2015-06-19 12:00:00,64.94,0.704599,12,4,6
Netherlands,2020-01-12 22:00:00,2020-01-12 23:00:00,29.9,0.32441499999999995,23,6,1
Netherlands,2020-08-04 23:00:00,2020-08-05 01:00:00,23.44,0.254324,1,2,8
Netherlands,2015-06-08 12:00:00,2015-06-08 14:00:00,49.94,0.5418489999999999,14,0,6
Netherlands,2023-04-13 06:00:00,2023-04-13 08:00:00,122.15,1.3253275,8,3,4
Netherlands,2017-01-30 09:00:00,2017-01-30 10:00:00,68.77,0.7461544999999999,10,0,1
Netherlands,2021-10-29 04:00:00,2021-10-29 06:00:00,132.65,1.4392525,6,4,10
Netherlands,2017-01-24 08:00:00,2017-01-24 09:00:00,144.4,1.56674,9,1,1
Netherlands,2016-05-14 12:00:00,2016-05-14 14:00:00,20.97,0.2275245,14,5,5
Netherlands,2020-11-08 05:00:00,2020-11-08 06:00:00,32.31,0.35056350000000003,6,6,11
Netherlands,2023-03-18 10:00:00,2023-03-18 11:00:00,91.15,0.9889775000000001,11,5,3
Netherlands,2023-05-03 08:00:00,2023-05-03 10:00:00,91.16,0.9890859999999999,10,2,5
Netherlands,2021-01-02 11:00:00,2021-01-02 12:00:00,55.95,0.6070575,12,5,1
Netherlands,2015-02-06 07:00:00,2015-02-06 08:00:00,46.9,0.5088649999999999,8,4,2
Netherlands,2021-01-15 01:00:00,2021-01-15 02:00:00,47.7,0.5175449999999999,2,4,1
Netherlands,2020-02-03 05:00:00,2020-02-03 06:00:00,26.78,0.290563,6,0,2
Netherlands,2016-06-10 17:00:00,2016-06-10 19:00:00,32.85,0.35642250000000003,19,4,6
Netherlands,2022-01-31 21:00:00,2022-01-31 22:00:00,200.1,2.171085,22,0,1
Netherlands,2023-09-23 04:00:00,2023-09-23 06:00:00,98.88,1.072848,6,5,9
Netherlands,2016-02-23 18:00:00,2016-02-23 19:00:00,29.94,0.324849,19,1,2
Netherlands,2016-07-27 06:00:00,2016-07-27 08:00:00,39.11,0.4243435,8,2,7
Netherlands,2015-06-09 10:00:00,2015-06-09 12:00:00,44.94,0.48759899999999995,12,1,6
Netherlands,2021-03-30 16:00:00,2021-03-30 18:00:00,62.94,0.682899,18,1,3
Netherlands,2023-01-23 08:00:00,2023-01-23 09:00:00,270.2,2.9316699999999996,9,0,1
Netherlands,2021-03-27 23:00:00,2021-03-28 00:00:00,50.0,0.5425,0,6,3
Netherlands,2017-07-25 11:00:00,2017-07-25 13:00:00,38.94,0.42249899999999996,13,1,7
Netherlands,2020-12-28 12:00:00,2020-12-28 13:00:00,50.95,0.5528075,13,0,12
Netherlands,2020-03-03 08:00:00,2020-03-03 09:00:00,41.68,0.452228,9,1,3
Netherlands,21/04/2024 08:00,2024-04-21 10:00:00,26.92,0.292082,10,6,4
Netherlands,2023-09-06 06:00:00,2023-09-06 08:00:00,119.19,1.2932115,8,2,9
Netherlands,2023-02-17 07:00:00,2023-02-17 08:00:00,129.9,1.4094149999999999,8,4,2
Netherlands,2022-03-10 19:00:00,2022-03-10 20:00:00,309.9,3.3624149999999995,20,3,3
Netherlands,2021-08-01 13:00:00,2021-08-01 15:00:00,94.0,1.0199,15,6,8
Netherlands,2016-02-10 12:00:00,2016-02-10 13:00:00,27.74,0.300979,13,2,2
Netherlands,2019-03-24 18:00:00,2019-03-24 19:00:00,42.93,0.4657905,19,6,3
Netherlands,26/04/2024 06:00,2024-04-26 08:00:00,96.06,1.042251,8,4,4
Netherlands,2019-10-02 03:00:00,2019-10-02 05:00:00,28.2,0.30596999999999996,5,2,10
Netherlands,2021-02-13 11:00:00,2021-02-13 12:00:00,42.3,0.45895499999999995,12,5,2
Netherlands,2015-05-27 17:00:00,2015-05-27 19:00:00,40.2,0.43617,19,2,5
Netherlands,2020-03-18 10:00:00,2020-03-18 11:00:00,20.74,0.22502899999999998,11,2,3
Netherlands,2022-11-26 23:00:00,2022-11-27 00:00:00,144.88,1.571948,0,6,11
Netherlands,2015-02-28 14:00:00,2015-02-28 15:00:00,42.5,0.461125,15,5,2
Netherlands,2021-12-04 19:00:00,2021-12-04 20:00:00,189.42,2.055207,20,5,12
Netherlands,2020-03-03 12:00:00,2020-03-03 13:00:00,31.29,0.3394965,13,1,3
Netherlands,2015-12-18 20:00:00,2015-12-18 21:00:00,30.32,0.328972,21,4,12
Netherlands,07/07/2024 03:00,2024-07-07 05:00:00,0.25,0.0027125,5,6,7
Netherlands,2019-10-24 13:00:00,2019-10-24 15:00:00,36.78,0.399063,15,3,10
Netherlands,2017-08-10 02:00:00,2017-08-10 04:00:00,26.02,0.282317,4,3,8
Netherlands,30/10/2023 08:00,2023-10-30 09:00:00,103.0,1.11755,9,0,10
Netherlands,2019-03-04 20:00:00,2019-03-04 21:00:00,44.25,0.4801125,21,0,3
Netherlands,25/12/2023 14:00,2023-12-25 15:00:00,5.0,0.05425,15,0,12
Netherlands,2018-06-22 17:00:00,2018-06-22 19:00:00,44.0,0.4774,19,4,6
Netherlands,2017-09-27 08:00:00,2017-09-27 10:00:00,55.0,0.59675,10,2,9
Netherlands,2020-10-20 18:00:00,2020-10-20 20:00:00,40.93,0.44409049999999994,20,1,10
Netherlands,2016-07-21 12:00:00,2016-07-21 14:00:00,46.79,0.5076714999999999,14,3,7
Netherlands,04/11/2023 23:00,2023-11-05 00:00:00,8.71,0.0945035,0,6,11
Netherlands,2023-05-17 19:00:00,2023-05-17 21:00:00,128.15,1.3904275,21,2,5
Netherlands,2021-05-14 12:00:00,2021-05-14 14:00:00,60.7,0.658595,14,4,5
Netherlands,2017-12-12 19:00:00,2017-12-12 20:00:00,47.1,0.511035,20,1,12
Netherlands,2019-05-05 04:00:00,2019-05-05 06:00:00,35.0,0.37975,6,6,5
Netherlands,2019-07-04 17:00:00,2019-07-04 19:00:00,43.58,0.47284299999999996,19,3,7
Netherlands,2021-06-24 23:00:00,2021-06-25 01:00:00,79.62,0.8638770000000001,1,4,6
Netherlands,2018-11-17 07:00:00,2018-11-17 08:00:00,59.73,0.6480704999999999,8,5,11
Netherlands,2015-03-23 21:00:00,2015-03-23 22:00:00,44.94,0.48759899999999995,22,0,3
Netherlands,2019-11-17 02:00:00,2019-11-17 03:00:00,32.23,0.3496955,3,6,11
Netherlands,2023-05-05 09:00:00,2023-05-05 11:00:00,71.7,0.777945,11,4,5
Netherlands,2022-01-03 16:00:00,2022-01-03 17:00:00,148.49,1.6111165,17,0,1
Netherlands,2022-01-20 10:00:00,2022-01-20 11:00:00,164.9,1.789165,11,3,1
Netherlands,2017-07-26 07:00:00,2017-07-26 09:00:00,37.92,0.411432,9,2,7
Netherlands,2023-02-22 11:00:00,2023-02-22 12:00:00,118.67,1.2875695,12,2,2
Netherlands,2022-05-14 17:00:00,2022-05-14 19:00:00,225.0,2.44125,19,5,5
Netherlands,2019-03-21 01:00:00,2019-03-21 02:00:00,33.51,0.36358349999999995,2,3,3
Netherlands,2020-11-24 09:00:00,2020-11-24 10:00:00,41.57,0.4510345,10,1,11
Netherlands,2023-07-17 20:00:00,2023-07-17 22:00:00,125.28,1.359288,22,0,7
Netherlands,15/05/2024 07:00,2024-05-15 09:00:00,43.52,0.472192,9,2,5
Netherlands,2022-07-08 11:00:00,2022-07-08 13:00:00,222.8,2.41738,13,4,7
Netherlands,17/11/2024 07:00,2024-11-17 08:00:00,85.7,0.929845,8,6,11
Netherlands,2015-07-11 02:00:00,2015-07-11 04:00:00,28.74,0.31182899999999997,4,5,7
Netherlands,2023-01-25 05:00:00,2023-01-25 06:00:00,160.0,1.736,6,2,1
Netherlands,2019-11-13 11:00:00,2019-11-13 12:00:00,48.97,0.5313245,12,2,11
Netherlands,2021-06-09 05:00:00,2021-06-09 07:00:00,86.44,0.9378739999999999,7,2,6
Netherlands,2019-04-30 18:00:00,2019-04-30 20:00:00,51.76,0.561596,20,1,4
Netherlands,2019-03-07 09:00:00,2019-03-07 10:00:00,49.02,0.531867,10,3,3
Netherlands,2021-08-11 22:00:00,2021-08-12 00:00:00,96.67,1.0488695000000001,0,3,8
Netherlands,07/11/2024 02:00,2024-11-07 03:00:00,97.24,1.055054,3,3,11
Netherlands,2020-02-22 03:00:00,2020-02-22 04:00:00,18.72,0.203112,4,5,2
Netherlands,2022-06-25 04:00:00,2022-06-25 06:00:00,226.73,2.4600204999999997,6,5,6
Netherlands,2018-10-31 17:00:00,2018-10-31 18:00:00,74.02,0.803117,18,2,10
Netherlands,2016-04-24 23:00:00,2016-04-25 01:00:00,21.46,0.23284100000000002,1,0,4
Netherlands,2016-10-25 01:00:00,2016-10-25 03:00:00,32.57,0.3533845,3,1,10
Netherlands,2015-08-20 10:00:00,2015-08-20 12:00:00,44.44,0.482174,12,3,8
Netherlands,2020-04-25 06:00:00,2020-04-25 08:00:00,18.7,0.202895,8,5,4
Netherlands,2020-11-19 07:00:00,2020-11-19 08:00:00,41.87,0.45428949999999996,8,3,11
Netherlands,10/05/2024 18:00,2024-05-10 20:00:00,159.9,1.734915,20,4,5
Netherlands,10/07/2024 04:00,2024-07-10 06:00:00,83.37,0.9045645000000001,6,2,7
Netherlands,2018-01-12 04:00:00,2018-01-12 05:00:00,35.1,0.380835,5,4,1
Netherlands,2019-01-10 12:00:00,2019-01-10 13:00:00,75.0,0.81375,13,3,1
Netherlands,2022-03-21 18:00:00,2022-03-21 19:00:00,336.98,3.6562330000000003,19,0,3
Netherlands,2022-07-08 20:00:00,2022-07-08 22:00:00,422.79,4.5872715,22,4,7
Netherlands,2021-07-27 16:00:00,2021-07-27 18:00:00,100.98,1.095633,18,1,7
Netherlands,07/01/2024 22:00,2024-01-07 23:00:00,83.86,0.9098809999999999,23,6,1
Netherlands,2017-05-23 22:00:00,2017-05-24 00:00:00,27.15,0.2945775,0,2,5
Netherlands,2021-08-16 09:00:00,2021-08-16 11:00:00,72.84,0.790314,11,0,8
Netherlands,2015-06-20 07:00:00,2015-06-20 09:00:00,40.0,0.434,9,5,6
Netherlands,2022-01-16 06:00:00,2022-01-16 07:00:00,141.58,1.536143,7,6,1
Netherlands,2016-02-01 03:00:00,2016-02-01 04:00:00,12.81,0.1389885,4,0,2
Netherlands,2021-01-01 10:00:00,2021-01-01 11:00:00,47.2,0.51212,11,4,1
Netherlands,03/12/2024 17:00,2024-12-03 18:00:00,197.88,2.146998,18,1,12
Netherlands,05/07/2024 16:00,2024-07-05 18:00:00,64.26,0.697221,18,4,7
Netherlands,2016-04-08 07:00:00,2016-04-08 09:00:00,37.55,0.4074175,9,4,4
Netherlands,2016-02-05 01:00:00,2016-02-05 02:00:00,22.22,0.241087,2,4,2
Netherlands,2018-09-01 09:00:00,2018-09-01 11:00:00,64.86,0.703731,11,5,9
Netherlands,2016-03-09 14:00:00,2016-03-09 15:00:00,23.18,0.251503,15,2,3
Netherlands,2018-05-30 12:00:00,2018-05-30 14:00:00,71.0,0.77035,14,2,5
Netherlands,2023-04-20 01:00:00,2023-04-20 03:00:00,94.98,1.030533,3,3,4
Netherlands,2020-02-24 06:00:00,2020-02-24 07:00:00,43.0,0.46655,7,0,2
Netherlands,2023-05-02 11:00:00,2023-05-02 13:00:00,92.76,1.006446,13,1,5
Netherlands,14/08/2024 16:00,2024-08-14 18:00:00,111.48,1.209558,18,2,8
Netherlands,2018-07-04 15:00:00,2018-07-04 17:00:00,81.0,0.87885,17,2,7
Netherlands,23/05/2024 05:00,2024-05-23 07:00:00,111.01,1.2044584999999999,7,3,5
Netherlands,23/10/2024 09:00,2024-10-23 11:00:00,91.24,0.989954,11,2,10
Netherlands,03/08/2024 09:00,2024-08-03 11:00:00,20.36,0.220906,11,5,8
Netherlands,2018-05-09 10:00:00,2018-05-09 12:00:00,40.0,0.434,12,2,5
Netherlands,2020-11-13 00:00:00,2020-11-13 01:00:00,31.4,0.34069,1,4,11
Netherlands,2022-07-15 15:00:00,2022-07-15 17:00:00,321.51,3.4883835,17,4,7
Netherlands,2017-06-10 14:00:00,2017-06-10 16:00:00,26.6,0.28861000000000003,16,5,6
Netherlands,2016-06-11 12:00:00,2016-06-11 14:00:00,24.82,0.26929699999999995,14,5,6
Netherlands,2021-11-23 17:00:00,2021-11-23 18:00:00,342.13,3.7121104999999996,18,1,11
Netherlands,2019-09-02 09:00:00,2019-09-02 11:00:00,41.81,0.4536385,11,0,9
Netherlands,2015-05-01 11:00:00,2015-05-01 13:00:00,43.0,0.46655,13,4,5
Netherlands,2015-01-11 13:00:00,2015-01-11 14:00:00,31.0,0.33635,14,6,1
Netherlands,2022-02-25 19:00:00,2022-02-25 20:00:00,319.9,3.4709149999999993,20,4,2
Netherlands,2016-01-01 05:00:00,2016-01-01 06:00:00,15.86,0.17208099999999998,6,4,1
Netherlands,2018-07-24 12:00:00,2018-07-24 14:00:00,64.22,0.6967869999999999,14,1,7
Netherlands,2019-08-10 19:00:00,2019-08-10 21:00:00,31.39,0.3405815,21,5,8
Netherlands,2021-06-02 10:00:00,2021-06-02 12:00:00,55.72,0.604562,12,2,6
Netherlands,2022-08-02 16:00:00,2022-08-02 18:00:00,356.16,3.864336,18,1,8
Netherlands,2016-02-25 20:00:00,2016-02-25 21:00:00,25.2,0.27341999999999994,21,3,2
Netherlands,23/04/2024 13:00,2024-04-23 15:00:00,78.33,0.8498805,15,1,4
Netherlands,2020-07-17 07:00:00,2020-07-17 09:00:00,42.72,0.463512,9,4,7
Netherlands,2021-12-29 19:00:00,2021-12-29 20:00:00,130.06,1.411151,20,2,12
Netherlands,22/07/2024 21:00,2024-07-22 23:00:00,95.52,1.0363919999999998,23,0,7
Netherlands,2016-05-29 16:00:00,2016-05-29 18:00:00,27.44,0.297724,18,6,5
Netherlands,2020-05-22 10:00:00,2020-05-22 12:00:00,14.16,0.153636,12,4,5
Netherlands,2019-03-26 14:00:00,2019-03-26 15:00:00,33.9,0.367815,15,1,3
Netherlands,2018-10-13 22:00:00,2018-10-14 00:00:00,55.27,0.5996794999999999,0,6,10
Netherlands,2019-08-16 08:00:00,2019-08-16 10:00:00,36.73,0.39852049999999994,10,4,8
Netherlands,2016-09-08 22:00:00,2016-09-09 00:00:00,24.14,0.26191899999999996,0,4,9
Netherlands,17/04/2024 18:00,2024-04-17 20:00:00,169.9,1.843415,20,2,4
Netherlands,2022-06-20 04:00:00,2022-06-20 06:00:00,301.67,3.2731195000000004,6,0,6
Netherlands,2023-01-17 04:00:00,2023-01-17 05:00:00,113.55,1.2320175,5,1,1
Netherlands,26/05/2024 22:00,2024-05-27 00:00:00,70.29,0.7626465,0,0,5
Netherlands,2016-03-28 08:00:00,2016-03-28 10:00:00,21.53,0.23360050000000002,10,0,3
Netherlands,2021-02-27 00:00:00,2021-02-27 01:00:00,40.49,0.4393165,1,5,2
Netherlands,12/05/2024 12:00,2024-05-12 14:00:00,-186.72,-2.025912,14,6,5
Netherlands,2015-10-10 22:00:00,2015-10-11 00:00:00,34.94,0.37909899999999996,0,6,10
Netherlands,2018-07-08 04:00:00,2018-07-08 06:00:00,30.69,0.33298649999999996,6,6,7
Netherlands,2017-08-31 19:00:00,2017-08-31 21:00:00,41.92,0.454832,21,3,8
Netherlands,2015-06-27 00:00:00,2015-06-27 02:00:00,26.73,0.29002049999999996,2,5,6
Netherlands,2019-02-08 12:00:00,2019-02-08 13:00:00,51.48,0.558558,13,4,2
Netherlands,2020-05-31 22:00:00,2020-06-01 00:00:00,14.54,0.15775899999999998,0,0,6
Netherlands,2019-11-17 00:00:00,2019-11-17 01:00:00,32.5,0.352625,1,6,11
Netherlands,2018-03-09 02:00:00,2018-03-09 03:00:00,29.8,0.32333,3,4,3
Netherlands,2016-08-28 10:00:00,2016-08-28 12:00:00,24.91,0.2702735,12,6,8
Netherlands,2022-04-10 17:00:00,2022-04-10 19:00:00,269.1,2.919735,19,6,4
Netherlands,01/12/2023 10:00,2023-12-01 11:00:00,213.09,2.3120265,11,4,12
Netherlands,2017-02-24 20:00:00,2017-02-24 21:00:00,38.06,0.412951,21,4,2
Netherlands,2022-12-16 04:00:00,2022-12-16 05:00:00,272.6,2.95771,5,4,12
Netherlands,2018-05-27 18:00:00,2018-05-27 20:00:00,64.9,0.704165,20,6,5
Netherlands,2018-04-07 17:00:00,2018-04-07 19:00:00,40.45,0.4388825,19,5,4
Netherlands,2019-06-20 20:00:00,2019-06-20 22:00:00,46.52,0.504742,22,3,6
Netherlands,2019-04-17 01:00:00,2019-04-17 03:00:00,35.02,0.37996700000000005,3,2,4
Netherlands,2022-03-09 21:00:00,2022-03-09 22:00:00,449.06,4.872300999999999,22,2,3
Netherlands,2018-11-29 07:00:00,2018-11-29 08:00:00,68.51,0.7433335000000001,8,3,11
Netherlands,2018-04-09 06:00:00,2018-04-09 08:00:00,62.13,0.6741105000000001,8,0,4
Netherlands,2023-08-10 04:00:00,2023-08-10 06:00:00,99.9,1.083915,6,3,8
Netherlands,2017-04-25 20:00:00,2017-04-25 22:00:00,35.48,0.38495799999999997,22,1,4
Netherlands,11/09/2024 07:00,2024-09-11 09:00:00,97.45,1.0573325,9,2,9
Netherlands,2018-06-03 00:00:00,2018-06-03 02:00:00,44.03,0.4777255,2,6,6
Netherlands,2022-02-25 04:00:00,2022-02-25 05:00:00,129.9,1.4094149999999999,5,4,2
Netherlands,2018-04-30 18:00:00,2018-04-30 20:00:00,34.43,0.3735655,20,0,4
Netherlands,2016-09-15 13:00:00,2016-09-15 15:00:00,47.57,0.5161345,15,3,9
Netherlands,2022-04-22 07:00:00,2022-04-22 09:00:00,221.05,2.3983925,9,4,4
Netherlands,2019-09-04 14:00:00,2019-09-04 16:00:00,28.86,0.313131,16,2,9
Netherlands,2017-09-17 08:00:00,2017-09-17 10:00:00,32.44,0.351974,10,6,9
Netherlands,2022-11-06 15:00:00,2022-11-06 16:00:00,96.33,1.0451804999999998,16,6,11
Netherlands,2015-01-19 22:00:00,2015-01-19 23:00:00,31.46,0.341341,23,0,1
Netherlands,2019-04-24 14:00:00,2019-04-24 16:00:00,33.94,0.368249,16,2,4
Netherlands,2016-06-21 00:00:00,2016-06-21 02:00:00,23.64,0.25649399999999994,2,1,6
Netherlands,2020-08-04 17:00:00,2020-08-04 19:00:00,41.3,0.448105,19,1,8
Netherlands,2016-05-03 21:00:00,2016-05-03 23:00:00,29.94,0.324849,23,1,5
Netherlands,04/01/2024 23:00,2024-01-05 00:00:00,86.08,0.9339679999999999,0,4,1
Netherlands,07/12/2023 16:00,2023-12-07 17:00:00,125.21,1.3585284999999998,17,3,12
Netherlands,2019-06-30 03:00:00,2019-06-30 05:00:00,10.16,0.110236,5,6,6
Netherlands,2018-05-16 03:00:00,2018-05-16 05:00:00,35.26,0.382571,5,2,5
Netherlands,2020-02-27 02:00:00,2020-02-27 03:00:00,25.17,0.27309449999999996,3,3,2
Netherlands,2019-04-04 03:00:00,2019-04-04 05:00:00,36.86,0.399931,5,3,4
Netherlands,2018-03-18 15:00:00,2018-03-18 16:00:00,35.28,0.382788,16,6,3
Netherlands,2018-05-11 08:00:00,2018-05-11 10:00:00,55.71,0.6044535,10,4,5
Netherlands,2019-08-23 21:00:00,2019-08-23 23:00:00,34.68,0.37627799999999995,23,4,8
Netherlands,2023-04-13 10:00:00,2023-04-13 12:00:00,-4.5,-0.04882499999999999,12,3,4
Netherlands,2023-08-26 16:00:00,2023-08-26 18:00:00,100.0,1.085,18,5,8
Netherlands,2016-09-05 15:00:00,2016-09-05 17:00:00,42.31,0.4590635,17,0,9
Netherlands,2017-02-12 22:00:00,2017-02-12 23:00:00,32.12,0.348502,23,6,2
Netherlands,2017-06-04 04:00:00,2017-06-04 06:00:00,23.1,0.250635,6,6,6
Netherlands,2016-03-25 08:00:00,2016-03-25 09:00:00,27.44,0.297724,9,4,3
Netherlands,2022-06-18 12:00:00,2022-06-18 14:00:00,53.25,0.5777625,14,5,6
Netherlands,2016-02-21 11:00:00,2016-02-21 12:00:00,17.08,0.18531799999999998,12,6,2
Netherlands,2015-12-23 20:00:00,2015-12-23 21:00:00,33.97,0.3685745,21,2,12
Netherlands,2018-02-11 03:00:00,2018-02-11 04:00:00,27.96,0.30336599999999997,4,6,2
Netherlands,2016-12-19 19:00:00,2016-12-19 20:00:00,46.5,0.504525,20,0,12
Netherlands,2020-05-03 05:00:00,2020-05-03 07:00:00,12.02,0.130417,7,6,5
Netherlands,2020-02-24 13:00:00,2020-02-24 14:00:00,37.04,0.40188399999999996,14,0,2
Netherlands,28/06/2024 17:00,2024-06-28 19:00:00,87.02,0.9441669999999999,19,4,6
Netherlands,2015-10-03 06:00:00,2015-10-03 08:00:00,37.44,0.406224,8,5,10
Netherlands,2018-03-04 01:00:00,2018-03-04 02:00:00,42.0,0.4557,2,6,3
Netherlands,07/07/2024 23:00,2024-07-08 01:00:00,76.65,0.8316525,1,0,7
Netherlands,24/11/2023 12:00,2023-11-24 13:00:00,78.29,0.8494465,13,4,11
Netherlands,2021-04-23 11:00:00,2021-04-23 13:00:00,43.52,0.472192,13,4,4
Netherlands,23/03/2024 16:00,2024-03-23 17:00:00,37.68,0.40882799999999997,17,5,3
Netherlands,2023-01-01 00:00:00,2023-01-01 01:00:00,-1.46,-0.015841,1,6,1
Netherlands,2018-07-14 02:00:00,2018-07-14 04:00:00,43.42,0.47110700000000005,4,5,7
Netherlands,2021-08-31 19:00:00,2021-08-31 21:00:00,128.44,1.3935739999999999,21,1,8
Netherlands,30/12/2023 22:00,2023-12-30 23:00:00,43.23,0.46904549999999995,23,5,12
Netherlands,2015-03-11 12:00:00,2015-03-11 13:00:00,46.07,0.49985949999999996,13,2,3
Netherlands,2021-11-07 12:00:00,2021-11-07 13:00:00,76.51,0.8301335000000001,13,6,11
Netherlands,2020-05-25 09:00:00,2020-05-25 11:00:00,20.01,0.2171085,11,0,5
Netherlands,2022-05-01 15:00:00,2022-05-01 17:00:00,187.04,2.029384,17,6,5
Netherlands,2020-09-02 18:00:00,2020-09-02 20:00:00,66.05,0.7166425,20,2,9
Netherlands,2017-07-12 10:00:00,2017-07-12 12:00:00,41.07,0.4456095,12,2,7
Netherlands,2022-04-03 08:00:00,2022-04-03 10:00:00,202.29,2.1948464999999997,10,6,4
Netherlands,2020-08-11 20:00:00,2020-08-11 22:00:00,33.72,0.36586199999999997,22,1,8
Netherlands,2019-08-02 15:00:00,2019-08-02 17:00:00,42.79,0.4642715,17,4,8
Netherlands,2018-11-08 10:00:00,2018-11-08 11:00:00,67.43,0.7316155,11,3,11
Netherlands,2019-12-24 21:00:00,2019-12-24 22:00:00,34.9,0.378665,22,1,12
Netherlands,2017-05-07 19:00:00,2017-05-07 21:00:00,44.72,0.485212,21,6,5
Netherlands,2015-10-16 15:00:00,2015-10-16 17:00:00,36.52,0.39624200000000004,17,4,10
Netherlands,2020-03-28 23:00:00,2020-03-29 00:00:00,11.76,0.127596,0,6,3
Netherlands,2021-08-28 12:00:00,2021-08-28 14:00:00,68.37,0.7418145,14,5,8
Netherlands,2015-02-26 20:00:00,2015-02-26 21:00:00,48.82,0.529697,21,3,2
Netherlands,29/01/2024 21:00,2024-01-29 22:00:00,83.25,0.9032625,22,0,1
Netherlands,25/11/2024 04:00,2024-11-25 05:00:00,-0.05,-0.0005425,5,0,11
Netherlands,2016-08-11 10:00:00,2016-08-11 12:00:00,28.57,0.3099845,12,3,8
Netherlands,2015-02-23 19:00:00,2015-02-23 20:00:00,46.99,0.5098415,20,0,2
Netherlands,2016-05-26 03:00:00,2016-05-26 05:00:00,23.79,0.25812149999999995,5,3,5
Netherlands,2019-05-18 08:00:00,2019-05-18 10:00:00,35.12,0.38105199999999995,10,5,5
Netherlands,2020-05-14 18:00:00,2020-05-14 20:00:00,27.85,0.3021725,20,3,5
Netherlands,2015-09-02 04:00:00,2015-09-02 06:00:00,39.04,0.423584,6,2,9
Netherlands,2015-04-25 06:00:00,2015-04-25 08:00:00,39.94,0.433349,8,5,4
Netherlands,2022-04-12 13:00:00,2022-04-12 15:00:00,118.14,1.281819,15,1,4
Netherlands,2018-09-17 00:00:00,2018-09-17 02:00:00,48.68,0.528178,2,0,9
Netherlands,2016-08-29 02:00:00,2016-08-29 04:00:00,22.61,0.24531849999999997,4,0,8
Netherlands,2019-08-27 00:00:00,2019-08-27 02:00:00,34.79,0.3774715,2,1,8
Netherlands,2022-02-03 00:00:00,2022-02-03 01:00:00,154.6,1.6774099999999998,1,3,2
Netherlands,2017-08-19 07:00:00,2017-08-19 09:00:00,29.5,0.320075,9,5,8
Netherlands,2022-07-26 06:00:00,2022-07-26 08:00:00,355.77,3.8601044999999994,8,1,7
Netherlands,2016-09-15 16:00:00,2016-09-15 18:00:00,50.03,0.5428255000000001,18,3,9
Netherlands,2023-05-27 22:00:00,2023-05-28 00:00:00,87.09,0.9449265,0,6,5
Netherlands,2017-02-19 09:00:00,2017-02-19 10:00:00,37.4,0.40579,10,6,2
Netherlands,2021-07-09 01:00:00,2021-07-09 03:00:00,75.15,0.8153775000000001,3,4,7
Netherlands,2018-11-16 10:00:00,2018-11-16 11:00:00,71.88,0.7798979999999999,11,4,11
Netherlands,2016-12-09 19:00:00,2016-12-09 20:00:00,35.0,0.37975,20,4,12
Netherlands,2022-03-06 13:00:00,2022-03-06 14:00:00,226.31,2.4554635,14,6,3
Netherlands,2019-05-05 14:00:00,2019-05-05 16:00:00,35.3,0.38300499999999993,16,6,5
Netherlands,2018-11-05 18:00:00,2018-11-05 19:00:00,66.64,0.723044,19,0,11
Netherlands,25/09/2024 05:00,2024-09-25 07:00:00,95.53,1.0365004999999998,7,2,9
Netherlands,2021-04-15 19:00:00,2021-04-15 21:00:00,57.7,0.626045,21,3,4
Netherlands,2022-01-12 13:00:00,2022-01-12 14:00:00,234.77,2.5472545,14,2,1
Netherlands,2021-05-16 15:00:00,2021-05-16 17:00:00,63.49,0.6888664999999999,17,6,5
Netherlands,2016-10-24 23:00:00,2016-10-25 01:00:00,31.6,0.34286,1,1,10
Netherlands,2022-01-18 00:00:00,2022-01-18 01:00:00,197.39,2.1416815,1,1,1
Netherlands,2020-11-14 20:00:00,2020-11-14 21:00:00,31.5,0.341775,21,5,11
Netherlands,07/10/2023 18:00,2023-10-07 20:00:00,100.0,1.085,20,5,10
Netherlands,2016-05-18 03:00:00,2016-05-18 05:00:00,24.57,0.2665845,5,2,5
Netherlands,2022-07-12 05:00:00,2022-07-12 07:00:00,453.66,4.922211,7,1,7
Netherlands,29/09/2024 19:00,2024-09-29 21:00:00,79.64,0.8640939999999999,21,6,9
Netherlands,11/01/2024 08:00,2024-01-11 09:00:00,129.16,1.401386,9,3,1
Netherlands,2023-01-21 13:00:00,2023-01-21 14:00:00,136.58,1.4818930000000001,14,5,1
Netherlands,2022-05-14 11:00:00,2022-05-14 13:00:00,-6.41,-0.0695485,13,5,5
Netherlands,2016-08-13 09:00:00,2016-08-13 11:00:00,21.68,0.235228,11,5,8
Netherlands,2017-07-14 15:00:00,2017-07-14 17:00:00,30.87,0.3349395,17,4,7
Netherlands,2015-07-23 09:00:00,2015-07-23 11:00:00,52.92,0.574182,11,3,7
Netherlands,19/05/2024 03:00,2024-05-19 05:00:00,80.76,0.876246,5,6,5
Netherlands,2021-04-23 07:00:00,2021-04-23 09:00:00,51.5,0.558775,9,4,4
Netherlands,2016-07-02 01:00:00,2016-07-02 03:00:00,17.09,0.1854265,3,5,7
Netherlands,22/12/2023 20:00,2023-12-22 21:00:00,45.03,0.4885755,21,4,12
Netherlands,2017-07-16 09:00:00,2017-07-16 11:00:00,28.99,0.3145415,11,6,7
Netherlands,2021-11-04 04:00:00,2021-11-04 05:00:00,159.61,1.7317685,5,3,11
Netherlands,2023-01-23 21:00:00,2023-01-23 22:00:00,167.6,1.8184599999999997,22,0,1
Netherlands,2019-12-09 21:00:00,2019-12-09 22:00:00,31.95,0.34665749999999995,22,0,12
Netherlands,2015-04-27 03:00:00,2015-04-27 05:00:00,29.96,0.32506599999999997,5,0,4
Netherlands,2020-06-28 08:00:00,2020-06-28 10:00:00,14.14,0.153419,10,6,6
Netherlands,2022-12-21 05:00:00,2022-12-21 06:00:00,218.62,2.372027,6,2,12
Netherlands,2019-05-02 07:00:00,2019-05-02 09:00:00,43.3,0.469805,9,3,5
Netherlands,05/05/2024 10:00,2024-05-05 12:00:00,0.0,0.0,12,6,5
Netherlands,2022-04-12 10:00:00,2022-04-12 12:00:00,136.12,1.476902,12,1,4
Netherlands,2018-05-13 05:00:00,2018-05-13 07:00:00,16.86,0.18293099999999998,7,6,5
Netherlands,2021-03-02 10:00:00,2021-03-02 11:00:00,42.81,0.46448849999999997,11,1,3
Netherlands,2018-01-04 02:00:00,2018-01-04 03:00:00,28.0,0.3038,3,3,1
Netherlands,2019-10-06 14:00:00,2019-10-06 16:00:00,28.92,0.313782,16,6,10
Netherlands,2018-07-18 04:00:00,2018-07-18 06:00:00,48.93,0.5308904999999999,6,2,7
Netherlands,2017-01-19 02:00:00,2017-01-19 03:00:00,36.32,0.394072,3,3,1
Netherlands,18/10/2024 09:00,2024-10-18 11:00:00,89.96,0.9760659999999999,11,4,10
Netherlands,2016-05-24 07:00:00,2016-05-24 09:00:00,36.19,0.3926615,9,1,5
Netherlands,2023-03-07 06:00:00,2023-03-07 07:00:00,110.1,1.1945849999999998,7,1,3
Netherlands,2020-01-25 08:00:00,2020-01-25 09:00:00,43.34,0.470239,9,5,1
Netherlands,2016-07-19 08:00:00,2016-07-19 10:00:00,54.0,0.5859,10,1,7
Netherlands,22/09/2024 10:00,2024-09-22 12:00:00,11.5,0.124775,12,6,9
Netherlands,2018-11-05 02:00:00,2018-11-05 03:00:00,42.3,0.45895499999999995,3,0,11
Netherlands,2020-03-19 10:00:00,2020-03-19 11:00:00,24.93,0.2704905,11,3,3
Netherlands,2018-04-14 00:00:00,2018-04-14 02:00:00,32.37,0.3512145,2,5,4
Netherlands,2019-01-14 06:00:00,2019-01-14 07:00:00,58.0,0.6293,7,0,1
Netherlands,2023-01-23 03:00:00,2023-01-23 04:00:00,148.3,1.6090550000000001,4,0,1
Netherlands,2015-03-19 10:00:00,2015-03-19 11:00:00,55.0,0.59675,11,3,3
Netherlands,2019-07-09 13:00:00,2019-07-09 15:00:00,34.24,0.371504,15,1,7
Netherlands,2023-09-23 19:00:00,2023-09-23 21:00:00,117.91,1.2793235,21,5,9
Netherlands,2016-02-28 02:00:00,2016-02-28 03:00:00,17.62,0.19117699999999999,3,6,2
Netherlands,2022-09-01 13:00:00,2022-09-01 15:00:00,469.5,5.094075,15,3,9
Netherlands,2021-05-31 17:00:00,2021-05-31 19:00:00,85.14,0.923769,19,0,5
Netherlands,2021-03-09 08:00:00,2021-03-09 09:00:00,72.55,0.7871674999999999,9,1,3
Netherlands,2022-10-20 23:00:00,2022-10-21 01:00:00,118.62,1.2870270000000001,1,4,10
Netherlands,2020-05-15 07:00:00,2020-05-15 09:00:00,23.0,0.24955,9,4,5
Netherlands,01/12/2023 14:00,2023-12-01 15:00:00,183.6,1.99206,15,4,12
Netherlands,2018-09-30 18:00:00,2018-09-30 20:00:00,79.97,0.8676745,20,6,9
Netherlands,2021-03-09 13:00:00,2021-03-09 14:00:00,56.49,0.6129165000000001,14,1,3
Netherlands,2018-04-07 22:00:00,2018-04-08 00:00:00,37.0,0.40145,0,6,4
Netherlands,08/07/2024 07:00,2024-07-08 09:00:00,77.86,0.844781,9,0,7
Netherlands,2020-09-09 21:00:00,2020-09-09 23:00:00,30.0,0.3255,23,2,9
Netherlands,2018-05-30 09:00:00,2018-05-30 11:00:00,73.6,0.7985599999999999,11,2,5
Netherlands,2020-09-21 20:00:00,2020-09-21 22:00:00,51.2,0.55552,22,0,9
Netherlands,2019-10-28 05:00:00,2019-10-28 06:00:00,39.27,0.4260795,6,0,10
Netherlands,2023-05-03 15:00:00,2023-05-03 17:00:00,96.92,1.0515819999999998,17,2,5
Netherlands,2015-08-31 01:00:00,2015-08-31 03:00:00,31.75,0.3444875,3,0,8
Netherlands,24/04/2024 00:00,2024-04-24 02:00:00,75.88,0.8232979999999999,2,2,4
Netherlands,2023-02-22 02:00:00,2023-02-22 03:00:00,117.28,1.272488,3,2,2
Netherlands,2023-07-19 15:00:00,2023-07-19 17:00:00,76.54,0.8304590000000001,17,2,7
Netherlands,2016-03-09 15:00:00,2016-03-09 16:00:00,24.83,0.26940549999999996,16,2,3
Netherlands,2022-06-06 09:00:00,2022-06-06 11:00:00,-3.7,-0.040145,11,0,6
Netherlands,2016-09-07 19:00:00,2016-09-07 21:00:00,38.9,0.422065,21,2,9
Netherlands,18/09/2024 14:00,2024-09-18 16:00:00,34.87,0.3783395,16,2,9
Netherlands,2019-04-30 07:00:00,2019-04-30 09:00:00,51.47,0.5584494999999999,9,1,4
Netherlands,2015-02-10 07:00:00,2015-02-10 08:00:00,49.0,0.53165,8,1,2
Netherlands,2021-03-06 04:00:00,2021-03-06 05:00:00,40.46,0.43899099999999996,5,5,3
Netherlands,2015-02-20 05:00:00,2015-02-20 06:00:00,49.29,0.5347964999999999,6,4,2
Netherlands,2021-02-02 13:00:00,2021-02-02 14:00:00,58.06,0.629951,14,1,2
Netherlands,2022-02-01 06:00:00,2022-02-01 07:00:00,238.0,2.5822999999999996,7,1,2
Netherlands,2022-05-23 18:00:00,2022-05-23 20:00:00,210.07,2.2792594999999998,20,0,5
Netherlands,2020-10-26 19:00:00,2020-10-26 20:00:00,34.57,0.3750845,20,0,10
Netherlands,2021-06-20 13:00:00,2021-06-20 15:00:00,26.99,0.2928415,15,6,6
Netherlands,2018-12-25 11:00:00,2018-12-25 12:00:00,44.59,0.48380150000000005,12,1,12
Netherlands,2020-11-29 07:00:00,2020-11-29 08:00:00,43.01,0.4666584999999999,8,6,11
Netherlands,26/05/2024 18:00,2024-05-26 20:00:00,113.49,1.2313664999999998,20,6,5
Netherlands,2022-10-25 05:00:00,2022-10-25 07:00:00,86.84,0.9422140000000001,7,1,10
Netherlands,2016-03-31 11:00:00,2016-03-31 13:00:00,30.03,0.3258255,13,3,3
Netherlands,2015-05-04 02:00:00,2015-05-04 04:00:00,22.06,0.23935099999999998,4,0,5
Netherlands,2022-03-16 07:00:00,2022-03-16 08:00:00,314.0,3.4069000000000003,8,2,3
Netherlands,2023-05-06 10:00:00,2023-05-06 12:00:00,70.36,0.7634059999999999,12,5,5
Netherlands,2021-06-01 19:00:00,2021-06-01 21:00:00,80.5,0.873425,21,1,6
Netherlands,2016-11-03 11:00:00,2016-11-03 12:00:00,42.4,0.46003999999999995,12,3,11
Netherlands,2018-11-13 19:00:00,2018-11-13 20:00:00,60.0,0.651,20,1,11
Netherlands,2019-01-06 00:00:00,2019-01-06 01:00:00,50.0,0.5425,1,6,1
Netherlands,2019-08-10 01:00:00,2019-08-10 03:00:00,23.4,0.25389,3,5,8
Netherlands,2022-03-27 13:00:00,2022-03-27 15:00:00,90.06,0.977151,15,6,3
Netherlands,2020-12-06 03:00:00,2020-12-06 04:00:00,34.28,0.371938,4,6,12
Netherlands,2018-07-01 11:00:00,2018-07-01 13:00:00,35.1,0.380835,13,6,7
Netherlands,21/06/2024 01:00,2024-06-21 03:00:00,87.46,0.9489409999999999,3,4,6
Netherlands,2023-05-24 08:00:00,2023-05-24 10:00:00,85.92,0.932232,10,2,5
Netherlands,2022-03-17 03:00:00,2022-03-17 04:00:00,180.0,1.953,4,3,3
Netherlands,2018-07-23 03:00:00,2018-07-23 05:00:00,47.45,0.5148325,5,0,7
Netherlands,2020-01-26 10:00:00,2020-01-26 11:00:00,41.05,0.4453924999999999,11,6,1
Netherlands,2015-02-13 00:00:00,2015-02-13 01:00:00,49.07,0.5324095,1,4,2
Netherlands,2015-10-29 02:00:00,2015-10-29 03:00:00,32.66,0.3543609999999999,3,3,10
Netherlands,2015-08-29 02:00:00,2015-08-29 04:00:00,28.83,0.3128055,4,5,8
Netherlands,2016-04-18 20:00:00,2016-04-18 22:00:00,22.7,0.246295,22,0,4
Netherlands,09/07/2024 07:00,2024-07-09 09:00:00,67.02,0.7271669999999999,9,1,7
Netherlands,2017-08-25 07:00:00,2017-08-25 09:00:00,44.67,0.48466950000000003,9,4,8
Netherlands,11/03/2024 16:00,2024-03-11 17:00:00,89.91,0.9755234999999999,17,0,3
Netherlands,2020-04-26 11:00:00,2020-04-26 13:00:00,11.9,0.129115,13,6,4
Netherlands,2021-02-14 02:00:00,2021-02-14 03:00:00,42.9,0.46546499999999996,3,6,2
Netherlands,2017-04-30 11:00:00,2017-04-30 13:00:00,29.7,0.322245,13,6,4
Netherlands,09/09/2024 14:00,2024-09-09 16:00:00,67.27,0.7298794999999999,16,0,9
Netherlands,2023-03-19 09:00:00,2023-03-19 10:00:00,100.56,1.091076,10,6,3
Netherlands,2019-12-05 21:00:00,2019-12-05 22:00:00,35.23,0.38224549999999996,22,3,12
Netherlands,2017-11-13 14:00:00,2017-11-13 15:00:00,53.04,0.5754839999999999,15,0,11
Netherlands,2021-04-02 06:00:00,2021-04-02 08:00:00,60.67,0.6582695,8,4,4
Netherlands,2015-02-07 14:00:00,2015-02-07 15:00:00,48.93,0.5308904999999999,15,5,2
Netherlands,2015-03-07 21:00:00,2015-03-07 22:00:00,43.54,0.47240899999999997,22,5,3
Netherlands,10/10/2024 05:00,2024-10-10 07:00:00,84.9,0.9211650000000001,7,3,10
Netherlands,2017-12-09 22:00:00,2017-12-09 23:00:00,40.4,0.43833999999999995,23,5,12
Netherlands,2023-01-13 10:00:00,2023-01-13 11:00:00,89.03,0.9659755,11,4,1
Netherlands,2018-06-04 22:00:00,2018-06-05 00:00:00,43.8,0.47523,0,1,6
Netherlands,2015-09-20 05:00:00,2015-09-20 07:00:00,29.3,0.317905,7,6,9
Netherlands,2020-01-14 20:00:00,2020-01-14 21:00:00,31.16,0.338086,21,1,1
Netherlands,2016-02-27 11:00:00,2016-02-27 12:00:00,22.03,0.2390255,12,5,2
Netherlands,2019-02-25 13:00:00,2019-02-25 14:00:00,37.88,0.410998,14,0,2
Netherlands,2022-06-19 21:00:00,2022-06-19 23:00:00,281.1,3.049935,23,6,6
Netherlands,2018-10-13 00:00:00,2018-10-13 02:00:00,42.08,0.456568,2,5,10
Netherlands,2022-05-13 00:00:00,2022-05-13 02:00:00,189.0,2.05065,2,4,5
Netherlands,2023-07-01 00:00:00,2023-07-01 02:00:00,83.28,0.903588,2,5,7
Netherlands,2017-04-21 14:00:00,2017-04-21 16:00:00,29.75,0.32278749999999995,16,4,4
Netherlands,2023-08-16 17:00:00,2023-08-16 19:00:00,153.47,1.6651495,19,2,8
Netherlands,18/03/2024 22:00,2024-03-18 23:00:00,73.52,0.7976919999999998,23,0,3
Netherlands,20/08/2024 15:00,2024-08-20 17:00:00,100.26,1.087821,17,1,8
Netherlands,2017-05-27 08:00:00,2017-05-27 10:00:00,35.34,0.38343900000000003,10,5,5
Netherlands,2022-06-08 03:00:00,2022-06-08 05:00:00,175.0,1.89875,5,2,6
Netherlands,2019-09-15 20:00:00,2019-09-15 22:00:00,45.91,0.49812349999999994,22,6,9
Netherlands,2022-11-13 05:00:00,2022-11-13 06:00:00,135.29,1.4678965,6,6,11
Netherlands,2021-05-10 04:00:00,2021-05-10 06:00:00,57.12,0.619752,6,0,5
Netherlands,25/06/2024 16:00,2024-06-25 18:00:00,78.9,0.8560650000000001,18,1,6
Netherlands,04/01/2024 11:00,2024-01-04 12:00:00,86.28,0.936138,12,3,1
Netherlands,24/02/2024 13:00,2024-02-24 14:00:00,37.6,0.40796,14,5,2
Netherlands,2016-07-15 17:00:00,2016-07-15 19:00:00,34.67,0.37616950000000005,19,4,7
Netherlands,2016-05-22 06:00:00,2016-05-22 08:00:00,22.58,0.24499299999999996,8,6,5
Netherlands,2017-10-16 01:00:00,2017-10-16 03:00:00,29.7,0.322245,3,0,10
Netherlands,2019-09-17 16:00:00,2019-09-17 18:00:00,35.32,0.383222,18,1,9
Netherlands,07/03/2024 20:00,2024-03-07 21:00:00,73.16,0.793786,21,3,3
Netherlands,2018-09-21 05:00:00,2018-09-21 07:00:00,76.65,0.8316525,7,4,9
Netherlands,2017-03-22 17:00:00,2017-03-22 18:00:00,42.4,0.46003999999999995,18,2,3
Netherlands,2015-06-07 12:00:00,2015-06-07 14:00:00,29.94,0.324849,14,6,6
Netherlands,2017-02-03 18:00:00,2017-02-03 19:00:00,52.72,0.572012,19,4,2
Netherlands,2015-07-29 22:00:00,2015-07-30 00:00:00,30.7,0.333095,0,3,7
Netherlands,2019-05-12 10:00:00,2019-05-12 12:00:00,39.0,0.42314999999999997,12,6,5
Netherlands,2019-12-26 20:00:00,2019-12-26 21:00:00,36.42,0.395157,21,3,12
Netherlands,2023-02-20 17:00:00,2023-02-20 18:00:00,173.1,1.8781349999999997,18,0,2
Netherlands,2016-06-11 11:00:00,2016-06-11 13:00:00,25.69,0.2787365,13,5,6
Netherlands,2018-08-19 15:00:00,2018-08-19 17:00:00,47.09,0.5109265000000001,17,6,8
Netherlands,2015-05-07 12:00:00,2015-05-07 14:00:00,52.58,0.5704929999999999,14,3,5
Netherlands,2015-10-06 11:00:00,2015-10-06 13:00:00,46.12,0.5004019999999999,13,1,10
Netherlands,2020-11-28 17:00:00,2020-11-28 18:00:00,56.14,0.6091190000000001,18,5,11
Netherlands,2022-07-01 19:00:00,2022-07-01 21:00:00,304.83,3.3074054999999998,21,4,7
Netherlands,2018-05-01 01:00:00,2018-05-01 03:00:00,22.04,0.23913399999999999,3,1,5
Netherlands,2018-03-16 02:00:00,2018-03-16 03:00:00,42.0,0.4557,3,4,3
Netherlands,2022-12-23 03:00:00,2022-12-23 04:00:00,141.0,1.52985,4,4,12
Netherlands,2018-01-17 09:00:00,2018-01-17 10:00:00,44.55,0.48336749999999995,10,2,1
Netherlands,2022-02-05 14:00:00,2022-02-05 15:00:00,100.0,1.085,15,5,2
Netherlands,2022-06-21 18:00:00,2022-06-21 20:00:00,458.02,4.969517,20,1,6
Netherlands,2021-05-22 06:00:00,2021-05-22 08:00:00,1.34,0.014539,8,5,5
Netherlands,2022-03-17 09:00:00,2022-03-17 10:00:00,252.71,2.7419035,10,3,3
Netherlands,2015-07-10 19:00:00,2015-07-10 21:00:00,44.85,0.4866225,21,4,7
Netherlands,2017-05-22 23:00:00,2017-05-23 01:00:00,32.17,0.34904450000000004,1,1,5
Netherlands,2017-09-21 16:00:00,2017-09-21 18:00:00,48.73,0.5287204999999999,18,3,9
Netherlands,2018-06-04 03:00:00,2018-06-04 05:00:00,47.44,0.514724,5,0,6
Netherlands,2017-10-12 11:00:00,2017-10-12 13:00:00,35.0,0.37975,13,3,10
Netherlands,2019-09-24 17:00:00,2019-09-24 19:00:00,54.06,0.586551,19,1,9
Netherlands,2021-11-08 03:00:00,2021-11-08 04:00:00,154.1,1.6719849999999998,4,0,11
Netherlands,2023-06-27 20:00:00,2023-06-27 22:00:00,125.06,1.3569010000000001,22,1,6
Netherlands,2022-09-25 22:00:00,2022-09-26 00:00:00,248.77,2.6991545,0,0,9
Netherlands,2021-06-02 19:00:00,2021-06-02 21:00:00,78.17,0.8481445,21,2,6
Netherlands,2019-02-11 22:00:00,2019-02-11 23:00:00,39.8,0.43182999999999994,23,0,2
Netherlands,2018-11-15 00:00:00,2018-11-15 01:00:00,50.8,0.55118,1,3,11
Netherlands,2020-02-18 22:00:00,2020-02-18 23:00:00,25.05,0.2717925,23,1,2
Netherlands,2015-06-22 23:00:00,2015-06-23 01:00:00,37.45,0.40633250000000004,1,1,6
Netherlands,2021-12-19 22:00:00,2021-12-19 23:00:00,233.07,2.5288095,23,6,12
Netherlands,2023-06-22 16:00:00,2023-06-22 18:00:00,137.3,1.489705,18,3,6
Netherlands,25/10/2023 00:00,2023-10-25 02:00:00,91.0,0.9873500000000001,2,2,10
Netherlands,2016-03-17 19:00:00,2016-03-17 20:00:00,37.76,0.40969599999999995,20,3,3
Netherlands,29/03/2024 15:00,2024-03-29 16:00:00,43.87,0.47598949999999995,16,4,3
Netherlands,2020-07-08 07:00:00,2020-07-08 09:00:00,46.2,0.50127,9,2,7
Netherlands,2018-10-23 22:00:00,2018-10-24 00:00:00,37.4,0.40579,0,2,10
Netherlands,2018-01-15 10:00:00,2018-01-15 11:00:00,49.91,0.5415234999999999,11,0,1
Netherlands,2020-03-29 00:00:00,2020-03-29 01:00:00,11.05,0.1198925,1,6,3
Netherlands,2019-09-19 03:00:00,2019-09-19 05:00:00,34.5,0.37432499999999996,5,3,9
Netherlands,2020-05-27 07:00:00,2020-05-27 09:00:00,24.1,0.261485,9,2,5
Netherlands,2017-10-17 21:00:00,2017-10-17 23:00:00,37.5,0.406875,23,1,10
Netherlands,2021-02-18 19:00:00,2021-02-18 20:00:00,50.1,0.543585,20,3,2
Netherlands,2019-08-26 04:00:00,2019-08-26 06:00:00,48.91,0.5306735,6,0,8
Netherlands,2017-04-25 18:00:00,2017-04-25 20:00:00,41.3,0.448105,20,1,4
Netherlands,2016-11-09 23:00:00,2016-11-10 00:00:00,33.53,0.3638005,0,3,11
Netherlands,2019-07-18 01:00:00,2019-07-18 03:00:00,34.33,0.37248049999999994,3,3,7
Netherlands,2022-02-05 09:00:00,2022-02-05 10:00:00,149.9,1.626415,10,5,2
Netherlands,2021-08-28 19:00:00,2021-08-28 21:00:00,96.09,1.0425764999999998,21,5,8
Netherlands,2021-04-27 16:00:00,2021-04-27 18:00:00,70.0,0.7595,18,1,4
Netherlands,2015-09-01 15:00:00,2015-09-01 17:00:00,44.62,0.484127,17,1,9
Netherlands,2019-06-12 02:00:00,2019-06-12 04:00:00,32.64,0.354144,4,2,6
Netherlands,2022-06-12 10:00:00,2022-06-12 12:00:00,0.0,0.0,12,6,6
Netherlands,2019-10-12 17:00:00,2019-10-12 19:00:00,44.65,0.4844525,19,5,10
Netherlands,2017-07-20 16:00:00,2017-07-20 18:00:00,39.77,0.4315045,18,3,7
Netherlands,2015-04-11 01:00:00,2015-04-11 03:00:00,25.16,0.272986,3,5,4
Netherlands,2022-12-09 23:00:00,2022-12-10 00:00:00,312.8,3.3938800000000002,0,5,12
Netherlands,01/02/2024 04:00,2024-02-01 05:00:00,56.06,0.608251,5,3,2
Netherlands,02/11/2024 05:00,2024-11-02 06:00:00,96.5,1.0470249999999999,6,5,11
Netherlands,2021-05-09 10:00:00,2021-05-09 12:00:00,-17.0,-0.18444999999999998,12,6,5
Netherlands,2015-05-12 23:00:00,2015-05-13 01:00:00,30.69,0.33298649999999996,1,2,5
Netherlands,2022-04-28 23:00:00,2022-04-29 01:00:00,203.15,2.2041774999999997,1,4,4
Netherlands,2021-01-14 23:00:00,2021-01-15 00:00:00,48.98,0.531433,0,4,1
Netherlands,2020-07-23 19:00:00,2020-07-23 21:00:00,42.09,0.45667650000000004,21,3,7
Netherlands,2017-12-09 05:00:00,2017-12-09 06:00:00,40.0,0.434,6,5,12
Netherlands,2017-05-10 14:00:00,2017-05-10 16:00:00,35.01,0.3798585,16,2,5
Netherlands,2020-01-11 02:00:00,2020-01-11 03:00:00,29.14,0.316169,3,5,1
Netherlands,2019-07-04 14:00:00,2019-07-04 16:00:00,29.8,0.32333,16,3,7
Netherlands,2018-09-23 19:00:00,2018-09-23 21:00:00,70.0,0.7595,21,6,9
Netherlands,2018-05-28 18:00:00,2018-05-28 20:00:00,71.3,0.7736049999999999,20,0,5
Netherlands,2015-02-25 14:00:00,2015-02-25 15:00:00,46.96,0.509516,15,2,2
Netherlands,2020-11-11 06:00:00,2020-11-11 07:00:00,49.57,0.5378344999999999,7,2,11
Netherlands,2016-02-09 05:00:00,2016-02-09 06:00:00,22.13,0.24011049999999998,6,1,2
Netherlands,2015-01-18 14:00:00,2015-01-18 15:00:00,36.85,0.39982249999999997,15,6,1
Netherlands,2019-11-06 04:00:00,2019-11-06 05:00:00,37.74,0.409479,5,2,11
Netherlands,2021-05-24 04:00:00,2021-05-24 06:00:00,21.86,0.23718099999999998,6,0,5
Netherlands,2018-06-15 13:00:00,2018-06-15 15:00:00,55.55,0.6027175,15,4,6
Netherlands,2023-04-23 10:00:00,2023-04-23 12:00:00,35.48,0.38495799999999997,12,6,4
Netherlands,2019-09-09 12:00:00,2019-09-09 14:00:00,42.64,0.462644,14,0,9
Netherlands,2015-05-30 11:00:00,2015-05-30 13:00:00,31.36,0.34025599999999995,13,5,5
Netherlands,2022-01-24 11:00:00,2022-01-24 12:00:00,245.84,2.667364,12,0,1
Netherlands,2019-08-16 05:00:00,2019-08-16 07:00:00,40.52,0.439642,7,4,8
Netherlands,2017-06-02 03:00:00,2017-06-02 05:00:00,28.36,0.307706,5,4,6
Netherlands,04/10/2024 11:00,2024-10-04 13:00:00,71.44,0.7751239999999999,13,4,10
Netherlands,2020-06-22 20:00:00,2020-06-22 22:00:00,36.38,0.394723,22,0,6
Netherlands,23/05/2024 01:00,2024-05-23 03:00:00,69.31,0.7520135,3,3,5
Netherlands,2022-02-03 03:00:00,2022-02-03 04:00:00,158.81,1.7230885,4,3,2
Netherlands,2015-03-26 13:00:00,2015-03-26 14:00:00,46.68,0.506478,14,3,3
Netherlands,30/04/2024 16:00,2024-04-30 18:00:00,86.2,0.9352699999999999,18,1,4
Netherlands,2017-05-01 19:00:00,2017-05-01 21:00:00,44.5,0.482825,21,0,5
Netherlands,2020-02-10 20:00:00,2020-02-10 21:00:00,24.0,0.26039999999999996,21,0,2
Netherlands,15/01/2024 14:00,2024-01-15 15:00:00,89.57,0.9718344999999999,15,0,1
Netherlands,2019-09-06 07:00:00,2019-09-06 09:00:00,38.96,0.422716,9,4,9
Netherlands,2018-02-26 13:00:00,2018-02-26 14:00:00,59.77,0.6485045,14,0,2
Netherlands,2018-06-05 14:00:00,2018-06-05 16:00:00,52.99,0.5749415,16,1,6
Netherlands,2021-04-15 17:00:00,2021-04-15 19:00:00,77.82,0.8443469999999998,19,3,4
Netherlands,2021-02-26 00:00:00,2021-02-26 01:00:00,41.8,0.45353,1,4,2
Netherlands,2020-10-13 04:00:00,2020-10-13 06:00:00,31.33,0.33993049999999997,6,1,10
Netherlands,2022-10-09 18:00:00,2022-10-09 20:00:00,199.9,2.168915,20,6,10
Netherlands,2022-02-21 10:00:00,2022-02-21 11:00:00,199.8,2.16783,11,0,2
Netherlands,09/08/2024 05:00,2024-08-09 07:00:00,82.72,0.897512,7,4,8
Netherlands,2021-08-12 09:00:00,2021-08-12 11:00:00,98.06,1.063951,11,3,8
Netherlands,2019-06-27 04:00:00,2019-06-27 06:00:00,35.06,0.380401,6,3,6
Netherlands,2015-06-17 08:00:00,2015-06-17 10:00:00,44.99,0.4881415,10,2,6
Netherlands,2023-03-26 12:00:00,2023-03-26 14:00:00,50.46,0.547491,14,6,3
Netherlands,2020-12-10 16:00:00,2020-12-10 17:00:00,105.41,1.1436985,17,3,12
Netherlands,2021-04-29 12:00:00,2021-04-29 14:00:00,48.24,0.523404,14,3,4
Netherlands,2023-06-10 20:00:00,2023-06-10 22:00:00,98.0,1.0633,22,5,6
Netherlands,2022-06-19 05:00:00,2022-06-19 07:00:00,119.09,1.2921265000000002,7,6,6
Netherlands,2015-09-06 18:00:00,2015-09-06 20:00:00,46.22,0.501487,20,6,9
Netherlands,2022-04-13 04:00:00,2022-04-13 06:00:00,248.74,2.6988290000000004,6,2,4
Netherlands,2019-01-18 23:00:00,2019-01-19 00:00:00,57.78,0.626913,0,5,1
Netherlands,2021-08-02 03:00:00,2021-08-02 05:00:00,74.8,0.81158,5,0,8
Netherlands,2015-04-20 22:00:00,2015-04-21 00:00:00,30.17,0.3273445,0,1,4
Netherlands,2022-09-09 17:00:00,2022-09-09 19:00:00,467.35,5.0707475,19,4,9
Netherlands,2016-08-04 13:00:00,2016-08-04 15:00:00,30.74,0.333529,15,3,8
Netherlands,2016-07-15 03:00:00,2016-07-15 05:00:00,23.49,0.2548665,5,4,7
Netherlands,28/05/2024 13:00,2024-05-28 15:00:00,54.94,0.5960989999999999,15,1,5
Netherlands,2016-02-18 09:00:00,2016-02-18 10:00:00,32.71,0.3549035,10,3,2
Netherlands,2022-02-21 18:00:00,2022-02-21 19:00:00,219.9,2.385915,19,0,2
Netherlands,2021-03-30 09:00:00,2021-03-30 11:00:00,44.44,0.482174,11,1,3
Netherlands,2019-04-17 05:00:00,2019-04-17 07:00:00,50.43,0.5471655,7,2,4
Netherlands,2022-11-08 08:00:00,2022-11-08 09:00:00,100.1,1.0860849999999997,9,1,11
Netherlands,03/03/2024 02:00,2024-03-03 03:00:00,57.91,0.6283234999999999,3,6,3
Netherlands,2021-06-08 00:00:00,2021-06-08 02:00:00,63.48,0.6887579999999999,2,1,6
Netherlands,12/03/2024 22:00,2024-03-12 23:00:00,68.53,0.7435504999999999,23,1,3
Netherlands,2019-10-01 07:00:00,2019-10-01 09:00:00,49.63,0.5384855,9,1,10
Netherlands,2023-05-20 09:00:00,2023-05-20 11:00:00,-3.91,-0.042423499999999996,11,5,5
Netherlands,2018-09-10 13:00:00,2018-09-10 15:00:00,63.02,0.683767,15,0,9
Netherlands,2017-03-19 19:00:00,2017-03-19 20:00:00,31.54,0.342209,20,6,3
Netherlands,2021-10-16 16:00:00,2021-10-16 18:00:00,235.09,2.5507264999999997,18,5,10
Netherlands,2015-04-27 05:00:00,2015-04-27 07:00:00,43.94,0.476749,7,0,4
Netherlands,2018-04-24 21:00:00,2018-04-24 23:00:00,40.18,0.435953,23,1,4
Netherlands,2016-04-01 06:00:00,2016-04-01 08:00:00,40.44,0.43877399999999994,8,4,4
Netherlands,2017-03-04 10:00:00,2017-03-04 11:00:00,40.1,0.435085,11,5,3
Netherlands,21/09/2024 21:00,2024-09-21 23:00:00,86.72,0.940912,23,5,9
Netherlands,2016-11-11 14:00:00,2016-11-11 15:00:00,52.0,0.5641999999999999,15,4,11
Netherlands,20/06/2024 01:00,2024-06-20 03:00:00,79.05,0.8576925,3,3,6
Netherlands,2021-02-16 02:00:00,2021-02-16 03:00:00,42.22,0.45808699999999997,3,1,2
Netherlands,2017-11-16 23:00:00,2017-11-17 00:00:00,35.6,0.38626,0,4,11
Netherlands,2015-09-19 00:00:00,2015-09-19 02:00:00,26.0,0.28209999999999996,2,5,9
Netherlands,2019-01-08 04:00:00,2019-01-08 05:00:00,43.0,0.46655,5,1,1
Netherlands,2020-09-20 18:00:00,2020-09-20 20:00:00,51.91,0.5632235,20,6,9
Netherlands,12/02/2024 09:00,2024-02-12 10:00:00,85.47,0.9273494999999999,10,0,2
Netherlands,2015-03-15 09:00:00,2015-03-15 10:00:00,40.0,0.434,10,6,3
Netherlands,2017-05-27 10:00:00,2017-05-27 12:00:00,25.19,0.27331150000000004,12,5,5
Netherlands,2015-05-03 23:00:00,2015-05-04 01:00:00,25.0,0.27125,1,0,5
Netherlands,2015-03-18 22:00:00,2015-03-18 23:00:00,33.0,0.35805000000000003,23,2,3
Netherlands,2017-02-27 18:00:00,2017-02-27 19:00:00,40.0,0.434,19,0,2
Netherlands,2020-06-10 22:00:00,2020-06-11 00:00:00,26.06,0.282751,0,3,6
Netherlands,2016-09-09 04:00:00,2016-09-09 06:00:00,33.77,0.3664045,6,4,9
Netherlands,2018-03-21 14:00:00,2018-03-21 15:00:00,48.78,0.529263,15,2,3
Netherlands,2021-02-10 16:00:00,2021-02-10 17:00:00,94.15,1.0215275,17,2,2
Netherlands,2023-08-27 18:00:00,2023-08-27 20:00:00,125.2,1.3584200000000002,20,6,8
Netherlands,2016-05-28 09:00:00,2016-05-28 11:00:00,37.25,0.4041625,11,5,5
Netherlands,2022-01-10 05:00:00,2022-01-10 06:00:00,237.44,2.576224,6,0,1
Netherlands,2023-01-14 11:00:00,2023-01-14 12:00:00,104.97,1.1389245,12,5,1
Netherlands,2021-08-07 05:00:00,2021-08-07 07:00:00,62.89,0.6823565,7,5,8
Netherlands,2015-09-07 09:00:00,2015-09-07 11:00:00,47.0,0.50995,11,0,9
Netherlands,2017-10-07 20:00:00,2017-10-07 22:00:00,46.0,0.4991,22,5,10
Netherlands,2021-08-05 12:00:00,2021-08-05 14:00:00,82.99,0.9004414999999999,14,3,8
Netherlands,2016-06-22 20:00:00,2016-06-22 22:00:00,40.01,0.4341085,22,2,6
Netherlands,2016-10-14 08:00:00,2016-10-14 10:00:00,46.38,0.503223,10,4,10
Netherlands,2015-10-28 01:00:00,2015-10-28 02:00:00,30.32,0.328972,2,2,10
Netherlands,2015-02-27 21:00:00,2015-02-27 22:00:00,49.94,0.5418489999999999,22,4,2
Netherlands,2023-02-08 20:00:00,2023-02-08 21:00:00,163.6,1.7750599999999999,21,2,2
Netherlands,2023-07-06 20:00:00,2023-07-06 22:00:00,137.57,1.4926344999999999,22,3,7
Netherlands,2023-07-12 05:00:00,2023-07-12 07:00:00,115.4,1.25209,7,2,7
Netherlands,2019-05-13 20:00:00,2019-05-13 22:00:00,46.88,0.508648,22,0,5
Netherlands,2020-09-28 06:00:00,2020-09-28 08:00:00,59.31,0.6435135000000001,8,0,9
Netherlands,2019-11-08 12:00:00,2019-11-08 13:00:00,52.52,0.569842,13,4,11
Netherlands,2022-10-18 11:00:00,2022-10-18 13:00:00,138.55,1.5032675000000002,13,1,10
Netherlands,2020-03-19 14:00:00,2020-03-19 15:00:00,27.2,0.29512,15,3,3
Netherlands,2016-06-29 14:00:00,2016-06-29 16:00:00,26.73,0.29002049999999996,16,2,6
Netherlands,2016-06-05 21:00:00,2016-06-05 23:00:00,30.09,0.3264765,23,6,6
Netherlands,27/10/2024 03:00,2024-10-27 04:00:00,77.08,0.836318,4,6,10
Netherlands,2015-05-29 11:00:00,2015-05-29 13:00:00,47.7,0.5175449999999999,13,4,5
Netherlands,2019-06-10 05:00:00,2019-06-10 07:00:00,30.03,0.3258255,7,0,6
Netherlands,18/10/2024 18:00,2024-10-18 20:00:00,103.25,1.1202625,20,4,10
Netherlands,2019-06-16 15:00:00,2019-06-16 17:00:00,34.2,0.37107,17,6,6
Netherlands,2018-03-19 04:00:00,2018-03-19 05:00:00,40.0,0.434,5,0,3
Netherlands,2019-04-12 18:00:00,2019-04-12 20:00:00,48.08,0.521668,20,4,4
Netherlands,2022-04-09 16:00:00,2022-04-09 18:00:00,245.4,2.6625900000000002,18,5,4
Netherlands,2020-05-09 22:00:00,2020-05-10 00:00:00,20.7,0.224595,0,6,5
Netherlands,2020-10-16 06:00:00,2020-10-16 08:00:00,67.85,0.7361724999999999,8,4,10
Netherlands,2021-10-17 17:00:00,2021-10-17 19:00:00,238.29,2.5854465,19,6,10
Netherlands,2017-04-13 14:00:00,2017-04-13 16:00:00,33.67,0.3653195,16,3,4
Netherlands,2017-10-05 06:00:00,2017-10-05 08:00:00,41.92,0.454832,8,3,10
Netherlands,2018-03-27 17:00:00,2018-03-27 19:00:00,50.1,0.543585,19,1,3
Netherlands,27/02/2024 16:00,2024-02-27 17:00:00,93.95,1.0193575,17,1,2
Netherlands,25/04/2024 16:00,2024-04-25 18:00:00,94.69,1.0273864999999998,18,3,4
Netherlands,2017-11-16 17:00:00,2017-11-16 18:00:00,67.7,0.734545,18,3,11
Netherlands,2020-12-09 00:00:00,2020-12-09 01:00:00,41.08,0.44571799999999995,1,2,12
Netherlands,2019-02-15 10:00:00,2019-02-15 11:00:00,40.84,0.443114,11,4,2
Netherlands,2016-11-11 13:00:00,2016-11-11 14:00:00,51.84,0.5624640000000001,14,4,11
Netherlands,2018-08-21 20:00:00,2018-08-21 22:00:00,68.93,0.7478905000000001,22,1,8
Netherlands,2019-09-14 13:00:00,2019-09-14 15:00:00,28.02,0.304017,15,5,9
Netherlands,2022-08-12 15:00:00,2022-08-12 17:00:00,448.14,4.862318999999999,17,4,8
Netherlands,2019-02-08 18:00:00,2019-02-08 19:00:00,47.59,0.5163515,19,4,2
Netherlands,2023-02-13 07:00:00,2023-02-13 08:00:00,202.2,2.19387,8,0,2
Netherlands,2018-04-07 02:00:00,2018-04-07 04:00:00,29.0,0.31465,4,5,4
Netherlands,2015-07-06 08:00:00,2015-07-06 10:00:00,54.82,0.594797,10,0,7
Netherlands,2019-10-08 21:00:00,2019-10-08 23:00:00,26.3,0.285355,23,1,10
Netherlands,2015-02-10 03:00:00,2015-02-10 04:00:00,32.8,0.3558799999999999,4,1,2
Netherlands,2019-09-14 04:00:00,2019-09-14 06:00:00,32.85,0.35642250000000003,6,5,9
Netherlands,2019-01-02 20:00:00,2019-01-02 21:00:00,55.64,0.603694,21,2,1
Netherlands,27/11/2024 22:00,2024-11-27 23:00:00,59.9,0.6499149999999999,23,2,11
Netherlands,2021-05-15 19:00:00,2021-05-15 21:00:00,72.64,0.788144,21,5,5
Netherlands,2020-12-28 01:00:00,2020-12-28 02:00:00,38.32,0.415772,2,0,12
Netherlands,2017-12-17 05:00:00,2017-12-17 06:00:00,38.76,0.420546,6,6,12
Netherlands,2015-08-16 18:00:00,2015-08-16 20:00:00,38.43,0.4169655,20,6,8
Netherlands,2017-05-22 21:00:00,2017-05-22 23:00:00,34.07,0.3696595,23,0,5
Netherlands,04/07/2024 05:00,2024-07-04 07:00:00,34.91,0.37877349999999993,7,3,7
Netherlands,2018-09-15 11:00:00,2018-09-15 13:00:00,68.69,0.7452865,13,5,9
Netherlands,2015-04-15 06:00:00,2015-04-15 08:00:00,57.44,0.6232239999999999,8,2,4
Netherlands,2018-07-09 06:00:00,2018-07-09 08:00:00,54.71,0.5936035,8,0,7
Netherlands,2020-09-27 00:00:00,2020-09-27 02:00:00,17.99,0.1951915,2,6,9
Netherlands,2015-12-26 23:00:00,2015-12-27 00:00:00,24.56,0.266476,0,6,12
Netherlands,2019-01-10 20:00:00,2019-01-10 21:00:00,67.25,0.7296625,21,3,1
Netherlands,2019-08-16 01:00:00,2019-08-16 03:00:00,25.7,0.27884499999999995,3,4,8
Netherlands,2020-01-30 23:00:00,2020-01-31 00:00:00,24.03,0.2607255,0,4,1
Netherlands,2015-08-18 01:00:00,2015-08-18 03:00:00,29.23,0.31714549999999997,3,1,8
Netherlands,2015-10-11 19:00:00,2015-10-11 21:00:00,42.29,0.4588465,21,6,10
Netherlands,2017-05-25 06:00:00,2017-05-25 08:00:00,27.69,0.30043650000000005,8,3,5
Netherlands,2019-04-14 08:00:00,2019-04-14 10:00:00,37.1,0.40253500000000003,10,6,4
Netherlands,2023-02-04 10:00:00,2023-02-04 11:00:00,156.39,1.6968314999999998,11,5,2
Netherlands,2021-11-22 20:00:00,2021-11-22 21:00:00,174.4,1.89224,21,0,11
Netherlands,24/03/2024 21:00,2024-03-24 22:00:00,64.47,0.6994995,22,6,3
Netherlands,2016-04-27 16:00:00,2016-04-27 18:00:00,28.95,0.3141075,18,2,4
Netherlands,2022-04-30 21:00:00,2022-04-30 23:00:00,219.0,2.37615,23,5,4
Netherlands,2016-06-12 20:00:00,2016-06-12 22:00:00,32.44,0.351974,22,6,6
Netherlands,2015-04-02 01:00:00,2015-04-02 03:00:00,24.0,0.26039999999999996,3,3,4
Netherlands,2017-04-15 12:00:00,2017-04-15 14:00:00,28.0,0.3038,14,5,4
Netherlands,2021-09-20 00:00:00,2021-09-20 02:00:00,129.9,1.4094149999999999,2,0,9
Netherlands,2019-08-05 17:00:00,2019-08-05 19:00:00,50.33,0.5460805,19,0,8
Netherlands,2017-02-26 10:00:00,2017-02-26 11:00:00,30.0,0.3255,11,6,2
Netherlands,2022-05-02 11:00:00,2022-05-02 13:00:00,190.45,2.0663824999999996,13,0,5
Netherlands,2017-05-30 09:00:00,2017-05-30 11:00:00,47.0,0.50995,11,1,5
Netherlands,10/12/2024 17:00,2024-12-10 18:00:00,181.0,1.9638499999999999,18,1,12
Netherlands,28/10/2024 13:00,2024-10-28 14:00:00,108.27,1.1747295,14,0,10
Netherlands,2022-04-14 04:00:00,2022-04-14 06:00:00,254.0,2.7559,6,3,4
Netherlands,02/08/2024 01:00,2024-08-02 03:00:00,82.26,0.8925210000000001,3,4,8
Netherlands,18/05/2024 08:00,2024-05-18 10:00:00,9.43,0.1023155,10,5,5
Netherlands,2019-10-09 08:00:00,2019-10-09 10:00:00,42.62,0.462427,10,2,10
Netherlands,2015-03-03 19:00:00,2015-03-03 20:00:00,44.94,0.48759899999999995,20,1,3
Netherlands,2022-12-30 23:00:00,2022-12-31 00:00:00,5.0,0.05425,0,5,12
Netherlands,2018-07-11 18:00:00,2018-07-11 20:00:00,56.85,0.6168224999999999,20,2,7
Netherlands,2022-03-11 02:00:00,2022-03-11 03:00:00,191.99,2.0830915,3,4,3
Netherlands,2015-12-20 21:00:00,2015-12-20 22:00:00,34.94,0.37909899999999996,22,6,12
Netherlands,2023-06-29 12:00:00,2023-06-29 14:00:00,98.6,1.06981,14,3,6
Netherlands,2021-05-02 12:00:00,2021-05-02 14:00:00,3.0,0.032549999999999996,14,6,5
Netherlands,2015-01-15 15:00:00,2015-01-15 16:00:00,44.94,0.48759899999999995,16,3,1
Netherlands,2022-03-14 16:00:00,2022-03-14 17:00:00,346.5,3.759525,17,0,3
Netherlands,17/07/2024 06:00,2024-07-17 08:00:00,105.7,1.1468450000000001,8,2,7
Netherlands,2022-02-09 03:00:00,2022-02-09 04:00:00,111.52,1.209992,4,2,2
Netherlands,2017-08-08 10:00:00,2017-08-08 12:00:00,36.79,0.39917149999999996,12,1,8
Netherlands,2022-03-15 19:00:00,2022-03-15 20:00:00,315.0,3.41775,20,1,3
Netherlands,2015-06-03 17:00:00,2015-06-03 19:00:00,48.65,0.5278525,19,2,6
Netherlands,2015-01-07 03:00:00,2015-01-07 04:00:00,29.48,0.31985800000000003,4,2,1
Netherlands,2019-07-23 19:00:00,2019-07-23 21:00:00,59.34,0.643839,21,1,7
Netherlands,2021-02-02 06:00:00,2021-02-02 07:00:00,60.0,0.651,7,1,2
Netherlands,2019-07-01 07:00:00,2019-07-01 09:00:00,41.13,0.44626050000000006,9,0,7
Netherlands,2017-04-09 15:00:00,2017-04-09 17:00:00,25.56,0.27732599999999996,17,6,4
Netherlands,2017-09-22 12:00:00,2017-09-22 14:00:00,36.58,0.396893,14,4,9
Netherlands,2020-06-29 08:00:00,2020-06-29 10:00:00,33.54,0.363909,10,0,6
Netherlands,2016-07-01 16:00:00,2016-07-01 18:00:00,32.43,0.3518655,18,4,7
Netherlands,2022-01-25 05:00:00,2022-01-25 06:00:00,179.9,1.951915,6,1,1
Netherlands,2020-06-07 22:00:00,2020-06-08 00:00:00,26.0,0.28209999999999996,0,0,6
Netherlands,2021-11-25 18:00:00,2021-11-25 19:00:00,187.67,2.0362194999999996,19,3,11
Netherlands,2015-06-08 07:00:00,2015-06-08 09:00:00,62.65,0.6797525,9,0,6
Netherlands,2016-11-11 09:00:00,2016-11-11 10:00:00,56.42,0.6121570000000001,10,4,11
Netherlands,20/12/2023 00:00,2023-12-20 01:00:00,50.48,0.547708,1,2,12
Netherlands,2017-12-22 00:00:00,2017-12-22 01:00:00,41.7,0.452445,1,4,12
Netherlands,2019-03-16 08:00:00,2019-03-16 09:00:00,37.43,0.4061155,9,5,3
Netherlands,2016-08-02 20:00:00,2016-08-02 22:00:00,31.19,0.3384115,22,1,8
Netherlands,31/12/2024 21:00,2024-12-31 22:00:00,9.06,0.098301,22,1,12
Netherlands,2019-10-10 08:00:00,2019-10-10 10:00:00,38.5,0.41772499999999996,10,3,10
Netherlands,2021-06-02 22:00:00,2021-06-03 00:00:00,61.8,0.67053,0,3,6
Netherlands,2016-05-02 02:00:00,2016-05-02 04:00:00,20.08,0.21786799999999998,4,0,5
Netherlands,2019-02-24 05:00:00,2019-02-24 06:00:00,37.3,0.404705,6,6,2
Netherlands,2018-10-12 14:00:00,2018-10-12 16:00:00,56.95,0.6179075,16,4,10
Netherlands,2016-05-29 11:00:00,2016-05-29 13:00:00,23.25,0.2522625,13,6,5
Netherlands,2019-05-18 00:00:00,2019-05-18 02:00:00,34.85,0.37812250000000003,2,5,5
Netherlands,2023-01-17 01:00:00,2023-01-17 02:00:00,97.98,1.063083,2,1,1
Netherlands,2023-02-14 00:00:00,2023-02-14 01:00:00,132.32,1.4356719999999998,1,1,2
Netherlands,2021-12-19 09:00:00,2021-12-19 10:00:00,326.0,3.5370999999999997,10,6,12
Netherlands,2017-05-30 15:00:00,2017-05-30 17:00:00,35.1,0.380835,17,1,5
Netherlands,2017-11-02 17:00:00,2017-11-02 18:00:00,83.14,0.902069,18,3,11
Netherlands,2023-07-17 21:00:00,2023-07-17 23:00:00,110.44,1.1982739999999998,23,0,7
Netherlands,11/03/2024 08:00,2024-03-11 09:00:00,86.5,0.9385249999999999,9,0,3
Netherlands,2020-02-25 07:00:00,2020-02-25 08:00:00,39.45,0.42803250000000004,8,1,2
Netherlands,2022-05-11 18:00:00,2022-05-11 20:00:00,221.93,2.4079405,20,2,5
Netherlands,2019-04-19 03:00:00,2019-04-19 05:00:00,34.9,0.378665,5,4,4
Netherlands,2022-11-13 11:00:00,2022-11-13 12:00:00,130.13,1.4119104999999998,12,6,11
Netherlands,2022-11-23 10:00:00,2022-11-23 11:00:00,172.42,1.8707569999999998,11,2,11
Netherlands,2022-05-19 23:00:00,2022-05-20 01:00:00,195.98,2.1263829999999997,1,4,5
Netherlands,2019-11-03 07:00:00,2019-11-03 08:00:00,24.2,0.26256999999999997,8,6,11
Netherlands,27/11/2024 13:00,2024-11-27 14:00:00,119.87,1.3005895,14,2,11
Netherlands,2016-01-17 20:00:00,2016-01-17 21:00:00,27.04,0.293384,21,6,1
Netherlands,2016-08-05 03:00:00,2016-08-05 05:00:00,26.24,0.28470399999999996,5,4,8
Netherlands,2016-04-06 18:00:00,2016-04-06 20:00:00,28.26,0.306621,20,2,4
Netherlands,2021-09-09 08:00:00,2021-09-09 10:00:00,135.0,1.46475,10,3,9
Netherlands,2018-03-25 22:00:00,2018-03-26 00:00:00,44.12,0.47870199999999996,0,0,3
Netherlands,2019-04-07 14:00:00,2019-04-07 16:00:00,31.4,0.34069,16,6,4
Netherlands,2020-12-27 15:00:00,2020-12-27 16:00:00,42.0,0.4557,16,6,12
Netherlands,2021-02-11 08:00:00,2021-02-11 09:00:00,133.19,1.4451114999999999,9,3,2
Netherlands,2016-12-04 21:00:00,2016-12-04 22:00:00,39.94,0.433349,22,6,12
Netherlands,2016-12-09 22:00:00,2016-12-09 23:00:00,27.62,0.299677,23,4,12
Netherlands,2017-07-31 04:00:00,2017-07-31 06:00:00,32.15,0.3488275,6,0,7
Netherlands,2022-01-20 08:00:00,2022-01-20 09:00:00,219.0,2.37615,9,3,1
Netherlands,01/11/2023 21:00,2023-11-01 22:00:00,48.4,0.5251399999999999,22,2,11
Netherlands,2022-02-22 08:00:00,2022-02-22 09:00:00,182.75,1.9828374999999998,9,1,2
Netherlands,2015-10-27 17:00:00,2015-10-27 18:00:00,54.26,0.588721,18,1,10
Netherlands,2022-03-22 02:00:00,2022-03-22 03:00:00,206.36,2.239006,3,1,3
Netherlands,2015-06-17 05:00:00,2015-06-17 07:00:00,51.42,0.557907,7,2,6
Netherlands,2019-03-16 10:00:00,2019-03-16 11:00:00,37.4,0.40579,11,5,3
Netherlands,2015-01-12 10:00:00,2015-01-12 11:00:00,45.38,0.492373,11,0,1
Netherlands,05/01/2024 11:00,2024-01-05 12:00:00,92.29,1.0013465,12,4,1
Netherlands,31/07/2024 13:00,2024-07-31 15:00:00,30.6,0.33200999999999997,15,2,7
Netherlands,2023-01-07 20:00:00,2023-01-07 21:00:00,62.98,0.683333,21,5,1
Netherlands,2022-01-18 05:00:00,2022-01-18 06:00:00,229.1,2.4857349999999996,6,1,1
Netherlands,2020-09-05 05:00:00,2020-09-05 07:00:00,34.2,0.37107,7,5,9
Netherlands,31/07/2024 07:00,2024-07-31 09:00:00,78.83,0.8553054999999999,9,2,7
Netherlands,2016-04-28 17:00:00,2016-04-28 19:00:00,38.43,0.4169655,19,3,4
Netherlands,24/10/2024 09:00,2024-10-24 11:00:00,89.03,0.9659755,11,3,10
Netherlands,2016-11-14 08:00:00,2016-11-14 09:00:00,74.94,0.8130989999999999,9,0,11
Netherlands,2018-12-08 07:00:00,2018-12-08 08:00:00,52.26,0.567021,8,5,12
Netherlands,2023-03-28 22:00:00,2023-03-29 00:00:00,96.65,1.0486525,0,2,3
Netherlands,2019-06-23 14:00:00,2019-06-23 16:00:00,24.59,0.26680149999999997,16,6,6
Netherlands,2020-02-08 12:00:00,2020-02-08 13:00:00,29.0,0.31465,13,5,2
Netherlands,2021-11-16 18:00:00,2021-11-16 19:00:00,279.1,3.028235,19,1,11
Netherlands,2017-01-24 17:00:00,2017-01-24 18:00:00,134.8,1.4625800000000002,18,1,1
Netherlands,2016-03-06 12:00:00,2016-03-06 13:00:00,19.14,0.20766900000000002,13,6,3
Netherlands,2023-06-06 19:00:00,2023-06-06 21:00:00,114.41,1.2413484999999997,21,1,6
Netherlands,2015-03-22 08:00:00,2015-03-22 09:00:00,24.44,0.26517399999999997,9,6,3
Netherlands,2021-07-23 20:00:00,2021-07-23 22:00:00,95.15,1.0323775,22,4,7
Netherlands,2020-07-05 09:00:00,2020-07-05 11:00:00,0.0,0.0,11,6,7
Netherlands,2016-11-14 02:00:00,2016-11-14 03:00:00,33.85,0.3672725,3,0,11
Netherlands,2020-03-21 05:00:00,2020-03-21 06:00:00,7.74,0.083979,6,5,3
Netherlands,08/10/2024 23:00,2024-10-09 01:00:00,52.05,0.5647424999999999,1,2,10
Netherlands,2021-01-14 19:00:00,2021-01-14 20:00:00,74.58,0.8091929999999999,20,3,1
Netherlands,2022-05-18 12:00:00,2022-05-18 14:00:00,158.94,1.724499,14,2,5
Netherlands,08/09/2024 00:00,2024-09-08 02:00:00,83.68,0.907928,2,6,9
Netherlands,2016-01-26 16:00:00,2016-01-26 17:00:00,32.87,0.35663949999999994,17,1,1
Netherlands,2023-02-09 20:00:00,2023-02-09 21:00:00,143.94,1.561749,21,3,2
Netherlands,2018-11-19 12:00:00,2018-11-19 13:00:00,53.3,0.578305,13,0,11
Netherlands,2017-01-30 15:00:00,2017-01-30 16:00:00,55.94,0.606949,16,0,1
Netherlands,2019-06-06 06:00:00,2019-06-06 08:00:00,42.91,0.4655735,8,3,6
Netherlands,30/10/2024 00:00,2024-10-30 01:00:00,95.3,1.0340049999999998,1,2,10
Netherlands,21/10/2024 02:00,2024-10-21 04:00:00,0.0,0.0,4,0,10
Netherlands,2018-10-30 12:00:00,2018-10-30 13:00:00,60.0,0.651,13,1,10
Netherlands,2021-08-04 16:00:00,2021-08-04 18:00:00,106.77,1.1584544999999997,18,2,8
Netherlands,2018-10-29 20:00:00,2018-10-29 21:00:00,52.0,0.5641999999999999,21,0,10
Netherlands,2019-12-18 02:00:00,2019-12-18 03:00:00,26.83,0.29110549999999996,3,2,12
Netherlands,2017-10-03 23:00:00,2017-10-04 01:00:00,29.2,0.31682,1,2,10
Netherlands,2021-01-08 23:00:00,2021-01-09 00:00:00,50.67,0.5497695,0,5,1
Netherlands,2016-05-29 12:00:00,2016-05-29 14:00:00,22.69,0.2461865,14,6,5
Netherlands,2018-07-01 05:00:00,2018-07-01 07:00:00,37.4,0.40579,7,6,7
Netherlands,25/05/2024 09:00,2024-05-25 11:00:00,9.34,0.101339,11,5,5
Netherlands,2016-03-01 13:00:00,2016-03-01 14:00:00,26.62,0.288827,14,1,3
Netherlands,2022-05-16 20:00:00,2022-05-16 22:00:00,240.2,2.6061699999999997,22,0,5
Netherlands,2015-09-30 01:00:00,2015-09-30 03:00:00,28.7,0.311395,3,2,9
Netherlands,2020-05-18 09:00:00,2020-05-18 11:00:00,14.4,0.15624000000000002,11,0,5
Netherlands,2017-04-07 18:00:00,2017-04-07 20:00:00,39.96,0.43356599999999995,20,4,4
Netherlands,2020-08-23 11:00:00,2020-08-23 13:00:00,2.28,0.024737999999999996,13,6,8
Netherlands,2018-08-14 18:00:00,2018-08-14 20:00:00,63.44,0.6883239999999999,20,1,8
Netherlands,2020-12-09 17:00:00,2020-12-09 18:00:00,105.39,1.1434814999999998,18,2,12
Netherlands,2017-03-01 07:00:00,2017-03-01 08:00:00,42.08,0.456568,8,2,3
Netherlands,2023-05-21 23:00:00,2023-05-22 01:00:00,80.06,0.868651,1,0,5
Netherlands,15/03/2024 01:00,2024-03-15 02:00:00,44.47,0.48249949999999997,2,4,3
Netherlands,2019-12-04 09:00:00,2019-12-04 10:00:00,57.4,0.62279,10,2,12
Netherlands,2017-02-12 16:00:00,2017-02-12 17:00:00,36.0,0.39059999999999995,17,6,2
Netherlands,2019-01-26 21:00:00,2019-01-26 22:00:00,44.04,0.477834,22,5,1
Netherlands,2022-01-14 02:00:00,2022-01-14 03:00:00,155.92,1.6917319999999998,3,4,1
Netherlands,2015-02-10 19:00:00,2015-02-10 20:00:00,51.66,0.560511,20,1,2
Netherlands,2017-08-02 09:00:00,2017-08-02 11:00:00,35.14,0.381269,11,2,8
Netherlands,2020-09-29 12:00:00,2020-09-29 14:00:00,52.24,0.566804,14,1,9
Netherlands,2022-06-25 18:00:00,2022-06-25 20:00:00,327.17,3.5497945,20,5,6
Netherlands,2018-04-08 12:00:00,2018-04-08 14:00:00,18.0,0.19529999999999997,14,6,4
Netherlands,2017-12-27 21:00:00,2017-12-27 22:00:00,42.24,0.45830400000000004,22,2,12
Netherlands,2017-12-18 18:00:00,2017-12-18 19:00:00,53.07,0.5758095,19,0,12
Netherlands,2019-03-22 15:00:00,2019-03-22 16:00:00,37.78,0.409913,16,4,3
Netherlands,2016-06-10 12:00:00,2016-06-10 14:00:00,49.5,0.537075,14,4,6
Netherlands,2015-12-28 02:00:00,2015-12-28 03:00:00,16.01,0.17370850000000002,3,0,12
Netherlands,2017-08-29 11:00:00,2017-08-29 13:00:00,32.1,0.348285,13,1,8
Netherlands,2015-03-03 13:00:00,2015-03-03 14:00:00,46.08,0.49996799999999997,14,1,3
Netherlands,2018-12-06 15:00:00,2018-12-06 16:00:00,63.09,0.6845265,16,3,12
Netherlands,2015-11-26 00:00:00,2015-11-26 01:00:00,33.28,0.361088,1,3,11
Netherlands,2016-03-30 02:00:00,2016-03-30 04:00:00,20.18,0.218953,4,2,3
Netherlands,2020-06-05 23:00:00,2020-06-06 01:00:00,5.65,0.0613025,1,5,6
Netherlands,2015-04-19 00:00:00,2015-04-19 02:00:00,23.29,0.2526965,2,6,4
Netherlands,2018-10-09 03:00:00,2018-10-09 05:00:00,53.6,0.58156,5,1,10
Netherlands,2021-09-06 23:00:00,2021-09-07 01:00:00,112.0,1.2152,1,1,9
Netherlands,2016-05-04 16:00:00,2016-05-04 18:00:00,28.96,0.314216,18,2,5
Netherlands,2017-04-05 17:00:00,2017-04-05 19:00:00,32.69,0.35468649999999996,19,2,4
Netherlands,28/07/2024 02:00,2024-07-28 04:00:00,80.55,0.8739675,4,6,7
Netherlands,2021-01-03 13:00:00,2021-01-03 14:00:00,52.65,0.5712524999999999,14,6,1
Netherlands,2016-05-10 11:00:00,2016-05-10 13:00:00,27.17,0.2947945,13,1,5
Netherlands,2015-01-16 02:00:00,2015-01-16 03:00:00,24.8,0.26908,3,4,1
Netherlands,2020-08-26 12:00:00,2020-08-26 14:00:00,22.0,0.2387,14,2,8
Netherlands,2019-10-13 07:00:00,2019-10-13 09:00:00,26.58,0.28839299999999995,9,6,10
Netherlands,2016-07-15 08:00:00,2016-07-15 10:00:00,36.96,0.40101600000000004,10,4,7
Netherlands,12/02/2024 16:00,2024-02-12 17:00:00,90.69,0.9839865,17,0,2
Netherlands,2017-08-17 20:00:00,2017-08-17 22:00:00,36.87,0.4000395,22,3,8
Netherlands,2018-05-03 09:00:00,2018-05-03 11:00:00,61.22,0.664237,11,3,5
Netherlands,24/06/2024 05:00,2024-06-24 07:00:00,129.35,1.4034475,7,0,6
Netherlands,12/09/2024 01:00,2024-09-12 03:00:00,80.76,0.876246,3,3,9
Netherlands,2017-06-29 10:00:00,2017-06-29 12:00:00,45.99,0.49899150000000003,12,3,6
Netherlands,15/05/2024 11:00,2024-05-15 13:00:00,-1.31,-0.0142135,13,2,5
Netherlands,2016-01-03 08:00:00,2016-01-03 09:00:00,23.1,0.250635,9,6,1
Netherlands,2018-08-01 07:00:00,2018-08-01 09:00:00,62.0,0.6727,9,2,8
Netherlands,2020-09-27 09:00:00,2020-09-27 11:00:00,34.26,0.37172099999999997,11,6,9
Netherlands,05/12/2024 18:00,2024-12-05 19:00:00,115.21,1.2500285,19,3,12
Netherlands,2022-03-04 09:00:00,2022-03-04 10:00:00,348.0,3.7758,10,4,3
Netherlands,2016-07-12 00:00:00,2016-07-12 02:00:00,26.31,0.2854635,2,1,7
Netherlands,2021-07-15 06:00:00,2021-07-15 08:00:00,103.12,1.1188520000000002,8,3,7
Netherlands,2017-02-14 23:00:00,2017-02-15 00:00:00,33.17,0.3598945,0,2,2
Netherlands,13/12/2023 04:00,2023-12-13 05:00:00,75.57,0.8199344999999998,5,2,12
Netherlands,2016-08-04 16:00:00,2016-08-04 18:00:00,34.58,0.375193,18,3,8
Netherlands,2016-12-20 14:00:00,2016-12-20 15:00:00,59.89,0.6498065000000001,15,1,12
Netherlands,2021-09-03 01:00:00,2021-09-03 03:00:00,99.6,1.08066,3,4,9
Netherlands,2019-04-23 02:00:00,2019-04-23 04:00:00,37.75,0.4095875,4,1,4
Netherlands,2017-05-10 10:00:00,2017-05-10 12:00:00,40.24,0.436604,12,2,5
Netherlands,2022-09-08 13:00:00,2022-09-08 15:00:00,393.01,4.2641585,15,3,9
Netherlands,2017-07-24 03:00:00,2017-07-24 05:00:00,33.24,0.360654,5,0,7
Netherlands,2018-01-31 13:00:00,2018-01-31 14:00:00,35.69,0.3872365,14,2,1
Netherlands,2020-02-08 05:00:00,2020-02-08 06:00:00,22.34,0.242389,6,5,2
Netherlands,15/06/2024 06:00,2024-06-15 08:00:00,0.0,0.0,8,5,6
Netherlands,2018-08-31 19:00:00,2018-08-31 21:00:00,70.38,0.7636229999999999,21,4,8
Netherlands,2019-06-26 20:00:00,2019-06-26 22:00:00,36.7,0.39819499999999997,22,2,6
Netherlands,2019-05-14 16:00:00,2019-05-14 18:00:00,43.95,0.4768575,18,1,5
Netherlands,2023-06-17 02:00:00,2023-06-17 04:00:00,111.07,1.2051094999999998,4,5,6
Netherlands,2017-09-26 06:00:00,2017-09-26 08:00:00,55.2,0.59892,8,1,9
Netherlands,2019-03-07 23:00:00,2019-03-08 00:00:00,34.0,0.36889999999999995,0,4,3
Netherlands,2020-08-23 19:00:00,2020-08-23 21:00:00,38.87,0.4217395,21,6,8
Netherlands,06/04/2024 16:00,2024-04-06 18:00:00,55.92,0.6067319999999999,18,5,4
Netherlands,2018-09-22 22:00:00,2018-09-23 00:00:00,66.44,0.7208739999999999,0,6,9
Netherlands,2017-11-26 08:00:00,2017-11-26 09:00:00,50.1,0.543585,9,6,11
Netherlands,2016-03-28 07:00:00,2016-03-28 09:00:00,23.77,0.2579045,9,0,3
Netherlands,2018-07-22 15:00:00,2018-07-22 17:00:00,48.0,0.5207999999999999,17,6,7
Netherlands,2017-09-22 16:00:00,2017-09-22 18:00:00,45.92,0.498232,18,4,9
Netherlands,2016-05-14 08:00:00,2016-05-14 10:00:00,25.31,0.2746135,10,5,5
Netherlands,2015-10-26 17:00:00,2015-10-26 18:00:00,55.35,0.6005475,18,0,10
Netherlands,2016-07-10 18:00:00,2016-07-10 20:00:00,36.0,0.39059999999999995,20,6,7
Netherlands,16/04/2024 11:00,2024-04-16 13:00:00,33.57,0.36423449999999996,13,1,4
Netherlands,15/06/2024 09:00,2024-06-15 11:00:00,-28.99,-0.3145415,11,5,6
Netherlands,2020-03-04 03:00:00,2020-03-04 04:00:00,26.8,0.29078,4,2,3
Netherlands,07/03/2024 11:00,2024-03-07 12:00:00,60.62,0.657727,12,3,3
Netherlands,2016-08-29 18:00:00,2016-08-29 20:00:00,39.14,0.42466899999999996,20,0,8
Netherlands,10/07/2024 22:00,2024-07-11 00:00:00,95.91,1.0406235,0,3,7
Netherlands,2019-03-29 21:00:00,2019-03-29 22:00:00,42.75,0.46383749999999996,22,4,3
Netherlands,2016-09-23 22:00:00,2016-09-24 00:00:00,25.8,0.27993,0,5,9
Netherlands,2020-07-28 19:00:00,2020-07-28 21:00:00,36.65,0.39765249999999996,21,1,7
Netherlands,2015-11-29 02:00:00,2015-11-29 03:00:00,32.11,0.34839349999999997,3,6,11
Netherlands,2020-06-28 06:00:00,2020-06-28 08:00:00,13.36,0.144956,8,6,6
Netherlands,2019-06-05 13:00:00,2019-06-05 15:00:00,38.01,0.41240849999999996,15,2,6
Netherlands,2020-03-22 06:00:00,2020-03-22 07:00:00,5.68,0.061627999999999995,7,6,3
Netherlands,16/06/2024 00:00,2024-06-16 02:00:00,4.92,0.053382,2,6,6
Netherlands,2021-10-28 09:00:00,2021-10-28 11:00:00,149.92,1.6266319999999999,11,3,10
Netherlands,15/10/2023 04:00,2023-10-15 06:00:00,5.79,0.0628215,6,6,10
Netherlands,2015-09-14 08:00:00,2015-09-14 10:00:00,53.95,0.5853575,10,0,9
Netherlands,21/07/2024 10:00,2024-07-21 12:00:00,0.02,0.000217,12,6,7
Netherlands,2016-05-21 00:00:00,2016-05-21 02:00:00,22.6,0.24521,2,5,5
Netherlands,2022-12-21 08:00:00,2022-12-21 09:00:00,269.84,2.927764,9,2,12
Netherlands,2023-08-27 04:00:00,2023-08-27 06:00:00,96.31,1.0449635000000002,6,6,8
Netherlands,2019-11-07 00:00:00,2019-11-07 01:00:00,35.95,0.3900575,1,3,11
Netherlands,01/06/2024 14:00,2024-06-01 16:00:00,10.32,0.11197199999999999,16,5,6
Netherlands,09/02/2024 07:00,2024-02-09 08:00:00,67.89,0.7366064999999999,8,4,2
Netherlands,2020-12-27 16:00:00,2020-12-27 17:00:00,69.0,0.7486499999999999,17,6,12
Netherlands,2019-12-19 07:00:00,2019-12-19 08:00:00,42.95,0.4660075,8,3,12
Netherlands,2020-04-12 02:00:00,2020-04-12 04:00:00,15.35,0.1665475,4,6,4
Netherlands,2020-09-29 22:00:00,2020-09-30 00:00:00,33.52,0.363692,0,2,9
Netherlands,2016-10-22 03:00:00,2016-10-22 05:00:00,35.61,0.3863685,5,5,10
Netherlands,2018-06-24 02:00:00,2018-06-24 04:00:00,34.32,0.37237200000000004,4,6,6
Netherlands,2020-11-28 04:00:00,2020-11-28 05:00:00,42.48,0.460908,5,5,11
Netherlands,2016-01-21 03:00:00,2016-01-21 04:00:00,26.59,0.28850149999999997,4,3,1
Netherlands,2015-10-06 19:00:00,2015-10-06 21:00:00,41.16,0.446586,21,1,10
Netherlands,2018-03-17 11:00:00,2018-03-17 12:00:00,53.56,0.581126,12,5,3
Netherlands,2016-06-18 12:00:00,2016-06-18 14:00:00,25.9,0.28101499999999996,14,5,6
Netherlands,2018-02-16 06:00:00,2018-02-16 07:00:00,50.25,0.5452125,7,4,2
Netherlands,2022-12-13 09:00:00,2022-12-13 10:00:00,486.27,5.2760295,10,1,12
Netherlands,2015-08-29 19:00:00,2015-08-29 21:00:00,54.0,0.5859,21,5,8
Netherlands,2019-12-24 14:00:00,2019-12-24 15:00:00,36.31,0.3939635,15,1,12
Netherlands,14/09/2024 13:00,2024-09-14 15:00:00,0.54,0.005859,15,5,9
Netherlands,01/11/2023 20:00,2023-11-01 21:00:00,39.83,0.43215549999999997,21,2,11
Netherlands,05/12/2024 08:00,2024-12-05 09:00:00,131.78,1.4298129999999998,9,3,12
Netherlands,2018-07-28 13:00:00,2018-07-28 15:00:00,41.81,0.4536385,15,5,7
Netherlands,2016-11-10 13:00:00,2016-11-10 14:00:00,65.75,0.7133875,14,3,11
Netherlands,16/05/2024 04:00,2024-05-16 06:00:00,81.06,0.879501,6,3,5
Netherlands,2017-10-29 12:00:00,2017-10-29 13:00:00,44.41,0.48184849999999996,13,6,10
Netherlands,2022-08-10 13:00:00,2022-08-10 15:00:00,262.6,2.8492100000000002,15,2,8
Netherlands,2022-06-27 23:00:00,2022-06-28 01:00:00,273.56,2.968126,1,1,6
Netherlands,2016-09-18 16:00:00,2016-09-18 18:00:00,32.54,0.35305899999999996,18,6,9
Netherlands,2020-11-05 12:00:00,2020-11-05 13:00:00,34.26,0.37172099999999997,13,3,11
Netherlands,2020-08-09 00:00:00,2020-08-09 02:00:00,28.0,0.3038,2,6,8
Netherlands,2016-06-06 01:00:00,2016-06-06 03:00:00,22.41,0.2431485,3,0,6
Netherlands,20/08/2024 01:00,2024-08-20 03:00:00,86.23,0.9355955,3,1,8
Netherlands,2017-05-09 13:00:00,2017-05-09 15:00:00,36.2,0.39277000000000006,15,1,5
Netherlands,2019-06-22 04:00:00,2019-06-22 06:00:00,29.48,0.31985800000000003,6,5,6
Netherlands,2018-10-14 20:00:00,2018-10-14 22:00:00,54.9,0.595665,22,6,10
Netherlands,2020-03-01 04:00:00,2020-03-01 05:00:00,5.99,0.06499150000000001,5,6,3
Netherlands,2017-01-07 03:00:00,2017-01-07 04:00:00,29.56,0.320726,4,5,1
Netherlands,2017-12-31 17:00:00,2017-12-31 18:00:00,38.0,0.4123,18,6,12
Netherlands,2023-01-26 13:00:00,2023-01-26 14:00:00,127.96,1.388366,14,3,1
Netherlands,21/12/2023 15:00,2023-12-21 16:00:00,73.4,0.7963899999999999,16,3,12
Netherlands,2020-04-11 06:00:00,2020-04-11 08:00:00,24.58,0.26669299999999996,8,5,4
Netherlands,2023-08-23 07:00:00,2023-08-23 09:00:00,136.5,1.4810249999999998,9,2,8
Netherlands,2022-03-21 19:00:00,2022-03-21 20:00:00,258.41,2.8037485,20,0,3
Netherlands,2020-07-06 18:00:00,2020-07-06 20:00:00,34.51,0.3744335,20,0,7
Netherlands,08/11/2024 04:00,2024-11-08 05:00:00,97.63,1.0592854999999999,5,4,11
Netherlands,2016-10-18 23:00:00,2016-10-19 01:00:00,29.5,0.320075,1,2,10
Netherlands,2015-06-25 21:00:00,2015-06-25 23:00:00,49.94,0.5418489999999999,23,3,6
Netherlands,2016-06-04 07:00:00,2016-06-04 09:00:00,28.98,0.314433,9,5,6
Netherlands,2017-02-20 16:00:00,2017-02-20 17:00:00,38.0,0.4123,17,0,2
Netherlands,05/04/2024 11:00,2024-04-05 13:00:00,0.0,0.0,13,4,4
Netherlands,2018-03-04 11:00:00,2018-03-04 12:00:00,89.9,0.975415,12,6,3
Netherlands,2022-07-04 14:00:00,2022-07-04 16:00:00,158.48,1.7195079999999998,16,0,7
Netherlands,2017-05-13 20:00:00,2017-05-13 22:00:00,40.0,0.434,22,5,5
Netherlands,2019-09-10 22:00:00,2019-09-11 00:00:00,31.25,0.3390625,0,2,9
Netherlands,2018-11-18 03:00:00,2018-11-18 04:00:00,45.75,0.4963875,4,6,11
Netherlands,2016-03-16 04:00:00,2016-03-16 05:00:00,22.11,0.23989349999999998,5,2,3
Netherlands,2018-09-01 00:00:00,2018-09-01 02:00:00,55.56,0.602826,2,5,9
Netherlands,2017-08-04 10:00:00,2017-08-04 12:00:00,35.0,0.37975,12,4,8
Netherlands,2019-09-11 09:00:00,2019-09-11 11:00:00,33.94,0.368249,11,2,9
Netherlands,2019-08-17 09:00:00,2019-08-17 11:00:00,31.94,0.346549,11,5,8
Netherlands,2019-01-01 07:00:00,2019-01-01 08:00:00,44.8,0.4860799999999999,8,1,1
Netherlands,2021-06-28 02:00:00,2021-06-28 04:00:00,69.15,0.7502775,4,0,6
Netherlands,2018-02-15 22:00:00,2018-02-15 23:00:00,37.4,0.40579,23,3,2
Netherlands,2018-09-23 12:00:00,2018-09-23 14:00:00,47.64,0.516894,14,6,9
Netherlands,2019-01-01 13:00:00,2019-01-01 14:00:00,49.92,0.541632,14,1,1
Netherlands,2019-03-02 20:00:00,2019-03-02 21:00:00,39.9,0.43291499999999994,21,5,3
Netherlands,2017-05-04 02:00:00,2017-05-04 04:00:00,28.3,0.307055,4,3,5
Netherlands,16/12/2024 19:00,2024-12-16 20:00:00,77.99,0.8461914999999999,20,0,12
Netherlands,2019-07-26 14:00:00,2019-07-26 16:00:00,42.95,0.4660075,16,4,7
Netherlands,2015-04-30 19:00:00,2015-04-30 21:00:00,50.2,0.54467,21,3,4
Netherlands,2021-04-11 10:00:00,2021-04-11 12:00:00,55.0,0.59675,12,6,4
Netherlands,2022-07-23 18:00:00,2022-07-23 20:00:00,387.0,4.19895,20,5,7
Netherlands,2016-06-08 11:00:00,2016-06-08 13:00:00,27.6,0.29946,13,2,6
Netherlands,2022-05-19 15:00:00,2022-05-19 17:00:00,224.02,2.4306170000000002,17,3,5
Netherlands,2019-02-17 18:00:00,2019-02-17 19:00:00,50.07,0.5432595,19,6,2
Netherlands,2022-03-30 19:00:00,2022-03-30 21:00:00,234.31,2.5422635000000002,21,2,3
Netherlands,2023-08-13 15:00:00,2023-08-13 17:00:00,72.26,0.7840210000000001,17,6,8
Netherlands,2016-06-09 09:00:00,2016-06-09 11:00:00,41.4,0.44919,11,3,6
Netherlands,2018-01-08 19:00:00,2018-01-08 20:00:00,42.15,0.4573275,20,0,1
Netherlands,2021-10-24 01:00:00,2021-10-24 03:00:00,114.59,1.2433015,3,6,10
Netherlands,2017-03-25 09:00:00,2017-03-25 10:00:00,29.28,0.31768799999999997,10,5,3
Netherlands,2020-01-16 16:00:00,2020-01-16 17:00:00,43.08,0.46741799999999994,17,3,1
Netherlands,2023-02-08 04:00:00,2023-02-08 05:00:00,149.1,1.617735,5,2,2
Netherlands,25/08/2024 11:00,2024-08-25 13:00:00,-19.37,-0.2101645,13,6,8
Netherlands,2016-01-28 23:00:00,2016-01-29 00:00:00,21.1,0.228935,0,4,1
Netherlands,2022-08-19 11:00:00,2022-08-19 13:00:00,483.1,5.2416350000000005,13,4,8
Netherlands,2016-10-16 18:00:00,2016-10-16 20:00:00,37.29,0.40459649999999997,20,6,10
Netherlands,04/01/2025 09:00,2025-01-04 10:00:00,130.34,1.4141890000000001,10,5,1
Netherlands,2021-06-28 22:00:00,2021-06-29 00:00:00,81.03,0.8791754999999999,0,1,6
Netherlands,2019-06-10 00:00:00,2019-06-10 02:00:00,27.78,0.301413,2,0,6
Netherlands,2017-04-17 08:00:00,2017-04-17 10:00:00,29.6,0.32116,10,0,4
Netherlands,17/08/2024 05:00,2024-08-17 07:00:00,98.23,1.0657955,7,5,8
Netherlands,2016-03-19 23:00:00,2016-03-20 00:00:00,29.0,0.31465,0,6,3
Netherlands,2017-08-12 20:00:00,2017-08-12 22:00:00,37.53,0.40720049999999997,22,5,8
Netherlands,2015-09-21 01:00:00,2015-09-21 03:00:00,30.65,0.3325525,3,0,9
Netherlands,2020-10-15 09:00:00,2020-10-15 11:00:00,41.0,0.44484999999999997,11,3,10
Netherlands,2021-02-20 23:00:00,2021-02-21 00:00:00,19.11,0.2073435,0,6,2
Netherlands,10/08/2024 00:00,2024-08-10 02:00:00,91.93,0.9974405000000001,2,5,8
Netherlands,2019-11-23 18:00:00,2019-11-23 19:00:00,39.9,0.43291499999999994,19,5,11
Netherlands,2015-01-28 21:00:00,2015-01-28 22:00:00,45.0,0.48825,22,2,1
Netherlands,2015-03-17 11:00:00,2015-03-17 12:00:00,46.03,0.4994255,12,1,3
Netherlands,2022-06-05 02:00:00,2022-06-05 04:00:00,114.12,1.238202,4,6,6
Netherlands,2021-08-22 11:00:00,2021-08-22 13:00:00,75.41,0.8181984999999999,13,6,8
Netherlands,2016-11-26 00:00:00,2016-11-26 01:00:00,32.79,0.3557715,1,5,11
Netherlands,2020-05-06 09:00:00,2020-05-06 11:00:00,20.34,0.220689,11,2,5
Netherlands,2016-09-27 04:00:00,2016-09-27 06:00:00,41.15,0.44647749999999997,6,1,9
Netherlands,17/10/2024 02:00,2024-10-17 04:00:00,10.01,0.1086085,4,3,10
Netherlands,2019-08-23 13:00:00,2019-08-23 15:00:00,31.57,0.34253449999999996,15,4,8
Netherlands,2023-04-24 17:00:00,2023-04-24 19:00:00,134.57,1.4600845,19,0,4
Netherlands,2016-12-28 11:00:00,2016-12-28 12:00:00,59.2,0.64232,12,2,12
Netherlands,2021-08-23 00:00:00,2021-08-23 02:00:00,75.7,0.821345,2,0,8
Netherlands,2018-05-12 19:00:00,2018-05-12 21:00:00,40.0,0.434,21,5,5
Netherlands,2016-08-08 04:00:00,2016-08-08 06:00:00,17.85,0.19367250000000003,6,0,8
Netherlands,2015-05-24 20:00:00,2015-05-24 22:00:00,39.94,0.433349,22,6,5
Netherlands,2016-04-16 18:00:00,2016-04-16 20:00:00,23.7,0.25714499999999996,20,5,4
Netherlands,2018-10-21 21:00:00,2018-10-21 23:00:00,49.9,0.541415,23,6,10
Netherlands,10/05/2024 06:00,2024-05-10 08:00:00,95.6,1.03726,8,4,5
Netherlands,12/12/2024 19:00,2024-12-12 20:00:00,285.37,3.0962644999999998,20,3,12
Netherlands,2023-07-06 11:00:00,2023-07-06 13:00:00,69.23,0.7511455,13,3,7
Netherlands,2019-10-07 20:00:00,2019-10-07 22:00:00,38.86,0.421631,22,0,10
Netherlands,2018-01-19 20:00:00,2018-01-19 21:00:00,37.84,0.41056400000000004,21,4,1
Netherlands,2022-05-18 13:00:00,2022-05-18 15:00:00,175.19,1.9008115,15,2,5
Netherlands,2015-02-05 22:00:00,2015-02-05 23:00:00,35.67,0.3870195,23,3,2
Netherlands,2017-09-03 11:00:00,2017-09-03 13:00:00,29.9,0.32441499999999995,13,6,9
Netherlands,2015-09-21 18:00:00,2015-09-21 20:00:00,44.94,0.48759899999999995,20,0,9
Netherlands,2022-04-27 00:00:00,2022-04-27 02:00:00,196.36,2.130506,2,2,4
Netherlands,2016-04-04 15:00:00,2016-04-04 17:00:00,29.25,0.3173625,17,0,4
Netherlands,2022-02-21 21:00:00,2022-02-21 22:00:00,154.9,1.6806649999999999,22,0,2
Netherlands,2016-07-01 05:00:00,2016-07-01 07:00:00,33.58,0.364343,7,4,7
Netherlands,2018-05-22 02:00:00,2018-05-22 04:00:00,32.59,0.35360150000000007,4,1,5
Netherlands,2018-01-07 19:00:00,2018-01-07 20:00:00,31.44,0.34112400000000004,20,6,1
Netherlands,2015-12-07 22:00:00,2015-12-07 23:00:00,32.06,0.347851,23,0,12
Netherlands,2017-04-15 14:00:00,2017-04-15 16:00:00,28.0,0.3038,16,5,4
Netherlands,2020-11-07 03:00:00,2020-11-07 04:00:00,32.4,0.35153999999999996,4,5,11
Netherlands,2015-10-01 02:00:00,2015-10-01 04:00:00,29.4,0.31898999999999994,4,3,10
Netherlands,2022-08-30 07:00:00,2022-08-30 09:00:00,755.52,8.197392,9,1,8
Netherlands,2022-03-17 05:00:00,2022-03-17 06:00:00,223.2,2.4217199999999997,6,3,3
Netherlands,2016-06-12 07:00:00,2016-06-12 09:00:00,23.01,0.2496585,9,6,6
Netherlands,2015-12-03 11:00:00,2015-12-03 12:00:00,50.0,0.5425,12,3,12
Netherlands,2018-02-13 10:00:00,2018-02-13 11:00:00,38.31,0.4156635,11,1,2
Netherlands,2018-03-25 04:00:00,2018-03-25 06:00:00,38.0,0.4123,6,6,3
Netherlands,2016-04-10 22:00:00,2016-04-11 00:00:00,19.38,0.210273,0,0,4
Netherlands,28/05/2024 10:00,2024-05-28 12:00:00,51.33,0.5569304999999999,12,1,5
Netherlands,2015-12-03 22:00:00,2015-12-03 23:00:00,32.72,0.355012,23,3,12
Netherlands,2023-03-22 21:00:00,2023-03-22 22:00:00,99.9,1.083915,22,2,3
Netherlands,2015-10-22 21:00:00,2015-10-22 23:00:00,31.7,0.343945,23,3,10
Netherlands,2023-09-26 16:00:00,2023-09-26 18:00:00,171.24,1.8579539999999999,18,1,9
Netherlands,2019-11-23 16:00:00,2019-11-23 17:00:00,61.43,0.6665154999999999,17,5,11
Netherlands,27/09/2024 19:00,2024-09-27 21:00:00,44.72,0.485212,21,4,9
Netherlands,19/10/2024 18:00,2024-10-19 20:00:00,95.45,1.0356325,20,5,10
Netherlands,2019-09-27 01:00:00,2019-09-27 03:00:00,24.8,0.26908,3,4,9
Netherlands,2020-11-17 05:00:00,2020-11-17 06:00:00,37.09,0.4024265,6,1,11
Netherlands,2019-03-11 06:00:00,2019-03-11 07:00:00,47.96,0.520366,7,0,3
Netherlands,2015-05-14 08:00:00,2015-05-14 10:00:00,33.84,0.36716400000000005,10,3,5
Netherlands,2022-12-26 10:00:00,2022-12-26 11:00:00,59.0,0.64015,11,0,12
Netherlands,2017-08-24 04:00:00,2017-08-24 06:00:00,36.45,0.3954825,6,3,8
Netherlands,2023-01-29 05:00:00,2023-01-29 06:00:00,125.84,1.365364,6,6,1
Netherlands,2020-11-04 13:00:00,2020-11-04 14:00:00,43.72,0.47436199999999995,14,2,11
Netherlands,2015-03-12 04:00:00,2015-03-12 05:00:00,36.71,0.3983035,5,3,3
Netherlands,2015-09-17 16:00:00,2015-09-17 18:00:00,42.44,0.46047399999999994,18,3,9
Netherlands,2022-06-15 14:00:00,2022-06-15 16:00:00,158.57,1.7204844999999998,16,2,6
Netherlands,2022-09-08 02:00:00,2022-09-08 04:00:00,379.23,4.1146455,4,3,9
Netherlands,2018-11-12 22:00:00,2018-11-12 23:00:00,51.0,0.55335,23,0,11
Netherlands,2021-05-09 20:00:00,2021-05-09 22:00:00,55.98,0.6073829999999999,22,6,5
Netherlands,2021-06-08 18:00:00,2021-06-08 20:00:00,99.32,1.0776219999999999,20,1,6
Netherlands,2021-03-18 21:00:00,2021-03-18 22:00:00,57.0,0.6184499999999999,22,3,3
Netherlands,06/01/2025 07:00,2025-01-06 08:00:00,72.0,0.7811999999999999,8,0,1
Netherlands,2016-02-01 05:00:00,2016-02-01 06:00:00,23.93,0.2596405,6,0,2
Netherlands,11/06/2024 11:00,2024-06-11 13:00:00,1.84,0.019964,13,1,6
Netherlands,04/06/2024 15:00,2024-06-04 17:00:00,57.09,0.6194265,17,1,6
Netherlands,2022-09-04 01:00:00,2022-09-04 03:00:00,202.71,2.1994035,3,6,9
Netherlands,2020-12-28 16:00:00,2020-12-28 17:00:00,56.98,0.6182329999999999,17,0,12
Netherlands,2017-09-19 05:00:00,2017-09-19 07:00:00,50.02,0.542717,7,1,9
Netherlands,2016-04-22 21:00:00,2016-04-22 23:00:00,25.04,0.271684,23,4,4
Netherlands,2017-06-23 12:00:00,2017-06-23 14:00:00,33.41,0.3624985,14,4,6
Netherlands,2021-10-08 03:00:00,2021-10-08 05:00:00,174.12,1.889202,5,4,10
Netherlands,16/01/2024 17:00,2024-01-16 18:00:00,122.1,1.3247849999999999,18,1,1
Netherlands,2018-02-28 04:00:00,2018-02-28 05:00:00,44.8,0.4860799999999999,5,2,2
Netherlands,2020-02-07 13:00:00,2020-02-07 14:00:00,32.53,0.3529505,14,4,2
Netherlands,2021-12-16 04:00:00,2021-12-16 05:00:00,266.49,2.8914164999999996,5,3,12
Netherlands,2015-09-12 00:00:00,2015-09-12 02:00:00,29.94,0.324849,2,5,9
Netherlands,2023-08-29 02:00:00,2023-08-29 04:00:00,95.05,1.0312925,4,1,8
Netherlands,2019-12-15 08:00:00,2019-12-15 09:00:00,34.15,0.37052749999999995,9,6,12
Netherlands,2022-11-20 08:00:00,2022-11-20 09:00:00,215.03,2.3330755,9,6,11
Netherlands,2015-12-27 00:00:00,2015-12-27 01:00:00,23.07,0.25030949999999996,1,6,12
Netherlands,2020-08-28 07:00:00,2020-08-28 09:00:00,48.0,0.5207999999999999,9,4,8
Netherlands,2018-12-16 14:00:00,2018-12-16 15:00:00,65.1,0.7063349999999999,15,6,12
Netherlands,2023-09-23 18:00:00,2023-09-23 20:00:00,145.0,1.57325,20,5,9
Netherlands,2017-09-18 15:00:00,2017-09-18 17:00:00,45.61,0.4948685,17,0,9
Netherlands,07/01/2024 13:00,2024-01-07 14:00:00,84.34,0.915089,14,6,1
Netherlands,2019-04-24 17:00:00,2019-04-24 19:00:00,46.48,0.504308,19,2,4
Netherlands,2020-03-16 15:00:00,2020-03-16 16:00:00,30.77,0.3338545,16,0,3
Netherlands,2015-12-21 08:00:00,2015-12-21 09:00:00,40.5,0.439425,9,0,12
Netherlands,2022-05-09 14:00:00,2022-05-09 16:00:00,190.63,2.0683355,16,0,5
Netherlands,2016-10-21 05:00:00,2016-10-21 07:00:00,37.69,0.4089365,7,4,10
Netherlands,2020-01-08 00:00:00,2020-01-08 01:00:00,25.77,0.2796045,1,2,1
Netherlands,2023-06-25 17:00:00,2023-06-25 19:00:00,122.85,1.3329225,19,6,6
Netherlands,2019-06-04 21:00:00,2019-06-04 23:00:00,28.01,0.3039085,23,1,6
Netherlands,2021-10-21 12:00:00,2021-10-21 14:00:00,150.0,1.6275,14,3,10
Netherlands,2019-03-24 09:00:00,2019-03-24 10:00:00,33.78,0.366513,10,6,3
Netherlands,12/12/2023 20:00,2023-12-12 21:00:00,88.14,0.9563189999999999,21,1,12
Netherlands,2021-09-14 00:00:00,2021-09-14 02:00:00,113.83,1.2350554999999999,2,1,9
Netherlands,2022-07-31 01:00:00,2022-07-31 03:00:00,293.05,3.1795925,3,6,7
Netherlands,23/10/2024 20:00,2024-10-23 22:00:00,102.93,1.1167905,22,2,10
Netherlands,2018-10-10 10:00:00,2018-10-10 12:00:00,62.02,0.672917,12,2,10
Netherlands,2019-12-21 10:00:00,2019-12-21 11:00:00,36.32,0.394072,11,5,12
Netherlands,2020-01-12 18:00:00,2020-01-12 19:00:00,46.47,0.5041994999999999,19,6,1
Netherlands,2022-11-02 07:00:00,2022-11-02 08:00:00,123.44,1.3393239999999997,8,2,11
Netherlands,2019-04-30 22:00:00,2019-05-01 00:00:00,38.0,0.4123,0,2,5
Netherlands,2021-03-17 04:00:00,2021-03-17 05:00:00,46.55,0.5050674999999999,5,2,3
Netherlands,2022-05-21 07:00:00,2022-05-21 09:00:00,141.0,1.52985,9,5,5
Netherlands,2022-01-07 09:00:00,2022-01-07 10:00:00,240.0,2.604,10,4,1
Netherlands,2022-05-20 02:00:00,2022-05-20 04:00:00,189.56,2.0567260000000003,4,4,5
Netherlands,2016-01-19 23:00:00,2016-01-20 00:00:00,27.22,0.295337,0,2,1
Netherlands,13/09/2024 23:00,2024-09-14 01:00:00,107.6,1.1674599999999997,1,5,9
Netherlands,2018-10-06 05:00:00,2018-10-06 07:00:00,62.37,0.6767144999999999,7,5,10
Netherlands,2017-12-24 17:00:00,2017-12-24 18:00:00,49.9,0.541415,18,6,12
Netherlands,2022-04-13 03:00:00,2022-04-13 05:00:00,212.32,2.303672,5,2,4
Netherlands,2021-01-18 08:00:00,2021-01-18 09:00:00,70.1,0.760585,9,0,1
Netherlands,2019-08-15 16:00:00,2019-08-15 18:00:00,35.76,0.387996,18,3,8
Netherlands,2015-12-09 18:00:00,2015-12-09 19:00:00,39.28,0.426188,19,2,12
Netherlands,2015-06-18 14:00:00,2015-06-18 16:00:00,48.46,0.5257909999999999,16,3,6
Netherlands,2019-01-15 18:00:00,2019-01-15 19:00:00,51.07,0.5541095,19,1,1
Netherlands,2021-10-18 20:00:00,2021-10-18 22:00:00,181.42,1.9684069999999998,22,0,10
Netherlands,2018-01-06 01:00:00,2018-01-06 02:00:00,28.18,0.305753,2,5,1
Netherlands,2021-03-12 18:00:00,2021-03-12 19:00:00,57.9,0.628215,19,4,3
Netherlands,2023-01-28 04:00:00,2023-01-28 05:00:00,122.82,1.332597,5,5,1
Netherlands,2021-11-09 04:00:00,2021-11-09 05:00:00,148.05,1.6063425,5,1,11
Netherlands,2019-05-01 17:00:00,2019-05-01 19:00:00,39.4,0.4274899999999999,19,2,5
Netherlands,2017-05-22 14:00:00,2017-05-22 16:00:00,36.2,0.39277000000000006,16,0,5
Netherlands,2016-06-14 06:00:00,2016-06-14 08:00:00,40.0,0.434,8,1,6
Netherlands,2019-08-19 14:00:00,2019-08-19 16:00:00,27.28,0.295988,16,0,8
Netherlands,2018-02-18 02:00:00,2018-02-18 03:00:00,36.08,0.391468,3,6,2
Netherlands,2023-09-29 09:00:00,2023-09-29 11:00:00,87.37,0.9479645000000001,11,4,9
Netherlands,2021-08-03 12:00:00,2021-08-03 14:00:00,85.48,0.927458,14,1,8
Netherlands,2016-07-23 21:00:00,2016-07-23 23:00:00,52.27,0.5671295,23,5,7
Netherlands,2015-09-24 15:00:00,2015-09-24 17:00:00,57.19,0.6205115,17,3,9
Netherlands,2020-08-24 16:00:00,2020-08-24 18:00:00,55.87,0.6061894999999999,18,0,8
Netherlands,2019-05-12 20:00:00,2019-05-12 22:00:00,44.1,0.478485,22,6,5
Netherlands,2016-05-16 12:00:00,2016-05-16 14:00:00,20.98,0.227633,14,0,5
Netherlands,2016-06-17 09:00:00,2016-06-17 11:00:00,62.18,0.6746530000000001,11,4,6
Netherlands,2019-12-05 03:00:00,2019-12-05 04:00:00,35.56,0.385826,4,3,12
Netherlands,09/03/2024 08:00,2024-03-09 09:00:00,48.12,0.522102,9,5,3
Netherlands,19/06/2024 22:00,2024-06-20 00:00:00,86.09,0.9340765,0,3,6
Netherlands,2018-08-29 12:00:00,2018-08-29 14:00:00,78.11,0.8474934999999999,14,2,8
Netherlands,2020-04-12 05:00:00,2020-04-12 07:00:00,16.0,0.1736,7,6,4
Netherlands,2019-02-05 08:00:00,2019-02-05 09:00:00,75.19,0.8158114999999999,9,1,2
Netherlands,2017-03-15 16:00:00,2017-03-15 17:00:00,41.0,0.44484999999999997,17,2,3
Netherlands,2016-08-12 19:00:00,2016-08-12 21:00:00,28.99,0.3145415,21,4,8
Netherlands,2022-06-13 19:00:00,2022-06-13 21:00:00,225.51,2.4467835,21,0,6
Netherlands,2015-02-26 22:00:00,2015-02-26 23:00:00,43.8,0.47523,23,3,2
Netherlands,2019-03-04 17:00:00,2019-03-04 18:00:00,44.52,0.483042,18,0,3
Netherlands,2017-07-16 22:00:00,2017-07-17 00:00:00,31.47,0.3414495,0,0,7
Netherlands,2019-10-05 02:00:00,2019-10-05 04:00:00,29.6,0.32116,4,5,10
Netherlands,2016-11-26 08:00:00,2016-11-26 09:00:00,46.76,0.507346,9,5,11
Netherlands,2017-04-16 06:00:00,2017-04-16 08:00:00,32.57,0.3533845,8,6,4
Netherlands,2017-11-04 17:00:00,2017-11-04 18:00:00,50.25,0.5452125,18,5,11
Netherlands,2021-05-01 00:00:00,2021-05-01 02:00:00,61.08,0.6627179999999999,2,5,5
Netherlands,2019-04-08 16:00:00,2019-04-08 18:00:00,45.05,0.48879249999999996,18,0,4
Netherlands,2018-02-27 01:00:00,2018-02-27 02:00:00,49.9,0.541415,2,1,2
Netherlands,2015-12-21 06:00:00,2015-12-21 07:00:00,34.03,0.3692255,7,0,12
Netherlands,2016-09-18 22:00:00,2016-09-19 00:00:00,24.72,0.268212,0,0,9
Netherlands,2022-01-29 17:00:00,2022-01-29 18:00:00,272.0,2.9511999999999996,18,5,1
Netherlands,2015-12-08 11:00:00,2015-12-08 12:00:00,34.0,0.36889999999999995,12,1,12
Netherlands,2022-07-10 14:00:00,2022-07-10 16:00:00,100.0,1.085,16,6,7
Netherlands,04/03/2024 00:00,2024-03-04 01:00:00,67.9,0.736715,1,0,3
Netherlands,2017-03-02 05:00:00,2017-03-02 06:00:00,32.06,0.347851,6,3,3
Netherlands,2016-04-14 20:00:00,2016-04-14 22:00:00,28.33,0.3073805,22,3,4
Netherlands,29/10/2024 04:00,2024-10-29 05:00:00,107.05,1.1614924999999998,5,1,10
Netherlands,2023-08-20 16:00:00,2023-08-20 18:00:00,112.0,1.2152,18,6,8
Netherlands,2021-07-09 02:00:00,2021-07-09 04:00:00,75.24,0.8163539999999999,4,4,7
Netherlands,22/10/2024 12:00,2024-10-22 14:00:00,71.93,0.7804405000000001,14,1,10
Netherlands,2021-01-31 17:00:00,2021-01-31 18:00:00,63.88,0.693098,18,6,1
Netherlands,2018-05-11 19:00:00,2018-05-11 21:00:00,55.38,0.6008730000000001,21,4,5
Netherlands,2020-02-15 04:00:00,2020-02-15 05:00:00,22.95,0.2490075,5,5,2
Netherlands,2017-01-04 21:00:00,2017-01-04 22:00:00,33.33,0.36163049999999997,22,2,1
Netherlands,2019-12-10 02:00:00,2019-12-10 03:00:00,31.45,0.34123249999999994,3,1,12
Netherlands,2019-07-25 17:00:00,2019-07-25 19:00:00,69.58,0.754943,19,3,7
Netherlands,2023-08-25 18:00:00,2023-08-25 20:00:00,150.0,1.6275,20,4,8
Netherlands,2018-04-02 20:00:00,2018-04-02 22:00:00,53.46,0.5800409999999999,22,0,4
Netherlands,2020-11-26 22:00:00,2020-11-26 23:00:00,45.17,0.4900945,23,3,11
Netherlands,2016-05-12 19:00:00,2016-05-12 21:00:00,32.03,0.34752550000000004,21,3,5
Netherlands,2018-01-16 16:00:00,2018-01-16 17:00:00,53.0,0.57505,17,1,1
Netherlands,2022-12-05 16:00:00,2022-12-05 17:00:00,444.98,4.8280330000000005,17,0,12
Netherlands,2020-11-22 06:00:00,2020-11-22 07:00:00,37.09,0.4024265,7,6,11
Netherlands,2019-08-11 19:00:00,2019-08-11 21:00:00,41.96,0.455266,21,6,8
Netherlands,2021-03-30 11:00:00,2021-03-30 13:00:00,41.79,0.4534215,13,1,3
Netherlands,06/12/2023 17:00,2023-12-06 18:00:00,165.28,1.793288,18,2,12
Netherlands,2017-02-13 17:00:00,2017-02-13 18:00:00,51.0,0.55335,18,0,2
Netherlands,2021-06-16 16:00:00,2021-06-16 18:00:00,102.53,1.1124505,18,2,6
Netherlands,2021-11-14 02:00:00,2021-11-14 03:00:00,155.63,1.6885854999999999,3,6,11
Netherlands,2022-04-04 15:00:00,2022-04-04 17:00:00,272.8,2.95988,17,0,4
Netherlands,2015-07-03 10:00:00,2015-07-03 12:00:00,73.7,0.7996449999999999,12,4,7
Netherlands,2015-05-06 22:00:00,2015-05-07 00:00:00,30.9,0.335265,0,3,5
Netherlands,2020-02-24 01:00:00,2020-02-24 02:00:00,34.4,0.37323999999999996,2,0,2
Netherlands,2017-11-13 23:00:00,2017-11-14 00:00:00,36.7,0.39819499999999997,0,1,11
Netherlands,2022-06-04 13:00:00,2022-06-04 15:00:00,33.54,0.363909,15,5,6
Netherlands,2015-05-18 20:00:00,2015-05-18 22:00:00,47.44,0.514724,22,0,5
Netherlands,2016-11-19 06:00:00,2016-11-19 07:00:00,44.88,0.48694800000000005,7,5,11
Netherlands,2020-11-01 01:00:00,2020-11-01 02:00:00,20.03,0.2173255,2,6,11
Netherlands,2021-07-29 19:00:00,2021-07-29 21:00:00,95.98,1.041383,21,3,7
Netherlands,2017-08-29 08:00:00,2017-08-29 10:00:00,38.97,0.4228245,10,1,8
Netherlands,2021-06-01 11:00:00,2021-06-01 13:00:00,56.12,0.6089019999999999,13,1,6
Netherlands,05/12/2024 05:00,2024-12-05 06:00:00,91.3,0.990605,6,3,12
Netherlands,2021-08-29 03:00:00,2021-08-29 05:00:00,66.9,0.725865,5,6,8
Netherlands,2021-02-11 19:00:00,2021-02-11 20:00:00,74.33,0.8064805,20,3,2
Netherlands,2022-01-02 18:00:00,2022-01-02 19:00:00,99.9,1.083915,19,6,1
Netherlands,2018-04-05 22:00:00,2018-04-06 00:00:00,37.0,0.40145,0,4,4
Netherlands,2022-03-30 08:00:00,2022-03-30 10:00:00,232.0,2.5172,10,2,3
Netherlands,2019-05-29 20:00:00,2019-05-29 22:00:00,40.77,0.44235450000000004,22,2,5
Netherlands,2015-01-30 05:00:00,2015-01-30 06:00:00,38.3,0.41555499999999995,6,4,1
Netherlands,2016-01-04 13:00:00,2016-01-04 14:00:00,34.94,0.37909899999999996,14,0,1
Netherlands,2022-12-14 00:00:00,2022-12-14 01:00:00,272.05,2.9517425,1,2,12
Netherlands,2019-01-07 07:00:00,2019-01-07 08:00:00,74.15,0.8045275000000001,8,0,1
Netherlands,2019-04-13 12:00:00,2019-04-13 14:00:00,37.11,0.4026435,14,5,4
Netherlands,2018-06-01 08:00:00,2018-06-01 10:00:00,86.18,0.935053,10,4,6
Netherlands,2017-08-17 06:00:00,2017-08-17 08:00:00,40.14,0.435519,8,3,8
Netherlands,2018-05-12 17:00:00,2018-05-12 19:00:00,40.0,0.434,19,5,5
Netherlands,22/11/2023 14:00,2023-11-22 15:00:00,120.0,1.302,15,2,11
Netherlands,19/11/2024 10:00,2024-11-19 11:00:00,152.81,1.6579884999999999,11,1,11
Netherlands,2021-10-24 08:00:00,2021-10-24 10:00:00,99.42,1.0787069999999999,10,6,10
Netherlands,2021-12-26 09:00:00,2021-12-26 10:00:00,199.35,2.1629474999999996,10,6,12
Netherlands,2017-03-18 18:00:00,2017-03-18 19:00:00,43.61,0.4731685,19,5,3
Netherlands,2015-04-09 10:00:00,2015-04-09 12:00:00,40.49,0.4393165,12,3,4
Netherlands,2015-01-06 07:00:00,2015-01-06 08:00:00,44.94,0.48759899999999995,8,1,1
Netherlands,2021-11-10 21:00:00,2021-11-10 22:00:00,169.9,1.843415,22,2,11
Netherlands,2016-10-01 11:00:00,2016-10-01 13:00:00,25.01,0.2713585,13,5,10
Netherlands,2019-06-13 21:00:00,2019-06-13 23:00:00,41.03,0.4451755,23,3,6
Netherlands,2021-03-17 09:00:00,2021-03-17 10:00:00,57.51,0.6239834999999999,10,2,3
Netherlands,2017-09-08 04:00:00,2017-09-08 06:00:00,32.96,0.357616,6,4,9
Netherlands,2022-08-21 10:00:00,2022-08-21 12:00:00,97.31,1.0558135,12,6,8
Netherlands,2021-01-18 13:00:00,2021-01-18 14:00:00,53.0,0.57505,14,0,1
Netherlands,12/12/2024 20:00,2024-12-12 21:00:00,169.4,1.83799,21,3,12
Netherlands,2021-03-24 19:00:00,2021-03-24 20:00:00,73.58,0.7983429999999999,20,2,3
Netherlands,2017-03-18 02:00:00,2017-03-18 03:00:00,23.17,0.2513945,3,5,3
Netherlands,2022-10-01 06:00:00,2022-10-01 08:00:00,210.0,2.2785,8,5,10
Netherlands,2019-02-16 04:00:00,2019-02-16 05:00:00,40.0,0.434,5,5,2
Netherlands,2016-02-10 03:00:00,2016-02-10 04:00:00,16.69,0.1810865,4,2,2
Netherlands,09/11/2023 06:00,2023-11-09 07:00:00,120.06,1.302651,7,3,11
Netherlands,2016-12-09 03:00:00,2016-12-09 04:00:00,27.46,0.29794099999999996,4,4,12
Netherlands,2016-11-19 12:00:00,2016-11-19 13:00:00,40.1,0.435085,13,5,11
Netherlands,2021-08-22 18:00:00,2021-08-22 20:00:00,97.96,1.062866,20,6,8
Netherlands,2018-08-16 13:00:00,2018-08-16 15:00:00,51.19,0.5554115,15,3,8
Netherlands,2023-01-28 01:00:00,2023-01-28 02:00:00,133.32,1.4465219999999999,2,5,1
Netherlands,2017-08-29 18:00:00,2017-08-29 20:00:00,49.98,0.5422829999999998,20,1,8
Netherlands,2020-02-17 06:00:00,2020-02-17 07:00:00,30.06,0.32615099999999997,7,0,2
Netherlands,2017-07-24 07:00:00,2017-07-24 09:00:00,48.23,0.5232954999999999,9,0,7
Netherlands,2018-12-14 04:00:00,2018-12-14 05:00:00,55.65,0.6038025,5,4,12
Netherlands,2018-03-26 18:00:00,2018-03-26 20:00:00,62.41,0.6771484999999999,20,0,3
Netherlands,2018-12-05 18:00:00,2018-12-05 19:00:00,62.02,0.672917,19,2,12
Netherlands,2018-10-18 13:00:00,2018-10-18 15:00:00,53.79,0.5836215,15,3,10
Netherlands,2015-01-27 00:00:00,2015-01-27 01:00:00,32.09,0.34817650000000006,1,1,1
Netherlands,2019-03-23 00:00:00,2019-03-23 01:00:00,34.94,0.37909899999999996,1,5,3
Netherlands,2020-08-30 00:00:00,2020-08-30 02:00:00,32.08,0.348068,2,6,8
Netherlands,2021-11-08 00:00:00,2021-11-08 01:00:00,189.0,2.05065,1,0,11
Netherlands,17/02/2024 11:00,2024-02-17 12:00:00,58.24,0.631904,12,5,2
Netherlands,2018-08-06 17:00:00,2018-08-06 19:00:00,90.67,0.9837695,19,0,8
Netherlands,2021-07-18 21:00:00,2021-07-18 23:00:00,91.13,0.9887604999999998,23,6,7
Netherlands,2022-07-31 05:00:00,2022-07-31 07:00:00,264.8,2.87308,7,6,7
Netherlands,2022-07-28 20:00:00,2022-07-28 22:00:00,497.63,5.3992854999999995,22,3,7
Netherlands,2017-01-07 17:00:00,2017-01-07 18:00:00,57.44,0.6232239999999999,18,5,1
Netherlands,2021-02-28 09:00:00,2021-02-28 10:00:00,38.9,0.422065,10,6,2
Netherlands,2016-11-01 06:00:00,2016-11-01 07:00:00,41.93,0.45494049999999997,7,1,11
Netherlands,2020-05-19 05:00:00,2020-05-19 07:00:00,24.99,0.2711414999999999,7,1,5
Netherlands,29/05/2024 12:00,2024-05-29 14:00:00,32.21,0.34947849999999997,14,2,5
Netherlands,2016-08-17 18:00:00,2016-08-17 20:00:00,36.45,0.3954825,20,2,8
Netherlands,2018-01-19 10:00:00,2018-01-19 11:00:00,48.42,0.525357,11,4,1
Netherlands,2017-08-31 03:00:00,2017-08-31 05:00:00,30.06,0.32615099999999997,5,3,8
Netherlands,17/09/2024 11:00,2024-09-17 13:00:00,28.0,0.3038,13,1,9
Netherlands,2016-05-03 02:00:00,2016-05-03 04:00:00,21.85,0.23707250000000002,4,1,5
Netherlands,16/12/2024 09:00,2024-12-16 10:00:00,100.1,1.0860849999999997,10,0,12
Netherlands,2020-07-13 23:00:00,2020-07-14 01:00:00,29.79,0.3232215,1,1,7
Netherlands,2015-01-25 06:00:00,2015-01-25 07:00:00,35.11,0.3809435,7,6,1
Netherlands,2021-07-31 07:00:00,2021-07-31 09:00:00,36.03,0.3909255,9,5,7
Netherlands,09/06/2024 12:00,2024-06-09 14:00:00,-45.78,-0.496713,14,6,6
Netherlands,2020-11-12 01:00:00,2020-11-12 02:00:00,31.16,0.338086,2,3,11
Netherlands,2021-07-27 01:00:00,2021-07-27 03:00:00,72.58,0.7874929999999999,3,1,7
Netherlands,2019-11-21 06:00:00,2019-11-21 07:00:00,55.44,0.601524,7,3,11
Netherlands,2017-04-30 18:00:00,2017-04-30 20:00:00,40.55,0.43996749999999996,20,6,4
Netherlands,2016-08-06 14:00:00,2016-08-06 16:00:00,23.36,0.253456,16,5,8
Netherlands,2015-12-23 14:00:00,2015-12-23 15:00:00,37.44,0.406224,15,2,12
Netherlands,2023-09-02 20:00:00,2023-09-02 22:00:00,105.64,1.146194,22,5,9
Netherlands,2018-09-24 01:00:00,2018-09-24 03:00:00,42.7,0.463295,3,0,9
Netherlands,2015-09-15 20:00:00,2015-09-15 22:00:00,37.49,0.40676650000000003,22,1,9
Netherlands,19/10/2023 22:00,2023-10-20 00:00:00,77.59,0.8418515,0,4,10
Netherlands,2016-11-13 04:00:00,2016-11-13 05:00:00,36.44,0.39537399999999995,5,6,11
Netherlands,24/09/2024 23:00,2024-09-25 01:00:00,77.0,0.8354499999999999,1,2,9
Netherlands,26/06/2024 13:00,2024-06-26 15:00:00,90.49,0.9818164999999999,15,2,6
Netherlands,2016-09-30 14:00:00,2016-09-30 16:00:00,31.19,0.3384115,16,4,9
Netherlands,2016-01-28 13:00:00,2016-01-28 14:00:00,27.16,0.294686,14,3,1
Netherlands,04/08/2024 16:00,2024-08-04 18:00:00,72.15,0.7828275,18,6,8
Netherlands,2023-05-07 03:00:00,2023-05-07 05:00:00,86.85,0.9423224999999998,5,6,5
Netherlands,2021-05-10 18:00:00,2021-05-10 20:00:00,90.12,0.9778020000000001,20,0,5
Netherlands,2016-11-15 12:00:00,2016-11-15 13:00:00,55.4,0.6010899999999999,13,1,11
Netherlands,2020-09-28 09:00:00,2020-09-28 11:00:00,51.72,0.5611619999999999,11,0,9
Netherlands,2021-12-11 03:00:00,2021-12-11 04:00:00,201.6,2.1873599999999995,4,5,12
Netherlands,2016-12-15 14:00:00,2016-12-15 15:00:00,59.94,0.650349,15,3,12
Netherlands,2022-01-03 03:00:00,2022-01-03 04:00:00,-1.0,-0.01085,4,0,1
Netherlands,2015-04-22 22:00:00,2015-04-23 00:00:00,31.67,0.3436195,0,3,4
Netherlands,2021-11-05 20:00:00,2021-11-05 21:00:00,174.7,1.895495,21,4,11
Netherlands,06/08/2024 07:00,2024-08-06 09:00:00,73.69,0.7995365,9,1,8
Netherlands,2021-03-05 18:00:00,2021-03-05 19:00:00,65.37,0.7092645,19,4,3
Netherlands,2021-12-18 22:00:00,2021-12-18 23:00:00,338.0,3.6672999999999996,23,5,12
Netherlands,2015-12-23 07:00:00,2015-12-23 08:00:00,35.0,0.37975,8,2,12
Netherlands,2017-05-19 23:00:00,2017-05-20 01:00:00,33.93,0.3681405,1,5,5
Netherlands,2020-01-23 17:00:00,2020-01-23 18:00:00,68.64,0.7447440000000001,18,3,1
Netherlands,2017-04-19 15:00:00,2017-04-19 17:00:00,36.89,0.4002565,17,2,4
Netherlands,2022-04-08 11:00:00,2022-04-08 13:00:00,230.0,2.4955,13,4,4
Netherlands,2023-06-25 16:00:00,2023-06-25 18:00:00,105.09,1.1402265,18,6,6
Netherlands,2019-06-26 01:00:00,2019-06-26 03:00:00,35.81,0.3885385,3,2,6
Netherlands,2022-06-27 12:00:00,2022-06-27 14:00:00,240.0,2.604,14,0,6
Netherlands,2021-03-15 04:00:00,2021-03-15 05:00:00,42.4,0.46003999999999995,5,0,3
Netherlands,2021-07-04 12:00:00,2021-07-04 14:00:00,69.26,0.751471,14,6,7
Netherlands,2020-02-01 19:00:00,2020-02-01 20:00:00,27.99,0.30369149999999995,20,5,2
Netherlands,2018-02-16 13:00:00,2018-02-16 14:00:00,39.14,0.42466899999999996,14,4,2
Netherlands,2018-09-27 00:00:00,2018-09-27 02:00:00,66.41,0.7205485,2,3,9
Netherlands,2018-01-17 21:00:00,2018-01-17 22:00:00,37.0,0.40145,22,2,1
Netherlands,2022-08-28 09:00:00,2022-08-28 11:00:00,219.43,2.3808155,11,6,8
Netherlands,13/03/2024 07:00,2024-03-13 08:00:00,89.8,0.9743299999999999,8,2,3
Netherlands,2021-03-14 05:00:00,2021-03-14 06:00:00,42.0,0.4557,6,6,3
Netherlands,2017-05-22 07:00:00,2017-05-22 09:00:00,38.82,0.421197,9,0,5
Netherlands,2023-02-26 01:00:00,2023-02-26 02:00:00,119.9,1.300915,2,6,2
Netherlands,06/06/2024 01:00,2024-06-06 03:00:00,74.65,0.8099525,3,3,6
Netherlands,2019-12-31 09:00:00,2019-12-31 10:00:00,47.76,0.5181959999999999,10,1,12
Netherlands,2016-09-14 19:00:00,2016-09-14 21:00:00,30.81,0.3342885,21,2,9
Netherlands,18/11/2024 16:00,2024-11-18 17:00:00,159.7,1.732745,17,0,11
Netherlands,2015-05-15 06:00:00,2015-05-15 08:00:00,41.0,0.44484999999999997,8,4,5
Netherlands,2019-07-28 03:00:00,2019-07-28 05:00:00,26.8,0.29078,5,6,7
Netherlands,2015-02-22 00:00:00,2015-02-22 01:00:00,39.26,0.42597099999999993,1,6,2
Netherlands,2015-08-25 13:00:00,2015-08-25 15:00:00,38.67,0.4195695,15,1,8
Netherlands,2019-05-22 07:00:00,2019-05-22 09:00:00,48.37,0.5248145,9,2,5
Netherlands,2015-07-13 21:00:00,2015-07-13 23:00:00,46.92,0.509082,23,0,7
Netherlands,2022-12-25 03:00:00,2022-12-25 04:00:00,85.7,0.929845,4,6,12
Netherlands,2018-09-06 16:00:00,2018-09-06 18:00:00,73.89,0.8017065,18,3,9
Netherlands,2021-08-11 15:00:00,2021-08-11 17:00:00,104.47,1.1334994999999999,17,2,8
Netherlands,20/08/2024 00:00,2024-08-20 02:00:00,86.77,0.9414545,2,1,8
Netherlands,2019-02-02 10:00:00,2019-02-02 11:00:00,59.15,0.6417774999999999,11,5,2
Netherlands,2015-08-06 07:00:00,2015-08-06 09:00:00,44.0,0.4774,9,3,8
Netherlands,2019-10-07 05:00:00,2019-10-07 07:00:00,56.49,0.6129165000000001,7,0,10
Netherlands,2018-08-27 14:00:00,2018-08-27 16:00:00,52.37,0.5682145,16,0,8
Netherlands,2018-02-11 10:00:00,2018-02-11 11:00:00,30.99,0.33624149999999997,11,6,2
Netherlands,2016-08-31 16:00:00,2016-08-31 18:00:00,39.93,0.4332405,18,2,8
Netherlands,2018-09-18 00:00:00,2018-09-18 02:00:00,44.46,0.482391,2,1,9
Netherlands,2022-04-20 10:00:00,2022-04-20 12:00:00,157.5,1.708875,12,2,4
Netherlands,28/07/2024 01:00,2024-07-28 03:00:00,81.53,0.8846005,3,6,7
Netherlands,2020-07-03 11:00:00,2020-07-03 13:00:00,23.63,0.2563855,13,4,7
Netherlands,2023-01-13 22:00:00,2023-01-13 23:00:00,97.29,1.0555965,23,4,1
Netherlands,2017-10-14 12:00:00,2017-10-14 14:00:00,30.5,0.330925,14,5,10
Netherlands,2018-08-20 06:00:00,2018-08-20 08:00:00,64.46,0.699391,8,0,8
Netherlands,2023-06-05 09:00:00,2023-06-05 11:00:00,70.08,0.7603679999999999,11,0,6
Netherlands,2019-08-03 00:00:00,2019-08-03 02:00:00,36.84,0.399714,2,5,8
Netherlands,2022-06-28 23:00:00,2022-06-29 01:00:00,261.27,2.8347795,1,2,6
Netherlands,2015-10-10 13:00:00,2015-10-10 15:00:00,30.82,0.334397,15,5,10
Netherlands,2020-12-24 11:00:00,2020-12-24 12:00:00,48.23,0.5232954999999999,12,3,12
Netherlands,2018-07-12 09:00:00,2018-07-12 11:00:00,58.3,0.632555,11,3,7
Netherlands,2021-08-28 06:00:00,2021-08-28 08:00:00,90.01,0.9766085000000001,8,5,8
Netherlands,2017-06-04 02:00:00,2017-06-04 04:00:00,25.5,0.276675,4,6,6
Netherlands,25/03/2024 07:00,2024-03-25 08:00:00,99.68,1.081528,8,0,3
Netherlands,2021-11-23 21:00:00,2021-11-23 22:00:00,184.2,1.9985699999999997,22,1,11
Netherlands,2022-01-18 20:00:00,2022-01-18 21:00:00,172.8,1.87488,21,1,1
Netherlands,2020-10-20 04:00:00,2020-10-20 06:00:00,34.83,0.37790549999999995,6,1,10
Netherlands,2018-09-08 09:00:00,2018-09-08 11:00:00,67.9,0.736715,11,5,9
Netherlands,2016-03-20 12:00:00,2016-03-20 13:00:00,27.44,0.297724,13,6,3
Netherlands,2023-06-28 21:00:00,2023-06-28 23:00:00,121.1,1.3139349999999999,23,2,6
Netherlands,2021-10-22 03:00:00,2021-10-22 05:00:00,73.05,0.7925924999999999,5,4,10
Netherlands,2021-02-27 06:00:00,2021-02-27 07:00:00,48.69,0.5282864999999999,7,5,2
Netherlands,2023-09-19 07:00:00,2023-09-19 09:00:00,82.86,0.8990309999999999,9,1,9
Netherlands,24/11/2024 12:00,2024-11-24 13:00:00,1.35,0.0146475,13,6,11
Netherlands,2017-05-15 14:00:00,2017-05-15 16:00:00,33.14,0.359569,16,0,5
Netherlands,2016-04-05 04:00:00,2016-04-05 06:00:00,27.84,0.30206399999999994,6,1,4
Netherlands,2017-02-07 03:00:00,2017-02-07 04:00:00,38.03,0.4126255,4,1,2
Netherlands,2019-02-27 01:00:00,2019-02-27 02:00:00,38.58,0.41859299999999994,2,2,2
Netherlands,15/06/2024 21:00,2024-06-15 23:00:00,40.72,0.441812,23,5,6
Netherlands,2023-08-16 16:00:00,2023-08-16 18:00:00,128.43,1.3934655,18,2,8
Netherlands,2016-03-19 01:00:00,2016-03-19 02:00:00,22.58,0.24499299999999996,2,5,3
Netherlands,2017-12-04 06:00:00,2017-12-04 07:00:00,42.4,0.46003999999999995,7,0,12
Netherlands,2017-02-11 19:00:00,2017-02-11 20:00:00,40.22,0.436387,20,5,2
Netherlands,2023-04-06 10:00:00,2023-04-06 12:00:00,109.36,1.186556,12,3,4
Netherlands,2021-02-15 21:00:00,2021-02-15 22:00:00,50.01,0.5426084999999999,22,0,2
Netherlands,2018-05-28 19:00:00,2018-05-28 21:00:00,66.3,0.7193549999999999,21,0,5
Netherlands,2019-08-18 00:00:00,2019-08-18 02:00:00,31.1,0.337435,2,6,8
Netherlands,2017-04-29 23:00:00,2017-04-30 01:00:00,31.67,0.3436195,1,6,4
Netherlands,2015-06-11 18:00:00,2015-06-11 20:00:00,41.79,0.4534215,20,3,6
Netherlands,16/03/2024 15:00,2024-03-16 16:00:00,54.1,0.586985,16,5,3
Netherlands,2015-02-27 04:00:00,2015-02-27 05:00:00,37.72,0.409262,5,4,2
Netherlands,2021-08-09 14:00:00,2021-08-09 16:00:00,56.95,0.6179075,16,0,8
Netherlands,2021-05-03 10:00:00,2021-05-03 12:00:00,52.99,0.5749415,12,0,5
Netherlands,2018-11-17 01:00:00,2018-11-17 02:00:00,54.8,0.5945799999999999,2,5,11
Netherlands,2023-09-13 08:00:00,2023-09-13 10:00:00,103.21,1.1198285,10,2,9
Netherlands,28/10/2024 17:00,2024-10-28 18:00:00,149.99,1.6273914999999999,18,0,10
Netherlands,2017-06-22 09:00:00,2017-06-22 11:00:00,53.41,0.5794984999999999,11,3,6
Netherlands,21/11/2024 13:00,2024-11-21 14:00:00,137.21,1.4887285,14,3,11
Netherlands,2017-10-14 23:00:00,2017-10-15 01:00:00,41.0,0.44484999999999997,1,6,10
Netherlands,2023-07-10 07:00:00,2023-07-10 09:00:00,117.95,1.2797574999999999,9,0,7
Netherlands,2017-10-27 12:00:00,2017-10-27 14:00:00,33.0,0.35805000000000003,14,4,10
Netherlands,2022-06-28 07:00:00,2022-06-28 09:00:00,330.0,3.5805,9,1,6
Netherlands,2020-02-07 08:00:00,2020-02-07 09:00:00,47.0,0.50995,9,4,2
Netherlands,2016-04-25 08:00:00,2016-04-25 10:00:00,32.44,0.351974,10,0,4
Netherlands,05/02/2024 22:00,2024-02-05 23:00:00,47.41,0.5143984999999999,23,0,2
Netherlands,2016-01-17 06:00:00,2016-01-17 07:00:00,23.09,0.2505265,7,6,1
Netherlands,20/09/2024 17:00,2024-09-20 19:00:00,147.21,1.5972285,19,4,9
Netherlands,2015-06-21 04:00:00,2015-06-21 06:00:00,23.78,0.258013,6,6,6
Netherlands,03/02/2024 20:00,2024-02-03 21:00:00,63.1,0.684635,21,5,2
Netherlands,2017-09-02 15:00:00,2017-09-02 17:00:00,32.99,0.3579415,17,5,9
Netherlands,2016-02-21 16:00:00,2016-02-21 17:00:00,16.06,0.174251,17,6,2
Netherlands,2017-09-28 14:00:00,2017-09-28 16:00:00,49.39,0.5358815,16,3,9
Netherlands,2015-09-19 02:00:00,2015-09-19 04:00:00,23.73,0.2574705,4,5,9
Netherlands,2017-08-23 16:00:00,2017-08-23 18:00:00,45.94,0.498449,18,2,8
Netherlands,2020-01-01 17:00:00,2020-01-01 18:00:00,44.05,0.47794249999999994,18,2,1
Netherlands,2018-05-08 19:00:00,2018-05-08 21:00:00,64.9,0.704165,21,1,5
Netherlands,12/08/2024 21:00,2024-08-12 23:00:00,99.99,1.0848915,23,0,8
Netherlands,06/02/2024 17:00,2024-02-06 18:00:00,99.26,1.076971,18,1,2
Netherlands,2018-03-09 09:00:00,2018-03-09 10:00:00,51.7,0.560945,10,4,3
Netherlands,2019-10-20 17:00:00,2019-10-20 19:00:00,51.06,0.554001,19,6,10
Netherlands,01/07/2024 12:00,2024-07-01 14:00:00,37.74,0.409479,14,0,7
Netherlands,2015-03-05 07:00:00,2015-03-05 08:00:00,64.98,0.705033,8,3,3
Netherlands,2017-07-31 05:00:00,2017-07-31 07:00:00,36.59,0.3970015,7,0,7
Netherlands,2020-09-10 11:00:00,2020-09-10 13:00:00,44.01,0.47750849999999995,13,3,9
Netherlands,2022-03-20 11:00:00,2022-03-20 12:00:00,-16.81,-0.18238849999999998,12,6,3
Netherlands,2021-09-12 13:00:00,2021-09-12 15:00:00,91.3,0.990605,15,6,9
Netherlands,21/01/2024 09:00,2024-01-21 10:00:00,59.09,0.6411264999999999,10,6,1
Netherlands,2022-04-04 16:00:00,2022-04-04 18:00:00,273.8,2.97073,18,0,4
Netherlands,25/03/2024 08:00,2024-03-25 09:00:00,74.15,0.8045275000000001,9,0,3
Netherlands,2020-12-31 14:00:00,2020-12-31 15:00:00,56.54,0.613459,15,3,12
Netherlands,06/11/2024 03:00,2024-11-06 04:00:00,98.83,1.0723055,4,2,11
Netherlands,2021-09-02 18:00:00,2021-09-02 20:00:00,169.33,1.8372305000000002,20,3,9
Netherlands,2021-11-02 03:00:00,2021-11-02 04:00:00,123.51,1.3400835,4,1,11
Netherlands,2015-01-05 10:00:00,2015-01-05 11:00:00,42.0,0.4557,11,0,1
Netherlands,2021-05-17 16:00:00,2021-05-17 18:00:00,77.96,0.8458659999999999,18,0,5
Netherlands,2016-07-15 01:00:00,2016-07-15 03:00:00,21.55,0.23381749999999998,3,4,7
Netherlands,2015-11-09 05:00:00,2015-11-09 06:00:00,37.01,0.4015585,6,0,11
Netherlands,2020-08-12 00:00:00,2020-08-12 02:00:00,21.49,0.2331665,2,2,8
Netherlands,2018-12-20 20:00:00,2018-12-20 21:00:00,52.9,0.573965,21,3,12
Netherlands,2016-11-08 01:00:00,2016-11-08 02:00:00,36.09,0.3915765,2,1,11
Netherlands,2019-07-07 14:00:00,2019-07-07 16:00:00,26.6,0.28861000000000003,16,6,7
Netherlands,2018-11-16 05:00:00,2018-11-16 06:00:00,63.81,0.6923385,6,4,11
Netherlands,2018-04-02 16:00:00,2018-04-02 18:00:00,36.2,0.39277000000000006,18,0,4
Netherlands,2017-07-27 19:00:00,2017-07-27 21:00:00,36.53,0.3963505,21,3,7
Netherlands,2018-12-29 02:00:00,2018-12-29 03:00:00,47.42,0.5145069999999999,3,5,12
Netherlands,18/12/2024 18:00,2024-12-18 19:00:00,85.2,0.9244199999999999,19,2,12
Netherlands,2021-01-29 16:00:00,2021-01-29 17:00:00,59.54,0.646009,17,4,1
Netherlands,2017-03-14 07:00:00,2017-03-14 08:00:00,47.1,0.511035,8,1,3
Netherlands,2015-05-20 12:00:00,2015-05-20 14:00:00,37.44,0.406224,14,2,5
Netherlands,2017-06-19 14:00:00,2017-06-19 16:00:00,39.51,0.4286835,16,0,6
Netherlands,2015-02-04 05:00:00,2015-02-04 06:00:00,42.64,0.462644,6,2,2
Netherlands,2015-07-06 04:00:00,2015-07-06 06:00:00,29.72,0.32246199999999997,6,0,7
Netherlands,2019-05-06 14:00:00,2019-05-06 16:00:00,41.16,0.446586,16,0,5
Netherlands,2017-05-26 08:00:00,2017-05-26 10:00:00,34.01,0.36900849999999996,10,4,5
Netherlands,2017-10-28 08:00:00,2017-10-28 10:00:00,55.0,0.59675,10,5,10
Netherlands,2015-04-04 13:00:00,2015-04-04 15:00:00,34.94,0.37909899999999996,15,5,4
Netherlands,2019-03-31 13:00:00,2019-03-31 15:00:00,10.1,0.10958499999999999,15,6,3
Netherlands,2017-01-06 00:00:00,2017-01-06 01:00:00,37.23,0.4039454999999999,1,4,1
Netherlands,2018-08-29 14:00:00,2018-08-29 16:00:00,75.04,0.8141840000000001,16,2,8
Netherlands,2020-04-26 10:00:00,2020-04-26 12:00:00,15.0,0.16275,12,6,4
Netherlands,2017-09-28 13:00:00,2017-09-28 15:00:00,49.39,0.5358815,15,3,9
Netherlands,2020-01-17 03:00:00,2020-01-17 04:00:00,26.01,0.28220850000000003,4,4,1
Netherlands,14/05/2024 07:00,2024-05-14 09:00:00,5.78,0.062713,9,1,5
Netherlands,2015-06-08 06:00:00,2015-06-08 08:00:00,46.91,0.5089735,8,0,6
Netherlands,2023-06-14 01:00:00,2023-06-14 03:00:00,86.25,0.9358125,3,2,6
Netherlands,2018-07-14 12:00:00,2018-07-14 14:00:00,43.64,0.47349399999999997,14,5,7
Netherlands,2018-09-19 00:00:00,2018-09-19 02:00:00,46.65,0.5061525,2,2,9
Netherlands,2018-04-19 16:00:00,2018-04-19 18:00:00,50.12,0.5438019999999999,18,3,4
Netherlands,2020-03-16 04:00:00,2020-03-16 05:00:00,22.4,0.24303999999999995,5,0,3
Netherlands,2021-09-30 09:00:00,2021-09-30 11:00:00,119.9,1.300915,11,3,9
Netherlands,2016-02-09 14:00:00,2016-02-09 15:00:00,26.97,0.29262449999999995,15,1,2
Netherlands,2020-08-01 21:00:00,2020-08-01 23:00:00,32.52,0.35284200000000004,23,5,8
Netherlands,2022-11-26 20:00:00,2022-11-26 21:00:00,213.37,2.3150645,21,5,11
Netherlands,2021-05-01 10:00:00,2021-05-01 12:00:00,53.13,0.5764605,12,5,5
Netherlands,23/09/2024 05:00,2024-09-23 07:00:00,203.73,2.2104705,7,0,9
Netherlands,2022-11-27 09:00:00,2022-11-27 10:00:00,198.46,2.1532910000000003,10,6,11
Netherlands,2022-07-06 15:00:00,2022-07-06 17:00:00,230.67,2.5027695,17,2,7
Netherlands,2018-08-17 23:00:00,2018-08-18 01:00:00,55.41,0.6011985,1,5,8
Netherlands,2016-10-21 09:00:00,2016-10-21 11:00:00,53.71,0.5827535,11,4,10
Netherlands,2016-06-23 10:00:00,2016-06-23 12:00:00,48.66,0.5279609999999999,12,3,6
Netherlands,2019-11-18 04:00:00,2019-11-18 05:00:00,34.0,0.36889999999999995,5,0,11
Netherlands,2019-12-09 12:00:00,2019-12-09 13:00:00,41.25,0.4475625,13,0,12
Netherlands,2023-04-27 20:00:00,2023-04-27 22:00:00,103.8,1.12623,22,3,4
Netherlands,2021-01-25 07:00:00,2021-01-25 08:00:00,75.62,0.820477,8,0,1
Netherlands,2016-08-04 02:00:00,2016-08-04 04:00:00,19.83,0.21515549999999997,4,3,8
Netherlands,2017-02-10 18:00:00,2017-02-10 19:00:00,46.37,0.5031144999999999,19,4,2
Netherlands,2023-04-26 20:00:00,2023-04-26 22:00:00,124.42,1.3499569999999999,22,2,4
Netherlands,2020-12-20 07:00:00,2020-12-20 08:00:00,36.98,0.40123299999999995,8,6,12
Netherlands,2018-08-29 03:00:00,2018-08-29 05:00:00,54.1,0.586985,5,2,8
Netherlands,2023-06-20 11:00:00,2023-06-20 13:00:00,89.9,0.975415,13,1,6
Netherlands,2018-05-14 06:00:00,2018-05-14 08:00:00,58.01,0.6294085,8,0,5
Netherlands,2016-07-22 13:00:00,2016-07-22 15:00:00,43.08,0.46741799999999994,15,4,7
Netherlands,2015-10-15 16:00:00,2015-10-15 18:00:00,38.0,0.4123,18,3,10
Netherlands,26/03/2024 22:00,2024-03-26 23:00:00,66.92,0.726082,23,1,3
Netherlands,2020-03-03 18:00:00,2020-03-03 19:00:00,56.9,0.617365,19,1,3
Netherlands,2022-03-16 14:00:00,2022-03-16 15:00:00,250.17,2.7143444999999997,15,2,3
Netherlands,2020-04-06 08:00:00,2020-04-06 10:00:00,14.54,0.15775899999999998,10,0,4
Netherlands,2018-03-20 05:00:00,2018-03-20 06:00:00,42.5,0.461125,6,1,3
Netherlands,2022-08-16 06:00:00,2022-08-16 08:00:00,451.5,4.898775,8,1,8
Netherlands,2017-05-10 20:00:00,2017-05-10 22:00:00,42.94,0.46589899999999995,22,2,5
Netherlands,28/01/2024 06:00,2024-01-28 07:00:00,58.98,0.639933,7,6,1
Netherlands,2017-06-27 18:00:00,2017-06-27 20:00:00,40.24,0.436604,20,1,6
Netherlands,2022-08-14 18:00:00,2022-08-14 20:00:00,459.96,4.990565999999999,20,6,8
Netherlands,2021-07-23 16:00:00,2021-07-23 18:00:00,93.51,1.0145835,18,4,7
Netherlands,2021-01-01 02:00:00,2021-01-01 03:00:00,42.92,0.46568200000000004,3,4,1
Netherlands,2015-05-31 18:00:00,2015-05-31 20:00:00,24.96,0.270816,20,6,5
Netherlands,08/12/2023 23:00,2023-12-09 00:00:00,95.0,1.03075,0,5,12
Netherlands,2019-01-19 02:00:00,2019-01-19 03:00:00,55.0,0.59675,3,5,1
Netherlands,05/01/2025 01:00,2025-01-05 02:00:00,85.62,0.9289769999999999,2,6,1
Netherlands,29/06/2024 20:00,2024-06-29 22:00:00,100.1,1.0860849999999997,22,5,6
Netherlands,14/05/2024 22:00,2024-05-15 00:00:00,109.89,1.1923065,0,2,5
Netherlands,18/10/2023 10:00,2023-10-18 12:00:00,70.09,0.7604765,12,2,10
Netherlands,2015-06-24 21:00:00,2015-06-24 23:00:00,48.17,0.5226445,23,2,6
Netherlands,2015-10-16 13:00:00,2015-10-16 15:00:00,34.9,0.378665,15,4,10
Netherlands,2015-05-22 10:00:00,2015-05-22 12:00:00,42.62,0.462427,12,4,5
Netherlands,11/12/2023 04:00,2023-12-11 05:00:00,35.79,0.38832149999999993,5,0,12
Netherlands,2019-05-20 19:00:00,2019-05-20 21:00:00,45.8,0.4969299999999999,21,0,5
Netherlands,2015-04-16 20:00:00,2015-04-16 22:00:00,40.77,0.44235450000000004,22,3,4
Netherlands,2019-05-09 23:00:00,2019-05-10 01:00:00,38.83,0.4213055,1,4,5
Netherlands,2019-12-02 04:00:00,2019-12-02 05:00:00,36.3,0.39385499999999996,5,0,12
Netherlands,28/06/2024 05:00,2024-06-28 07:00:00,90.92,0.986482,7,4,6
Netherlands,2021-11-22 19:00:00,2021-11-22 20:00:00,186.6,2.02461,20,0,11
Netherlands,08/07/2024 22:00,2024-07-09 00:00:00,101.69,1.1033365,0,1,7
Netherlands,2015-04-07 19:00:00,2015-04-07 21:00:00,45.16,0.4899859999999999,21,1,4
Netherlands,2022-12-21 01:00:00,2022-12-21 02:00:00,179.0,1.9421499999999998,2,2,12
Netherlands,2020-10-25 18:00:00,2020-10-25 19:00:00,68.33,0.7413805,19,6,10
Netherlands,2022-05-31 00:00:00,2022-05-31 02:00:00,179.62,1.948877,2,1,5
Netherlands,2016-12-05 01:00:00,2016-12-05 02:00:00,31.98,0.346983,2,0,12
Netherlands,2020-04-26 07:00:00,2020-04-26 09:00:00,14.73,0.1598205,9,6,4
Netherlands,2018-06-11 02:00:00,2018-06-11 04:00:00,51.35,0.5571475,4,0,6
Netherlands,2018-08-01 03:00:00,2018-08-01 05:00:00,45.96,0.498666,5,2,8
Netherlands,02/11/2023 14:00,2023-11-02 15:00:00,124.0,1.3454,15,3,11
Netherlands,2015-08-02 06:00:00,2015-08-02 08:00:00,19.96,0.216566,8,6,8
Netherlands,2023-04-10 00:00:00,2023-04-10 02:00:00,78.14,0.847819,2,0,4
Netherlands,19/11/2024 17:00,2024-11-19 18:00:00,134.93,1.4639905000000002,18,1,11
Netherlands,28/02/2024 09:00,2024-02-28 10:00:00,73.99,0.8027914999999999,10,2,2
Netherlands,14/02/2024 01:00,2024-02-14 02:00:00,55.76,0.604996,2,2,2
Netherlands,2021-07-18 14:00:00,2021-07-18 16:00:00,0.01,0.0001085,16,6,7
Netherlands,2021-03-06 01:00:00,2021-03-06 02:00:00,43.57,0.47273449999999995,2,5,3
Netherlands,2015-08-29 11:00:00,2015-08-29 13:00:00,51.27,0.5562795,13,5,8
Netherlands,2020-09-18 07:00:00,2020-09-18 09:00:00,52.79,0.5727715,9,4,9
Netherlands,2017-11-21 12:00:00,2017-11-21 13:00:00,64.91,0.7042734999999999,13,1,11
Netherlands,2023-09-02 19:00:00,2023-09-02 21:00:00,115.19,1.2498115,21,5,9
Netherlands,2020-08-31 06:00:00,2020-08-31 08:00:00,67.25,0.7296625,8,0,8
Netherlands,2022-04-18 06:00:00,2022-04-18 08:00:00,139.97,1.5186745,8,0,4
Netherlands,2018-12-17 06:00:00,2018-12-17 07:00:00,78.1,0.8473849999999998,7,0,12
Netherlands,2017-07-04 15:00:00,2017-07-04 17:00:00,37.4,0.40579,17,1,7
Netherlands,2022-01-02 20:00:00,2022-01-02 21:00:00,46.16,0.500836,21,6,1
Netherlands,2022-08-26 01:00:00,2022-08-26 03:00:00,571.04,6.195784,3,4,8
Netherlands,2022-08-22 00:00:00,2022-08-22 02:00:00,467.64,5.073893999999999,2,0,8
Netherlands,20/11/2024 21:00,2024-11-20 22:00:00,115.82,1.2566469999999998,22,2,11
Netherlands,2020-07-31 16:00:00,2020-07-31 18:00:00,47.88,0.519498,18,4,7
Netherlands,2023-02-14 01:00:00,2023-02-14 02:00:00,132.16,1.4339359999999999,2,1,2
Netherlands,2018-11-14 03:00:00,2018-11-14 04:00:00,46.42,0.503657,4,2,11
Netherlands,2022-03-27 16:00:00,2022-03-27 18:00:00,220.0,2.387,18,6,3
Netherlands,2015-09-24 20:00:00,2015-09-24 22:00:00,39.96,0.43356599999999995,22,3,9
Netherlands,2023-09-21 11:00:00,2023-09-21 13:00:00,95.6,1.03726,13,3,9
Netherlands,10/09/2024 09:00,2024-09-10 11:00:00,7.86,0.08528100000000001,11,1,9
Netherlands,2017-06-30 00:00:00,2017-06-30 02:00:00,28.06,0.30445099999999997,2,4,6
Netherlands,2023-03-26 05:00:00,2023-03-26 07:00:00,73.09,0.7930265000000001,7,6,3
Netherlands,2016-06-04 10:00:00,2016-06-04 12:00:00,25.73,0.2791705,12,5,6
Netherlands,2017-10-30 19:00:00,2017-10-30 20:00:00,33.1,0.359135,20,0,10
Netherlands,2018-11-22 13:00:00,2018-11-22 14:00:00,95.53,1.0365004999999998,14,3,11
Netherlands,2019-11-09 11:00:00,2019-11-09 12:00:00,41.42,0.449407,12,5,11
Netherlands,2019-04-07 10:00:00,2019-04-07 12:00:00,34.68,0.37627799999999995,12,6,4
Netherlands,2022-02-07 01:00:00,2022-02-07 02:00:00,14.27,0.1548295,2,0,2
Netherlands,2018-07-05 16:00:00,2018-07-05 18:00:00,68.64,0.7447440000000001,18,3,7
Netherlands,04/09/2024 13:00,2024-09-04 15:00:00,92.64,1.005144,15,2,9
Netherlands,2015-11-30 04:00:00,2015-11-30 05:00:00,31.99,0.3470915,5,0,11
Netherlands,2022-05-01 09:00:00,2022-05-01 11:00:00,176.5,1.9150249999999998,11,6,5
Netherlands,2023-06-03 19:00:00,2023-06-03 21:00:00,93.68,1.0164279999999999,21,5,6
Netherlands,2015-05-22 19:00:00,2015-05-22 21:00:00,35.68,0.38712799999999997,21,4,5
Netherlands,02/02/2024 20:00,2024-02-02 21:00:00,70.0,0.7595,21,4,2
Netherlands,2021-03-03 19:00:00,2021-03-03 20:00:00,60.22,0.6533869999999999,20,2,3
Netherlands,2021-04-01 10:00:00,2021-04-01 12:00:00,41.07,0.4456095,12,3,4
Netherlands,2017-08-30 00:00:00,2017-08-30 02:00:00,29.83,0.3236555,2,2,8
Netherlands,2017-05-09 18:00:00,2017-05-09 20:00:00,49.12,0.532952,20,1,5
Netherlands,2018-04-29 08:00:00,2018-04-29 10:00:00,34.87,0.3783395,10,6,4
Netherlands,2021-01-12 15:00:00,2021-01-12 16:00:00,68.02,0.7380169999999999,16,1,1
Netherlands,2021-01-24 09:00:00,2021-01-24 10:00:00,53.09,0.5760265000000001,10,6,1
Netherlands,2016-06-09 07:00:00,2016-06-09 09:00:00,44.0,0.4774,9,3,6
Netherlands,2016-07-17 13:00:00,2016-07-17 15:00:00,21.42,0.232407,15,6,7
Netherlands,2019-05-23 03:00:00,2019-05-23 05:00:00,33.72,0.36586199999999997,5,3,5
Netherlands,10/03/2024 19:00,2024-03-10 20:00:00,70.88,0.7690479999999998,20,6,3
Netherlands,2020-02-25 05:00:00,2020-02-25 06:00:00,25.84,0.280364,6,1,2
Netherlands,2017-06-24 10:00:00,2017-06-24 12:00:00,29.77,0.3230045,12,5,6
Netherlands,2019-10-14 16:00:00,2019-10-14 18:00:00,50.09,0.5434765,18,0,10
Netherlands,2020-01-10 09:00:00,2020-01-10 10:00:00,54.33,0.5894805,10,4,1
Netherlands,2023-07-13 14:00:00,2023-07-13 16:00:00,74.25,0.8056125,16,3,7
Netherlands,2023-03-02 13:00:00,2023-03-02 14:00:00,94.83,1.0289054999999998,14,3,3
Netherlands,2015-01-20 22:00:00,2015-01-20 23:00:00,37.44,0.406224,23,1,1
Netherlands,2021-04-29 11:00:00,2021-04-29 13:00:00,50.21,0.5447785,13,3,4
Netherlands,02/08/2024 05:00,2024-08-02 07:00:00,119.79,1.2997215000000002,7,4,8
Netherlands,2019-06-30 19:00:00,2019-06-30 21:00:00,37.07,0.4022095,21,6,6
Netherlands,2015-12-18 17:00:00,2015-12-18 18:00:00,41.29,0.44799649999999996,18,4,12
Netherlands,2016-07-09 06:00:00,2016-07-09 08:00:00,25.36,0.275156,8,5,7
Netherlands,2021-03-24 01:00:00,2021-03-24 02:00:00,44.4,0.48173999999999995,2,2,3
Netherlands,26/04/2024 15:00,2024-04-26 17:00:00,80.23,0.8704955,17,4,4
Netherlands,2020-06-24 16:00:00,2020-06-24 18:00:00,40.93,0.44409049999999994,18,2,6
Netherlands,2016-10-29 23:00:00,2016-10-30 01:00:00,42.87,0.46513949999999993,1,6,10
Netherlands,2017-11-10 01:00:00,2017-11-10 02:00:00,35.6,0.38626,2,4,11
Netherlands,2015-05-08 09:00:00,2015-05-08 11:00:00,59.94,0.650349,11,4,5
Netherlands,2017-11-07 18:00:00,2017-11-07 19:00:00,43.2,0.46872,19,1,11
Netherlands,23/05/2024 06:00,2024-05-23 08:00:00,95.92,1.040732,8,3,5
Netherlands,2020-04-21 01:00:00,2020-04-21 03:00:00,4.06,0.04405099999999999,3,1,4
Netherlands,2022-10-21 17:00:00,2022-10-21 19:00:00,157.37,1.7074645,19,4,10
Netherlands,2022-03-12 05:00:00,2022-03-12 06:00:00,192.1,2.084285,6,5,3
Netherlands,2018-09-24 23:00:00,2018-09-25 01:00:00,67.56,0.733026,1,1,9
Netherlands,2017-06-23 16:00:00,2017-06-23 18:00:00,36.46,0.395591,18,4,6
Netherlands,2023-08-16 02:00:00,2023-08-16 04:00:00,90.17,0.9783445000000001,4,2,8
Netherlands,2022-03-10 14:00:00,2022-03-10 15:00:00,250.0,2.7125,15,3,3
Netherlands,2022-01-18 02:00:00,2022-01-18 03:00:00,185.11,2.0084435000000003,3,1,1
Netherlands,2020-01-02 09:00:00,2020-01-02 10:00:00,45.57,0.4944345,10,3,1
Netherlands,2019-01-28 19:00:00,2019-01-28 20:00:00,49.9,0.541415,20,0,1
Netherlands,2022-05-19 22:00:00,2022-05-20 00:00:00,211.1,2.290435,0,4,5
Netherlands,2023-01-02 06:00:00,2023-01-02 07:00:00,140.64,1.5259439999999997,7,0,1
Netherlands,01/02/2024 16:00,2024-02-01 17:00:00,112.62,1.221927,17,3,2
Netherlands,2019-06-20 03:00:00,2019-06-20 05:00:00,30.03,0.3258255,5,3,6
Netherlands,2023-02-25 17:00:00,2023-02-25 18:00:00,172.0,1.8662,18,5,2
Netherlands,2020-02-07 21:00:00,2020-02-07 22:00:00,27.35,0.2967475,22,4,2
Netherlands,2018-02-26 02:00:00,2018-02-26 03:00:00,44.07,0.47815949999999996,3,0,2
Netherlands,2019-09-22 17:00:00,2019-09-22 19:00:00,40.97,0.4445245,19,6,9
Netherlands,2018-08-30 17:00:00,2018-08-30 19:00:00,63.35,0.6873475,19,3,8
Netherlands,2021-04-15 12:00:00,2021-04-15 14:00:00,46.85,0.5083225,14,3,4
Netherlands,2020-12-07 05:00:00,2020-12-07 06:00:00,46.24,0.501704,6,0,12
Netherlands,2021-01-18 10:00:00,2021-01-18 11:00:00,59.6,0.64666,11,0,1
Netherlands,2018-10-11 07:00:00,2018-10-11 09:00:00,63.86,0.692881,9,3,10
Netherlands,2020-05-20 15:00:00,2020-05-20 17:00:00,24.0,0.26039999999999996,17,2,5
Netherlands,2015-11-23 18:00:00,2015-11-23 19:00:00,51.91,0.5632235,19,0,11
Netherlands,2021-09-29 21:00:00,2021-09-29 23:00:00,88.33,0.9583805,23,2,9
Netherlands,2020-11-17 15:00:00,2020-11-17 16:00:00,43.8,0.47523,16,1,11
Netherlands,2017-09-28 03:00:00,2017-09-28 05:00:00,33.4,0.36239,5,3,9
Netherlands,2019-08-04 13:00:00,2019-08-04 15:00:00,28.29,0.30694649999999996,15,6,8
Netherlands,2018-03-31 01:00:00,2018-03-31 03:00:00,44.9,0.48716499999999996,3,5,3
Netherlands,2019-08-13 01:00:00,2019-08-13 03:00:00,32.43,0.3518655,3,1,8
Netherlands,2017-03-01 11:00:00,2017-03-01 12:00:00,35.1,0.380835,12,2,3
Netherlands,08/12/2023 11:00,2023-12-08 12:00:00,116.74,1.266629,12,4,12
Netherlands,2019-09-30 11:00:00,2019-09-30 13:00:00,27.4,0.29728999999999994,13,0,9
Netherlands,2020-03-04 11:00:00,2020-03-04 12:00:00,37.9,0.411215,12,2,3
Netherlands,2015-07-28 20:00:00,2015-07-28 22:00:00,38.96,0.422716,22,1,7
Netherlands,2017-12-12 22:00:00,2017-12-12 23:00:00,41.0,0.44484999999999997,23,1,12
Netherlands,2023-09-07 12:00:00,2023-09-07 14:00:00,59.48,0.645358,14,3,9
Netherlands,2015-08-19 21:00:00,2015-08-19 23:00:00,44.96,0.48781599999999997,23,2,8
Netherlands,2020-03-07 10:00:00,2020-03-07 11:00:00,28.1,0.304885,11,5,3
Netherlands,2021-10-19 20:00:00,2021-10-19 22:00:00,93.21,1.0113284999999999,22,1,10
Netherlands,2015-03-12 17:00:00,2015-03-12 18:00:00,52.02,0.5644170000000001,18,3,3
Netherlands,2020-12-30 01:00:00,2020-12-30 02:00:00,49.87,0.5410894999999999,2,2,12
Netherlands,13/12/2024 12:00,2024-12-13 13:00:00,165.0,1.79025,13,4,12
Netherlands,2021-04-15 03:00:00,2021-04-15 05:00:00,65.81,0.7140385,5,3,4
Netherlands,08/06/2024 04:00,2024-06-08 06:00:00,68.75,0.7459375,6,5,6
Netherlands,2020-10-07 23:00:00,2020-10-08 01:00:00,37.83,0.4104555,1,3,10
Netherlands,2015-02-08 16:00:00,2015-02-08 17:00:00,42.95,0.4660075,17,6,2
Netherlands,08/06/2024 09:00,2024-06-08 11:00:00,-2.25,-0.024412499999999997,11,5,6
Netherlands,2019-10-14 07:00:00,2019-10-14 09:00:00,56.06,0.608251,9,0,10
Netherlands,2021-06-24 05:00:00,2021-06-24 07:00:00,103.52,1.123192,7,3,6
Netherlands,2020-02-16 23:00:00,2020-02-17 00:00:00,12.88,0.13974799999999998,0,0,2
Netherlands,2016-01-11 03:00:00,2016-01-11 04:00:00,19.56,0.21222599999999997,4,0,1
Netherlands,28/11/2024 15:00,2024-11-28 16:00:00,133.93,1.4531405,16,3,11
Netherlands,2015-11-21 08:00:00,2015-11-21 09:00:00,40.81,0.4427885,9,5,11
Netherlands,2017-09-06 01:00:00,2017-09-06 03:00:00,26.19,0.2841615,3,2,9
Netherlands,22/12/2023 05:00,2023-12-22 06:00:00,0.44,0.004774,6,4,12
Netherlands,2023-07-23 03:00:00,2023-07-23 05:00:00,11.09,0.12032649999999999,5,6,7
Netherlands,2023-06-11 22:00:00,2023-06-12 00:00:00,94.33,1.0234804999999998,0,0,6
Netherlands,2022-10-03 20:00:00,2022-10-03 22:00:00,318.42,3.454857,22,0,10
Netherlands,2016-02-15 06:00:00,2016-02-15 07:00:00,33.29,0.3611965,7,0,2
Netherlands,2018-10-17 08:00:00,2018-10-17 10:00:00,79.8,0.8658299999999999,10,2,10
Netherlands,2020-07-25 06:00:00,2020-07-25 08:00:00,26.21,0.2843785,8,5,7
Netherlands,2016-08-17 23:00:00,2016-08-18 01:00:00,24.12,0.261702,1,3,8
Netherlands,2019-11-27 10:00:00,2019-11-27 11:00:00,45.38,0.492373,11,2,11
Netherlands,2017-12-07 00:00:00,2017-12-07 01:00:00,41.0,0.44484999999999997,1,3,12
Netherlands,2018-03-23 17:00:00,2018-03-23 18:00:00,60.73,0.6589204999999999,18,4,3
Netherlands,2018-04-16 03:00:00,2018-04-16 05:00:00,37.4,0.40579,5,0,4
Netherlands,2017-12-06 13:00:00,2017-12-06 14:00:00,47.4,0.5142899999999999,14,2,12
Netherlands,2017-04-30 17:00:00,2017-04-30 19:00:00,30.0,0.3255,19,6,4
Netherlands,2018-06-24 23:00:00,2018-06-25 01:00:00,43.12,0.467852,1,0,6
Netherlands,2019-03-02 04:00:00,2019-03-02 05:00:00,39.97,0.43367449999999996,5,5,3
Netherlands,2015-01-18 15:00:00,2015-01-18 16:00:00,38.0,0.4123,16,6,1
Netherlands,2020-10-12 15:00:00,2020-10-12 17:00:00,54.0,0.5859,17,0,10
Netherlands,2022-06-28 15:00:00,2022-06-28 17:00:00,351.29,3.8114965,17,1,6
Netherlands,2023-03-06 13:00:00,2023-03-06 14:00:00,120.0,1.302,14,0,3
Netherlands,03/05/2024 08:00,2024-05-03 10:00:00,73.95,0.8023575,10,4,5
Netherlands,2016-05-08 03:00:00,2016-05-08 05:00:00,3.0,0.032549999999999996,5,6,5
Netherlands,2023-05-20 01:00:00,2023-05-20 03:00:00,65.33,0.7088304999999999,3,5,5
Netherlands,2017-11-03 05:00:00,2017-11-03 06:00:00,48.64,0.527744,6,4,11
Netherlands,2018-01-31 10:00:00,2018-01-31 11:00:00,47.37,0.5139644999999999,11,2,1
Netherlands,2023-03-13 00:00:00,2023-03-13 01:00:00,37.33,0.40503049999999996,1,0,3
Netherlands,2015-02-19 21:00:00,2015-02-19 22:00:00,49.2,0.5338200000000001,22,3,2
Netherlands,2023-08-01 11:00:00,2023-08-01 13:00:00,61.96,0.6722659999999999,13,1,8
Netherlands,03/09/2024 04:00,2024-09-03 06:00:00,123.9,1.3443150000000001,6,1,9
Netherlands,2022-12-14 17:00:00,2022-12-14 18:00:00,557.0,6.04345,18,2,12
Netherlands,2023-02-05 13:00:00,2023-02-05 14:00:00,103.81,1.1263385000000001,14,6,2
Netherlands,2022-03-25 11:00:00,2022-03-25 12:00:00,172.4,1.8705399999999999,12,4,3
Netherlands,2022-11-16 23:00:00,2022-11-17 00:00:00,51.16,0.5550859999999999,0,3,11
Netherlands,2021-04-05 00:00:00,2021-04-05 02:00:00,13.38,0.145173,2,0,4
Netherlands,2019-12-01 17:00:00,2019-12-01 18:00:00,52.4,0.5685399999999999,18,6,12
Netherlands,20/12/2023 23:00,2023-12-21 00:00:00,29.9,0.32441499999999995,0,3,12
Netherlands,2023-09-25 22:00:00,2023-09-26 00:00:00,114.13,1.2383104999999999,0,1,9
Netherlands,2019-10-02 02:00:00,2019-10-02 04:00:00,26.74,0.29012899999999997,4,2,10
Netherlands,2023-09-11 18:00:00,2023-09-11 20:00:00,448.13,4.8622105,20,0,9
Netherlands,2022-03-13 10:00:00,2022-03-13 11:00:00,99.9,1.083915,11,6,3
Netherlands,2020-06-07 16:00:00,2020-06-07 18:00:00,21.06,0.22850099999999998,18,6,6
Netherlands,2020-02-26 02:00:00,2020-02-26 03:00:00,23.53,0.2553005,3,2,2
Netherlands,2020-03-10 06:00:00,2020-03-10 07:00:00,29.15,0.3162775,7,1,3
Netherlands,03/02/2024 10:00,2024-02-03 11:00:00,58.02,0.6295170000000001,11,5,2
Netherlands,2021-03-28 21:00:00,2021-03-28 23:00:00,39.9,0.43291499999999994,23,6,3
Netherlands,2023-06-11 05:00:00,2023-06-11 07:00:00,48.92,0.5307820000000001,7,6,6
Netherlands,2018-01-24 03:00:00,2018-01-24 04:00:00,25.08,0.27211799999999997,4,2,1
Netherlands,2019-12-23 17:00:00,2019-12-23 18:00:00,40.93,0.44409049999999994,18,0,12
Netherlands,2016-02-19 02:00:00,2016-02-19 03:00:00,22.19,0.24076150000000002,3,4,2
Netherlands,2016-03-30 17:00:00,2016-03-30 19:00:00,37.42,0.406007,19,2,3
Netherlands,2021-06-10 01:00:00,2021-06-10 03:00:00,65.6,0.7117599999999998,3,3,6
Netherlands,2018-09-12 07:00:00,2018-09-12 09:00:00,83.0,0.90055,9,2,9
Netherlands,2022-02-07 20:00:00,2022-02-07 21:00:00,213.8,2.31973,21,0,2
Netherlands,2021-06-03 07:00:00,2021-06-03 09:00:00,58.66,0.6364609999999999,9,3,6
Netherlands,2019-11-29 17:00:00,2019-11-29 18:00:00,54.03,0.5862255000000001,18,4,11
Netherlands,2016-06-14 15:00:00,2016-06-14 17:00:00,42.44,0.46047399999999994,17,1,6
Netherlands,2023-09-14 18:00:00,2023-09-14 20:00:00,178.62,1.938027,20,3,9
Netherlands,2015-04-20 17:00:00,2015-04-20 19:00:00,44.96,0.48781599999999997,19,0,4
Netherlands,2017-07-26 09:00:00,2017-07-26 11:00:00,37.29,0.40459649999999997,11,2,7
Netherlands,29/02/2024 17:00,2024-02-29 18:00:00,86.26,0.935921,18,3,2
Netherlands,2020-10-01 08:00:00,2020-10-01 10:00:00,42.0,0.4557,10,3,10
Netherlands,2018-05-28 00:00:00,2018-05-28 02:00:00,40.52,0.439642,2,0,5
Netherlands,19/10/2023 05:00,2023-10-19 07:00:00,103.12,1.1188520000000002,7,3,10
Netherlands,2015-06-26 08:00:00,2015-06-26 10:00:00,56.87,0.6170395,10,4,6
Netherlands,2015-09-14 04:00:00,2015-09-14 06:00:00,37.97,0.41197449999999997,6,0,9
Netherlands,2015-05-22 12:00:00,2015-05-22 14:00:00,47.0,0.50995,14,4,5
Netherlands,2015-11-17 17:00:00,2015-11-17 18:00:00,39.94,0.433349,18,1,11
Netherlands,2021-06-19 20:00:00,2021-06-19 22:00:00,83.98,0.911183,22,5,6
Netherlands,2019-01-23 06:00:00,2019-01-23 07:00:00,82.11,0.8908935,7,2,1
Netherlands,2019-08-02 19:00:00,2019-08-02 21:00:00,47.17,0.5117945,21,4,8
Netherlands,2021-08-30 03:00:00,2021-08-30 05:00:00,79.64,0.8640939999999999,5,0,8
Netherlands,2021-07-03 21:00:00,2021-07-03 23:00:00,100.0,1.085,23,5,7
Netherlands,2021-07-15 11:00:00,2021-07-15 13:00:00,90.86,0.985831,13,3,7
Netherlands,2019-07-11 05:00:00,2019-07-11 07:00:00,50.77,0.5508545,7,3,7
Netherlands,2021-01-12 23:00:00,2021-01-13 00:00:00,47.6,0.51646,0,2,1
Netherlands,2017-06-14 11:00:00,2017-06-14 13:00:00,35.99,0.39049150000000005,13,2,6
Netherlands,16/12/2024 01:00,2024-12-16 02:00:00,0.05,0.0005425,2,0,12
Netherlands,2021-06-01 18:00:00,2021-06-01 20:00:00,85.14,0.923769,20,1,6
Netherlands,2022-09-05 18:00:00,2022-09-05 20:00:00,506.82,5.498996999999999,20,0,9
Netherlands,2018-02-10 08:00:00,2018-02-10 09:00:00,49.9,0.541415,9,5,2
Netherlands,2022-05-07 12:00:00,2022-05-07 14:00:00,166.7,1.8086949999999997,14,5,5
Netherlands,2020-12-01 10:00:00,2020-12-01 11:00:00,63.75,0.6916875,11,1,12
Netherlands,2022-12-20 10:00:00,2022-12-20 11:00:00,237.9,2.5812150000000003,11,1,12
Netherlands,2021-03-04 15:00:00,2021-03-04 16:00:00,53.07,0.5758095,16,3,3
Netherlands,2022-08-17 06:00:00,2022-08-17 08:00:00,616.33,6.6871805,8,2,8
Netherlands,2017-08-05 02:00:00,2017-08-05 04:00:00,23.1,0.250635,4,5,8
Netherlands,2016-09-21 04:00:00,2016-09-21 06:00:00,36.97,0.40112449999999994,6,2,9
Netherlands,2017-08-09 02:00:00,2017-08-09 04:00:00,19.09,0.2071265,4,2,8
Netherlands,2021-04-11 01:00:00,2021-04-11 03:00:00,45.04,0.48868399999999995,3,6,4
Netherlands,2016-09-09 20:00:00,2016-09-09 22:00:00,32.11,0.34839349999999997,22,4,9
Netherlands,2018-04-06 11:00:00,2018-04-06 13:00:00,29.9,0.32441499999999995,13,4,4
Netherlands,2017-03-26 03:00:00,2017-03-26 05:00:00,24.7,0.267995,5,6,3
Netherlands,2015-09-22 04:00:00,2015-09-22 06:00:00,30.4,0.32983999999999997,6,1,9
Netherlands,2018-01-04 04:00:00,2018-01-04 05:00:00,27.9,0.30271499999999996,5,3,1
Netherlands,2018-04-14 16:00:00,2018-04-14 18:00:00,42.38,0.45982300000000004,18,5,4
Netherlands,2021-11-23 18:00:00,2021-11-23 19:00:00,266.59,2.8925015,19,1,11
Netherlands,2022-11-06 04:00:00,2022-11-06 05:00:00,40.76,0.442246,5,6,11
Netherlands,2022-11-20 17:00:00,2022-11-20 18:00:00,273.0,2.9620499999999996,18,6,11
Netherlands,2017-02-26 00:00:00,2017-02-26 01:00:00,29.0,0.31465,1,6,2
Netherlands,2022-11-03 09:00:00,2022-11-03 10:00:00,94.15,1.0215275,10,3,11
Netherlands,2022-04-22 14:00:00,2022-04-22 16:00:00,118.97,1.2908245,16,4,4
Netherlands,19/10/2023 11:00,2023-10-19 13:00:00,122.0,1.3237,13,3,10
Netherlands,08/09/2024 16:00,2024-09-08 18:00:00,107.83,1.1699555,18,6,9
Netherlands,31/01/2024 22:00,2024-01-31 23:00:00,40.57,0.44018450000000003,23,2,1
Netherlands,22/12/2024 12:00,2024-12-22 13:00:00,22.55,0.24466749999999998,13,6,12
Netherlands,2016-11-10 11:00:00,2016-11-10 12:00:00,65.44,0.710024,12,3,11
Netherlands,2020-05-24 13:00:00,2020-05-24 15:00:00,-4.61,-0.0500185,15,6,5
Netherlands,2016-10-27 17:00:00,2016-10-27 19:00:00,42.28,0.458738,19,3,10
Netherlands,2022-05-18 02:00:00,2022-05-18 04:00:00,174.7,1.895495,4,2,5
Netherlands,2020-05-15 15:00:00,2020-05-15 17:00:00,19.57,0.21233449999999998,17,4,5
Netherlands,2022-02-06 11:00:00,2022-02-06 12:00:00,198.0,2.1483,12,6,2
Netherlands,2016-11-10 23:00:00,2016-11-11 00:00:00,33.91,0.36792349999999996,0,4,11
Netherlands,2019-03-12 10:00:00,2019-03-12 11:00:00,44.34,0.481089,11,1,3
Netherlands,2018-09-10 05:00:00,2018-09-10 07:00:00,74.3,0.806155,7,0,9
Netherlands,2017-05-13 06:00:00,2017-05-13 08:00:00,35.02,0.37996700000000005,8,5,5
Netherlands,2020-02-14 03:00:00,2020-02-14 04:00:00,25.58,0.27754299999999993,4,4,2
Netherlands,2023-03-09 03:00:00,2023-03-09 04:00:00,111.22,1.206737,4,3,3
Netherlands,2018-03-28 11:00:00,2018-03-28 13:00:00,58.28,0.632338,13,2,3
Netherlands,2016-11-15 21:00:00,2016-11-15 22:00:00,38.42,0.41685700000000003,22,1,11
Netherlands,2017-11-22 11:00:00,2017-11-22 12:00:00,35.0,0.37975,12,2,11
Netherlands,2015-09-14 07:00:00,2015-09-14 09:00:00,58.0,0.6293,9,0,9
Netherlands,2017-03-15 19:00:00,2017-03-15 20:00:00,46.27,0.5020295,20,2,3
Netherlands,2016-06-17 00:00:00,2016-06-17 02:00:00,25.2,0.27341999999999994,2,4,6
Netherlands,20/12/2023 22:00,2023-12-20 23:00:00,48.93,0.5308904999999999,23,2,12
Netherlands,2019-12-25 18:00:00,2019-12-25 19:00:00,38.53,0.4180505,19,2,12
Netherlands,2017-03-03 19:00:00,2017-03-03 20:00:00,41.01,0.4449585,20,4,3
Netherlands,2018-06-27 04:00:00,2018-06-27 06:00:00,50.78,0.550963,6,2,6
Netherlands,01/08/2024 22:00,2024-08-02 00:00:00,93.93,1.0191405,0,4,8
Netherlands,2015-12-24 21:00:00,2015-12-24 22:00:00,30.89,0.33515649999999997,22,3,12
Netherlands,2017-03-20 23:00:00,2017-03-21 00:00:00,30.0,0.3255,0,1,3
Netherlands,2021-11-17 11:00:00,2021-11-17 12:00:00,199.6,2.16566,12,2,11
Netherlands,2020-12-05 10:00:00,2020-12-05 11:00:00,54.84,0.595014,11,5,12
Netherlands,2016-09-05 06:00:00,2016-09-05 08:00:00,45.2,0.49042,8,0,9
Netherlands,2022-02-18 12:00:00,2022-02-18 13:00:00,180.1,1.9540849999999998,13,4,2
Netherlands,2019-05-04 11:00:00,2019-05-04 13:00:00,36.98,0.40123299999999995,13,5,5
Netherlands,2021-02-15 01:00:00,2021-02-15 02:00:00,37.07,0.4022095,2,0,2
Netherlands,2017-10-13 20:00:00,2017-10-13 22:00:00,40.0,0.434,22,4,10
Netherlands,2015-02-22 12:00:00,2015-02-22 13:00:00,40.0,0.434,13,6,2
Netherlands,2021-06-06 09:00:00,2021-06-06 11:00:00,58.44,0.6340739999999999,11,6,6
Netherlands,2016-12-15 21:00:00,2016-12-15 22:00:00,38.12,0.41360199999999997,22,3,12
Netherlands,2020-10-31 17:00:00,2020-10-31 18:00:00,47.21,0.5122285,18,5,10
Netherlands,2017-03-11 11:00:00,2017-03-11 12:00:00,31.07,0.33710949999999995,12,5,3
Netherlands,2018-04-30 17:00:00,2018-04-30 19:00:00,33.81,0.3668385,19,0,4
Netherlands,18/10/2023 01:00,2023-10-18 03:00:00,49.56,0.537726,3,2,10
Netherlands,2020-02-28 12:00:00,2020-02-28 13:00:00,26.0,0.28209999999999996,13,4,2
Netherlands,2015-11-24 13:00:00,2015-11-24 14:00:00,36.8,0.39927999999999997,14,1,11
Netherlands,2020-12-24 06:00:00,2020-12-24 07:00:00,50.19,0.5445614999999999,7,3,12
Netherlands,2019-10-16 23:00:00,2019-10-17 01:00:00,28.1,0.304885,1,3,10
Netherlands,2023-02-11 16:00:00,2023-02-11 17:00:00,153.85,1.6692724999999997,17,5,2
Netherlands,2019-04-24 19:00:00,2019-04-24 21:00:00,43.07,0.4673095,21,2,4
Netherlands,2015-09-28 16:00:00,2015-09-28 18:00:00,42.61,0.46231849999999997,18,0,9
Netherlands,01/08/2024 15:00,2024-08-01 17:00:00,93.78,1.0175130000000001,17,3,8
Netherlands,2021-12-25 13:00:00,2021-12-25 14:00:00,212.7,2.3077949999999996,14,5,12
Netherlands,2018-01-14 22:00:00,2018-01-14 23:00:00,38.33,0.4158805,23,6,1
Netherlands,2016-01-27 22:00:00,2016-01-27 23:00:00,27.44,0.297724,23,2,1
Netherlands,2021-04-25 05:00:00,2021-04-25 07:00:00,43.8,0.47523,7,6,4
Netherlands,2020-10-16 21:00:00,2020-10-16 23:00:00,35.8,0.38842999999999994,23,4,10
Netherlands,2022-07-02 14:00:00,2022-07-02 16:00:00,155.37,1.6857644999999999,16,5,7
Netherlands,2020-09-22 04:00:00,2020-09-22 06:00:00,52.97,0.5747245,6,1,9
Netherlands,2019-02-25 11:00:00,2019-02-25 12:00:00,37.4,0.40579,12,0,2
Netherlands,2019-01-18 05:00:00,2019-01-18 06:00:00,59.26,0.642971,6,4,1
Netherlands,2021-12-05 02:00:00,2021-12-05 03:00:00,109.56,1.188726,3,6,12
Netherlands,2022-09-03 13:00:00,2022-09-03 15:00:00,180.85,1.9622224999999998,15,5,9
Netherlands,2019-11-28 05:00:00,2019-11-28 06:00:00,38.02,0.412517,6,3,11
Netherlands,2016-11-10 07:00:00,2016-11-10 08:00:00,68.25,0.7405124999999999,8,3,11
Netherlands,2015-12-11 02:00:00,2015-12-11 03:00:00,16.7,0.181195,3,4,12
Netherlands,2019-11-17 15:00:00,2019-11-17 16:00:00,41.15,0.44647749999999997,16,6,11
Netherlands,2017-05-08 22:00:00,2017-05-09 00:00:00,30.81,0.3342885,0,1,5
Netherlands,2016-01-04 10:00:00,2016-01-04 11:00:00,35.09,0.3807265,11,0,1
Netherlands,2020-07-18 14:00:00,2020-07-18 16:00:00,22.79,0.24727149999999998,16,5,7
Netherlands,2019-10-17 08:00:00,2019-10-17 10:00:00,51.43,0.5580155,10,3,10
Netherlands,2017-01-11 17:00:00,2017-01-11 18:00:00,37.4,0.40579,18,2,1
Netherlands,2017-09-13 01:00:00,2017-09-13 03:00:00,10.21,0.1107785,3,2,9
Netherlands,2021-04-10 05:00:00,2021-04-10 07:00:00,59.62,0.6468769999999999,7,5,4
Netherlands,2018-08-10 10:00:00,2018-08-10 12:00:00,48.66,0.5279609999999999,12,4,8
Netherlands,2019-04-10 11:00:00,2019-04-10 13:00:00,37.41,0.40589849999999994,13,2,4
Netherlands,2015-06-21 20:00:00,2015-06-21 22:00:00,45.0,0.48825,22,6,6
Netherlands,2015-12-26 02:00:00,2015-12-26 03:00:00,1.67,0.0181195,3,5,12
Netherlands,2021-10-04 00:00:00,2021-10-04 02:00:00,70.45,0.7643825000000001,2,0,10
Netherlands,2023-08-05 17:00:00,2023-08-05 19:00:00,107.9,1.170715,19,5,8
Netherlands,13/12/2024 06:00,2024-12-13 07:00:00,187.48,2.0341579999999997,7,4,12
Netherlands,2015-12-12 17:00:00,2015-12-12 18:00:00,42.96,0.466116,18,5,12
Netherlands,10/03/2024 16:00,2024-03-10 17:00:00,69.92,0.758632,17,6,3
Netherlands,2019-01-21 23:00:00,2019-01-22 00:00:00,47.1,0.511035,0,1,1
Netherlands,2023-09-05 17:00:00,2023-09-05 19:00:00,179.22,1.944537,19,1,9
Netherlands,2019-07-24 19:00:00,2019-07-24 21:00:00,59.36,0.644056,21,2,7
Netherlands,20/05/2024 17:00,2024-05-20 19:00:00,105.96,1.1496659999999999,19,0,5
Netherlands,10/04/2024 17:00,2024-04-10 19:00:00,145.46,1.578241,19,2,4
Netherlands,2022-08-12 11:00:00,2022-08-12 13:00:00,276.66,3.001761,13,4,8
Netherlands,2017-04-10 03:00:00,2017-04-10 05:00:00,29.0,0.31465,5,0,4
Netherlands,03/08/2024 02:00,2024-08-03 04:00:00,83.74,0.9085789999999999,4,5,8
Netherlands,2021-02-23 01:00:00,2021-02-23 02:00:00,39.17,0.4249945,2,1,2
Netherlands,2020-02-25 09:00:00,2020-02-25 10:00:00,27.5,0.298375,10,1,2
Netherlands,2017-04-05 05:00:00,2017-04-05 07:00:00,44.2,0.47957,7,2,4
Netherlands,2015-12-05 20:00:00,2015-12-05 21:00:00,37.0,0.40145,21,5,12
Netherlands,2020-03-14 04:00:00,2020-03-14 05:00:00,24.78,0.268863,5,5,3
Netherlands,2019-08-28 06:00:00,2019-08-28 08:00:00,65.41,0.7096985,8,2,8
Netherlands,2021-07-16 05:00:00,2021-07-16 07:00:00,101.31,1.0992135,7,4,7
Netherlands,2018-10-15 03:00:00,2018-10-15 05:00:00,42.0,0.4557,5,0,10
Netherlands,2017-07-19 10:00:00,2017-07-19 12:00:00,28.6,0.31031,12,2,7
Netherlands,2020-06-18 14:00:00,2020-06-18 16:00:00,30.72,0.33331199999999994,16,3,6
Netherlands,03/12/2023 15:00,2023-12-03 16:00:00,122.2,1.3258699999999999,16,6,12
Netherlands,2019-09-02 01:00:00,2019-09-02 03:00:00,25.0,0.27125,3,0,9
Netherlands,2018-08-03 04:00:00,2018-08-03 06:00:00,58.7,0.636895,6,4,8
Netherlands,08/08/2024 19:00,2024-08-08 21:00:00,135.0,1.46475,21,3,8
Netherlands,07/12/2024 10:00,2024-12-07 11:00:00,57.96,0.628866,11,5,12
Netherlands,2022-04-03 21:00:00,2022-04-03 23:00:00,195.4,2.1200900000000003,23,6,4
Netherlands,12/01/2024 17:00,2024-01-12 18:00:00,126.0,1.3671,18,4,1
Netherlands,2021-06-28 23:00:00,2021-06-29 01:00:00,76.33,0.8281805,1,1,6
Netherlands,2016-11-17 05:00:00,2016-11-17 06:00:00,38.54,0.418159,6,3,11
Netherlands,2018-11-02 01:00:00,2018-11-02 02:00:00,42.15,0.4573275,2,4,11
Netherlands,2022-07-21 08:00:00,2022-07-21 10:00:00,358.36,3.8882060000000003,10,3,7
Netherlands,2020-10-21 13:00:00,2020-10-21 15:00:00,34.96,0.379316,15,2,10
Netherlands,2016-04-21 23:00:00,2016-04-22 01:00:00,20.7,0.224595,1,4,4
Netherlands,2018-02-01 22:00:00,2018-02-01 23:00:00,32.8,0.3558799999999999,23,3,2
Netherlands,2017-02-09 20:00:00,2017-02-09 21:00:00,41.4,0.44919,21,3,2
Netherlands,29/01/2024 23:00,2024-01-30 00:00:00,71.94,0.7805489999999999,0,1,1
Netherlands,2018-05-15 14:00:00,2018-05-15 16:00:00,44.17,0.4792445,16,1,5
Netherlands,19/12/2024 12:00,2024-12-19 13:00:00,77.0,0.8354499999999999,13,3,12
Netherlands,2021-08-30 00:00:00,2021-08-30 02:00:00,76.57,0.8307844999999998,2,0,8
Netherlands,2015-09-14 09:00:00,2015-09-14 11:00:00,55.61,0.6033685,11,0,9
Netherlands,2021-04-19 08:00:00,2021-04-19 10:00:00,65.87,0.7146895000000001,10,0,4
Netherlands,2020-03-24 04:00:00,2020-03-24 05:00:00,19.8,0.21483000000000002,5,1,3
Netherlands,2021-07-21 21:00:00,2021-07-21 23:00:00,95.5,1.0361749999999998,23,2,7
Netherlands,11/10/2023 09:00,2023-10-11 11:00:00,1.05,0.0113925,11,2,10
Netherlands,2022-08-18 15:00:00,2022-08-18 17:00:00,436.8,4.73928,17,3,8
Netherlands,2020-01-15 05:00:00,2020-01-15 06:00:00,28.56,0.309876,6,2,1
Netherlands,2021-03-01 04:00:00,2021-03-01 05:00:00,44.94,0.48759899999999995,5,0,3
Netherlands,2019-07-10 11:00:00,2019-07-10 13:00:00,37.32,0.40492199999999995,13,2,7
Netherlands,2021-07-02 19:00:00,2021-07-02 21:00:00,105.55,1.1452175,21,4,7
Netherlands,2022-01-17 09:00:00,2022-01-17 10:00:00,200.1,2.171085,10,0,1
Netherlands,2022-04-16 14:00:00,2022-04-16 16:00:00,65.84,0.714364,16,5,4
Netherlands,2017-04-01 05:00:00,2017-04-01 07:00:00,32.09,0.34817650000000006,7,5,4
Netherlands,2020-03-14 22:00:00,2020-03-14 23:00:00,24.1,0.261485,23,5,3
Netherlands,2016-03-15 03:00:00,2016-03-15 04:00:00,20.91,0.2268735,4,1,3
Netherlands,2020-07-15 01:00:00,2020-07-15 03:00:00,28.73,0.3117205,3,2,7
Netherlands,2021-11-16 17:00:00,2021-11-16 18:00:00,296.98,3.222233,18,1,11
Netherlands,2018-09-22 15:00:00,2018-09-22 17:00:00,70.1,0.760585,17,5,9
Netherlands,2021-04-04 20:00:00,2021-04-04 22:00:00,33.38,0.362173,22,6,4
Netherlands,2020-08-11 10:00:00,2020-08-11 12:00:00,20.6,0.22351000000000001,12,1,8
Netherlands,16/03/2024 00:00,2024-03-16 01:00:00,42.04,0.456134,1,5,3
Netherlands,2016-01-22 10:00:00,2016-01-22 11:00:00,46.3,0.502355,11,4,1
Netherlands,02/11/2023 19:00,2023-11-02 20:00:00,87.83,0.9529555,20,3,11
Netherlands,2019-04-08 18:00:00,2019-04-08 20:00:00,46.58,0.505393,20,0,4
Netherlands,2021-07-12 03:00:00,2021-07-12 05:00:00,76.12,0.825902,5,0,7
Netherlands,2016-03-16 15:00:00,2016-03-16 16:00:00,23.94,0.259749,16,2,3
Netherlands,2016-05-31 17:00:00,2016-05-31 19:00:00,35.92,0.389732,19,1,5
Netherlands,2020-02-16 09:00:00,2020-02-16 10:00:00,30.5,0.330925,10,6,2
Netherlands,15/10/2023 18:00,2023-10-15 20:00:00,194.0,2.1049,20,6,10
Netherlands,2018-06-05 05:00:00,2018-06-05 07:00:00,67.11,0.7281435,7,1,6
Netherlands,2018-08-16 14:00:00,2018-08-16 16:00:00,52.77,0.5725545,16,3,8
Netherlands,23/12/2023 05:00,2023-12-23 06:00:00,0.1,0.001085,6,5,12
Netherlands,2023-03-30 11:00:00,2023-03-30 13:00:00,25.31,0.2746135,13,3,3
Netherlands,2020-12-08 17:00:00,2020-12-08 18:00:00,151.99,1.6490915,18,1,12
Netherlands,12/10/2024 20:00,2024-10-12 22:00:00,34.87,0.3783395,22,5,10
Netherlands,2020-09-01 05:00:00,2020-09-01 07:00:00,59.0,0.64015,7,1,9
Netherlands,2017-03-03 04:00:00,2017-03-03 05:00:00,32.36,0.351106,5,4,3
Netherlands,2021-08-15 18:00:00,2021-08-15 20:00:00,101.94,1.106049,20,6,8
Netherlands,2017-10-29 16:00:00,2017-10-29 17:00:00,47.0,0.50995,17,6,10
Netherlands,2020-06-03 07:00:00,2020-06-03 09:00:00,31.07,0.33710949999999995,9,2,6
Netherlands,01/11/2023 00:00,2023-11-01 01:00:00,67.31,0.7303135,1,2,11
Netherlands,26/10/2024 18:00,2024-10-26 20:00:00,101.0,1.09585,20,5,10
Netherlands,2016-06-22 02:00:00,2016-06-22 04:00:00,22.97,0.2492245,4,2,6
Netherlands,2020-11-28 02:00:00,2020-11-28 03:00:00,42.0,0.4557,3,5,11
Netherlands,2015-03-10 21:00:00,2015-03-10 22:00:00,44.94,0.48759899999999995,22,1,3
Netherlands,2022-12-09 06:00:00,2022-12-09 07:00:00,456.2,4.949769999999999,7,4,12
Netherlands,2022-11-16 06:00:00,2022-11-16 07:00:00,229.9,2.494415,7,2,11
Netherlands,2022-10-12 16:00:00,2022-10-12 18:00:00,378.4,4.105639999999999,18,2,10
Netherlands,2018-01-11 15:00:00,2018-01-11 16:00:00,54.96,0.5963160000000001,16,3,1
Netherlands,2016-04-27 15:00:00,2016-04-27 17:00:00,24.72,0.268212,17,2,4
Netherlands,2018-02-11 07:00:00,2018-02-11 08:00:00,28.42,0.30835700000000005,8,6,2
Netherlands,2020-01-21 08:00:00,2020-01-21 09:00:00,65.41,0.7096985,9,1,1
Netherlands,2021-02-01 12:00:00,2021-02-01 13:00:00,64.76,0.7026460000000001,13,0,2
Netherlands,06/12/2024 01:00,2024-12-06 02:00:00,4.16,0.045136,2,4,12
Netherlands,2021-06-11 20:00:00,2021-06-11 22:00:00,85.46,0.9272409999999999,22,4,6
Netherlands,2022-09-23 08:00:00,2022-09-23 10:00:00,368.85,4.0020225,10,4,9
Netherlands,02/09/2024 07:00,2024-09-02 09:00:00,122.64,1.330644,9,0,9
Netherlands,2021-08-15 15:00:00,2021-08-15 17:00:00,64.94,0.704599,17,6,8
Netherlands,2022-05-03 17:00:00,2022-05-03 19:00:00,269.94,2.9288489999999996,19,1,5
Netherlands,2017-08-03 07:00:00,2017-08-03 09:00:00,35.98,0.390383,9,3,8
Netherlands,2022-09-22 17:00:00,2022-09-22 19:00:00,600.0,6.51,19,3,9
Netherlands,2022-11-22 01:00:00,2022-11-22 02:00:00,99.97,1.0846744999999998,2,1,11
Netherlands,2022-07-13 07:00:00,2022-07-13 09:00:00,419.99,4.5568915,9,2,7
Netherlands,2016-05-27 22:00:00,2016-05-28 00:00:00,28.92,0.313782,0,5,5
Netherlands,2022-08-01 06:00:00,2022-08-01 08:00:00,474.9,5.152665,8,0,8
Netherlands,2022-07-12 03:00:00,2022-07-12 05:00:00,362.1,3.9287850000000004,5,1,7
Netherlands,2015-02-18 03:00:00,2015-02-18 04:00:00,34.95,0.37920750000000003,4,2,2
Netherlands,2017-08-29 14:00:00,2017-08-29 16:00:00,37.68,0.40882799999999997,16,1,8
Netherlands,2022-07-30 00:00:00,2022-07-30 02:00:00,405.0,4.39425,2,5,7
Netherlands,2021-05-27 15:00:00,2021-05-27 17:00:00,69.62,0.7553770000000001,17,3,5
Netherlands,27/05/2024 12:00,2024-05-27 14:00:00,64.97,0.7049245,14,0,5
Netherlands,2020-02-21 20:00:00,2020-02-21 21:00:00,26.45,0.2869825,21,4,2
Netherlands,2022-02-03 05:00:00,2022-02-03 06:00:00,164.9,1.789165,6,3,2
Netherlands,2022-05-12 02:00:00,2022-05-12 04:00:00,182.34,1.978389,4,3,5
Netherlands,2019-06-09 06:00:00,2019-06-09 08:00:00,26.57,0.2882845,8,6,6
Netherlands,2021-03-06 21:00:00,2021-03-06 22:00:00,49.68,0.5390280000000001,22,5,3
Netherlands,2022-07-05 23:00:00,2022-07-06 01:00:00,309.12,3.3539519999999996,1,2,7
Netherlands,2018-11-05 11:00:00,2018-11-05 12:00:00,65.78,0.7137129999999999,12,0,11
Netherlands,2021-02-02 03:00:00,2021-02-02 04:00:00,43.98,0.4771829999999999,4,1,2
Netherlands,10/12/2024 14:00,2024-12-10 15:00:00,176.6,1.91611,15,1,12
Netherlands,2019-04-05 00:00:00,2019-04-05 02:00:00,34.49,0.3742165,2,4,4
Netherlands,2019-10-07 15:00:00,2019-10-07 17:00:00,51.5,0.558775,17,0,10
Netherlands,2020-04-10 18:00:00,2020-04-10 20:00:00,34.83,0.37790549999999995,20,4,4
Netherlands,2017-10-19 11:00:00,2017-10-19 13:00:00,42.51,0.46123349999999996,13,3,10
Netherlands,2017-04-18 20:00:00,2017-04-18 22:00:00,32.95,0.3575075,22,1,4
Netherlands,2019-09-02 02:00:00,2019-09-02 04:00:00,25.63,0.2780855,4,0,9
Netherlands,2019-08-30 00:00:00,2019-08-30 02:00:00,29.41,0.3190985,2,4,8
Netherlands,17/08/2024 21:00,2024-08-17 23:00:00,105.69,1.1467365,23,5,8
Netherlands,2016-07-27 01:00:00,2016-07-27 03:00:00,25.87,0.28068950000000004,3,2,7
Netherlands,2023-07-09 06:00:00,2023-07-09 08:00:00,86.27,0.9360294999999998,8,6,7
Netherlands,2016-02-02 14:00:00,2016-02-02 15:00:00,25.46,0.27624099999999996,15,1,2
Netherlands,2015-05-03 17:00:00,2015-05-03 19:00:00,29.62,0.321377,19,6,5
Netherlands,2022-02-02 19:00:00,2022-02-02 20:00:00,237.0,2.57145,20,2,2
Netherlands,2021-08-13 07:00:00,2021-08-13 09:00:00,109.66,1.189811,9,4,8
Netherlands,2016-12-01 02:00:00,2016-12-01 03:00:00,29.88,0.324198,3,3,12
Netherlands,2019-09-09 13:00:00,2019-09-09 15:00:00,42.23,0.4581954999999999,15,0,9
Netherlands,2021-04-26 23:00:00,2021-04-27 01:00:00,52.02,0.5644170000000001,1,1,4
Netherlands,25/10/2023 17:00,2023-10-25 19:00:00,157.9,1.713215,19,2,10
Netherlands,2018-08-18 09:00:00,2018-08-18 11:00:00,53.51,0.5805834999999999,11,5,8
Netherlands,2020-04-04 16:00:00,2020-04-04 18:00:00,26.28,0.285138,18,5,4
Netherlands,2018-11-23 20:00:00,2018-11-23 21:00:00,60.55,0.6569674999999999,21,4,11
Netherlands,2022-02-09 00:00:00,2022-02-09 01:00:00,112.88,1.2247479999999997,1,2,2
Netherlands,2022-07-31 19:00:00,2022-07-31 21:00:00,463.49,5.0288665,21,6,7
Netherlands,02/06/2024 01:00,2024-06-02 03:00:00,5.0,0.05425,3,6,6
Netherlands,09/06/2024 07:00,2024-06-09 09:00:00,-1.97,-0.021374499999999998,9,6,6
Netherlands,2018-12-16 18:00:00,2018-12-16 19:00:00,66.75,0.7242375,19,6,12
Netherlands,2019-04-04 00:00:00,2019-04-04 02:00:00,33.0,0.35805000000000003,2,3,4
Netherlands,2016-12-15 00:00:00,2016-12-15 01:00:00,32.63,0.3540355,1,3,12
Netherlands,2020-09-27 11:00:00,2020-09-27 13:00:00,32.4,0.35153999999999996,13,6,9
Netherlands,05/09/2024 22:00,2024-09-06 00:00:00,68.7,0.745395,0,4,9
Netherlands,2015-04-12 13:00:00,2015-04-12 15:00:00,20.94,0.227199,15,6,4
Netherlands,2021-04-06 22:00:00,2021-04-07 00:00:00,54.9,0.595665,0,2,4
Netherlands,2017-03-03 21:00:00,2017-03-03 22:00:00,36.25,0.3933125,22,4,3
Netherlands,2018-12-26 07:00:00,2018-12-26 08:00:00,54.1,0.586985,8,2,12
Netherlands,2021-08-26 02:00:00,2021-08-26 04:00:00,71.95,0.7806575,4,3,8
Netherlands,2018-07-20 11:00:00,2018-07-20 13:00:00,54.07,0.5866595,13,4,7
Netherlands,2021-08-19 18:00:00,2021-08-19 20:00:00,128.12,1.3901020000000002,20,3,8
Netherlands,2017-10-12 18:00:00,2017-10-12 20:00:00,52.4,0.5685399999999999,20,3,10
Netherlands,2016-07-16 11:00:00,2016-07-16 13:00:00,24.71,0.2681035,13,5,7
Netherlands,2022-01-14 21:00:00,2022-01-14 22:00:00,169.0,1.8336499999999998,22,4,1
Netherlands,2020-01-16 02:00:00,2020-01-16 03:00:00,28.34,0.30748899999999996,3,3,1
Netherlands,2018-03-31 20:00:00,2018-03-31 22:00:00,68.82,0.7466969999999999,22,5,3
Netherlands,08/05/2024 11:00,2024-05-08 13:00:00,61.93,0.6719404999999999,13,2,5
Netherlands,06/01/2024 10:00,2024-01-06 11:00:00,100.43,1.0896655000000002,11,5,1
Netherlands,2016-11-26 16:00:00,2016-11-26 17:00:00,53.69,0.5825364999999999,17,5,11
Netherlands,2023-09-17 15:00:00,2023-09-17 17:00:00,109.9,1.192415,17,6,9
Netherlands,2018-04-15 12:00:00,2018-04-15 14:00:00,30.0,0.3255,14,6,4
Netherlands,2020-01-28 23:00:00,2020-01-29 00:00:00,25.7,0.27884499999999995,0,2,1
Netherlands,2023-08-22 13:00:00,2023-08-22 15:00:00,90.7,0.984095,15,1,8
Netherlands,2018-11-03 17:00:00,2018-11-03 18:00:00,61.25,0.6645625,18,5,11
Netherlands,2016-06-27 12:00:00,2016-06-27 14:00:00,38.65,0.41935249999999996,14,0,6
Netherlands,2016-08-23 12:00:00,2016-08-23 14:00:00,28.72,0.31161199999999994,14,1,8
Netherlands,2018-12-04 18:00:00,2018-12-04 19:00:00,73.68,0.799428,19,1,12
Netherlands,2022-07-07 04:00:00,2022-07-07 06:00:00,209.9,2.277415,6,3,7
Netherlands,2020-06-26 17:00:00,2020-06-26 19:00:00,46.8,0.50778,19,4,6
Netherlands,23/12/2024 04:00,2024-12-23 05:00:00,6.3,0.06835499999999999,5,0,12
Netherlands,18/03/2024 10:00,2024-03-18 11:00:00,66.64,0.723044,11,0,3
Netherlands,30/11/2023 11:00,2023-11-30 12:00:00,195.15,2.1173775,12,3,11
Netherlands,2015-05-01 21:00:00,2015-05-01 23:00:00,42.12,0.45700199999999996,23,4,5
Netherlands,2022-08-09 22:00:00,2022-08-10 00:00:00,297.01,3.2225584999999994,0,2,8
Netherlands,2015-03-14 03:00:00,2015-03-14 04:00:00,34.17,0.37074450000000003,4,5,3
Netherlands,2019-05-17 16:00:00,2019-05-17 18:00:00,48.36,0.524706,18,4,5
Netherlands,04/03/2024 20:00,2024-03-04 21:00:00,71.39,0.7745815,21,0,3
Netherlands,2017-04-25 21:00:00,2017-04-25 23:00:00,32.4,0.35153999999999996,23,1,4
Netherlands,2015-05-07 23:00:00,2015-05-08 01:00:00,38.7,0.419895,1,4,5
Netherlands,2016-12-24 20:00:00,2016-12-24 21:00:00,39.94,0.433349,21,5,12
Netherlands,09/10/2023 15:00,2023-10-09 17:00:00,129.58,1.405943,17,0,10
Netherlands,03/12/2024 13:00,2024-12-03 14:00:00,148.0,1.6058,14,1,12
Netherlands,2022-04-12 15:00:00,2022-04-12 17:00:00,220.8,2.39568,17,1,4
Netherlands,27/08/2024 14:00,2024-08-27 16:00:00,45.4,0.49259,16,1,8
Netherlands,2015-01-28 14:00:00,2015-01-28 15:00:00,40.0,0.434,15,2,1
Netherlands,2021-08-22 14:00:00,2021-08-22 16:00:00,79.0,0.85715,16,6,8
Netherlands,15/05/2024 05:00,2024-05-15 07:00:00,80.03,0.8683255000000001,7,2,5
Netherlands,2019-09-28 17:00:00,2019-09-28 19:00:00,43.69,0.4740364999999999,19,5,9
Netherlands,06/06/2024 14:00,2024-06-06 16:00:00,53.75,0.5831875,16,3,6
Netherlands,2019-12-18 12:00:00,2019-12-18 13:00:00,46.69,0.5065864999999999,13,2,12
Netherlands,2018-09-05 02:00:00,2018-09-05 04:00:00,53.18,0.5770029999999999,4,2,9
Netherlands,2020-10-25 10:00:00,2020-10-25 11:00:00,48.0,0.5207999999999999,11,6,10
Netherlands,2019-10-23 12:00:00,2019-10-23 14:00:00,38.87,0.4217395,14,2,10
Netherlands,2019-02-17 22:00:00,2019-02-17 23:00:00,38.75,0.4204375,23,6,2
Netherlands,2021-10-19 01:00:00,2021-10-19 03:00:00,92.12,0.9995020000000001,3,1,10
Netherlands,2017-06-09 10:00:00,2017-06-09 12:00:00,36.38,0.394723,12,4,6
Netherlands,2019-12-17 07:00:00,2019-12-17 08:00:00,49.5,0.537075,8,1,12
Netherlands,2017-07-12 03:00:00,2017-07-12 05:00:00,29.3,0.317905,5,2,7
Netherlands,2016-03-28 20:00:00,2016-03-28 22:00:00,20.01,0.2171085,22,0,3
Netherlands,2015-07-09 13:00:00,2015-07-09 15:00:00,38.71,0.4200035,15,3,7
Netherlands,2021-11-01 11:00:00,2021-11-01 12:00:00,78.98,0.856933,12,0,11
Netherlands,2022-10-11 09:00:00,2022-10-11 11:00:00,229.87,2.4940895,11,1,10
Netherlands,2021-07-28 17:00:00,2021-07-28 19:00:00,90.9,0.986265,19,2,7
Netherlands,2020-04-30 19:00:00,2020-04-30 21:00:00,27.85,0.3021725,21,3,4
Netherlands,05/12/2024 13:00,2024-12-05 14:00:00,107.36,1.164856,14,3,12
Netherlands,2016-04-25 16:00:00,2016-04-25 18:00:00,28.41,0.3082485,18,0,4
Netherlands,2017-02-03 23:00:00,2017-02-04 00:00:00,37.04,0.40188399999999996,0,5,2
Netherlands,2016-08-12 14:00:00,2016-08-12 16:00:00,24.2,0.26256999999999997,16,4,8
Netherlands,2022-01-29 12:00:00,2022-01-29 13:00:00,122.81,1.3324885,13,5,1
Netherlands,11/05/2024 21:00,2024-05-11 23:00:00,64.57,0.7005844999999999,23,5,5
Netherlands,2020-08-20 17:00:00,2020-08-20 19:00:00,63.16,0.685286,19,3,8
Netherlands,2023-05-24 14:00:00,2023-05-24 16:00:00,80.0,0.868,16,2,5
Netherlands,2016-11-19 02:00:00,2016-11-19 03:00:00,30.95,0.3358075,3,5,11
Netherlands,2021-04-16 02:00:00,2021-04-16 04:00:00,52.89,0.5738565,4,4,4
Netherlands,2022-10-21 21:00:00,2022-10-21 23:00:00,142.6,1.5472099999999998,23,4,10
Netherlands,06/11/2023 19:00,2023-11-06 20:00:00,111.49,1.2096664999999998,20,0,11
Netherlands,2023-06-17 23:00:00,2023-06-18 01:00:00,117.85,1.2786724999999999,1,6,6
Netherlands,2023-03-31 05:00:00,2023-03-31 07:00:00,121.37,1.3168644999999999,7,4,3
Netherlands,2022-11-06 03:00:00,2022-11-06 04:00:00,68.76,0.7460460000000001,4,6,11
Netherlands,2023-08-31 01:00:00,2023-08-31 03:00:00,90.78,0.9849629999999999,3,3,8
Netherlands,2022-10-25 20:00:00,2022-10-25 22:00:00,105.3,1.1425049999999999,22,1,10
Netherlands,2022-09-04 16:00:00,2022-09-04 18:00:00,455.47,4.9418495,18,6,9
Netherlands,2022-07-15 12:00:00,2022-07-15 14:00:00,184.22,1.998787,14,4,7
Netherlands,2021-05-10 19:00:00,2021-05-10 21:00:00,84.0,0.9114,21,0,5
Netherlands,2020-02-16 03:00:00,2020-02-16 04:00:00,-4.25,-0.046112499999999994,4,6,2
Netherlands,2020-07-26 05:00:00,2020-07-26 07:00:00,10.82,0.117397,7,6,7
Netherlands,2018-11-25 04:00:00,2018-11-25 05:00:00,48.07,0.5215595,5,6,11
Netherlands,2023-01-31 12:00:00,2023-01-31 13:00:00,113.06,1.226701,13,1,1
Netherlands,2018-08-19 18:00:00,2018-08-19 20:00:00,63.41,0.6879985,20,6,8
Netherlands,2021-06-18 00:00:00,2021-06-18 02:00:00,67.07,0.7277094999999999,2,4,6
Netherlands,2021-11-05 06:00:00,2021-11-05 07:00:00,199.92,2.1691319999999994,7,4,11
Netherlands,2020-04-27 03:00:00,2020-04-27 05:00:00,18.32,0.198772,5,0,4
Netherlands,2022-04-10 14:00:00,2022-04-10 16:00:00,129.78,1.408113,16,6,4
Netherlands,2023-07-07 04:00:00,2023-07-07 06:00:00,94.8,1.0285799999999998,6,4,7
Netherlands,2020-04-21 20:00:00,2020-04-21 22:00:00,32.31,0.35056350000000003,22,1,4
Netherlands,08/11/2024 09:00,2024-11-08 10:00:00,117.34,1.2731389999999998,10,4,11
Netherlands,2020-06-27 20:00:00,2020-06-27 22:00:00,32.91,0.3570735,22,5,6
Netherlands,2021-10-17 23:00:00,2021-10-18 01:00:00,149.5,1.6220750000000002,1,0,10
Netherlands,2015-07-01 22:00:00,2015-07-02 00:00:00,32.78,0.355663,0,3,7
Netherlands,2017-04-08 21:00:00,2017-04-08 23:00:00,39.02,0.423367,23,5,4
Netherlands,2023-06-09 04:00:00,2023-06-09 06:00:00,99.75,1.0822874999999998,6,4,6
Netherlands,2022-06-05 05:00:00,2022-06-05 07:00:00,133.65,1.4501025,7,6,6
Netherlands,2015-03-18 12:00:00,2015-03-18 13:00:00,39.96,0.43356599999999995,13,2,3
Netherlands,2017-07-25 10:00:00,2017-07-25 12:00:00,39.75,0.4312875,12,1,7
Netherlands,2023-06-06 22:00:00,2023-06-07 00:00:00,89.66,0.9728109999999999,0,2,6
Netherlands,2021-06-09 13:00:00,2021-06-09 15:00:00,71.76,0.778596,15,2,6
Netherlands,2020-07-20 04:00:00,2020-07-20 06:00:00,35.24,0.38235399999999997,6,0,7
Netherlands,2020-01-17 00:00:00,2020-01-17 01:00:00,27.16,0.294686,1,4,1
Netherlands,2018-07-21 11:00:00,2018-07-21 13:00:00,50.46,0.547491,13,5,7
Netherlands,2015-12-11 15:00:00,2015-12-11 16:00:00,37.44,0.406224,16,4,12
Netherlands,2022-05-04 05:00:00,2022-05-04 07:00:00,296.9,3.2213649999999996,7,2,5
Netherlands,2020-11-23 19:00:00,2020-11-23 20:00:00,44.58,0.483693,20,0,11
Netherlands,2019-01-22 06:00:00,2019-01-22 07:00:00,71.19,0.7724114999999999,7,1,1
Netherlands,2015-07-27 22:00:00,2015-07-28 00:00:00,19.13,0.20756049999999998,0,1,7
Netherlands,2020-06-20 02:00:00,2020-06-20 04:00:00,20.48,0.222208,4,5,6
Netherlands,2016-02-14 21:00:00,2016-02-14 22:00:00,20.33,0.22058049999999998,22,6,2
Netherlands,2018-07-03 08:00:00,2018-07-03 10:00:00,62.52,0.678342,10,1,7
Netherlands,2016-02-24 20:00:00,2016-02-24 21:00:00,24.88,0.26994799999999997,21,2,2
Netherlands,2015-09-26 19:00:00,2015-09-26 21:00:00,48.5,0.526225,21,5,9
Netherlands,2017-12-08 12:00:00,2017-12-08 13:00:00,43.12,0.467852,13,4,12
Netherlands,19/12/2024 21:00,2024-12-19 22:00:00,79.05,0.8576925,22,3,12
Netherlands,2018-04-13 03:00:00,2018-04-13 05:00:00,35.31,0.3831135,5,4,4
Netherlands,2023-05-14 09:00:00,2023-05-14 11:00:00,13.89,0.1507065,11,6,5
Netherlands,2015-01-05 18:00:00,2015-01-05 19:00:00,49.23,0.5341454999999999,19,0,1
Netherlands,2023-09-08 10:00:00,2023-09-08 12:00:00,72.71,0.7889034999999999,12,4,9
Netherlands,2021-07-09 13:00:00,2021-07-09 15:00:00,83.21,0.9028284999999998,15,4,7
Netherlands,12/06/2024 19:00,2024-06-12 21:00:00,151.86,1.647681,21,2,6
Netherlands,2018-02-18 10:00:00,2018-02-18 11:00:00,37.2,0.40362,11,6,2
Netherlands,2021-06-05 17:00:00,2021-06-05 19:00:00,75.62,0.820477,19,5,6
Netherlands,2021-03-05 12:00:00,2021-03-05 13:00:00,39.3,0.426405,13,4,3
Netherlands,2018-02-06 18:00:00,2018-02-06 19:00:00,58.08,0.6301680000000001,19,1,2
Netherlands,2016-06-06 12:00:00,2016-06-06 14:00:00,39.4,0.4274899999999999,14,0,6
Netherlands,2019-12-27 13:00:00,2019-12-27 14:00:00,41.27,0.44777950000000005,14,4,12
Netherlands,2019-01-09 22:00:00,2019-01-09 23:00:00,50.31,0.5458635000000001,23,2,1
Netherlands,2019-09-04 20:00:00,2019-09-04 22:00:00,35.3,0.38300499999999993,22,2,9
Netherlands,2022-01-29 06:00:00,2022-01-29 07:00:00,95.98,1.041383,7,5,1
Netherlands,2021-03-24 20:00:00,2021-03-24 21:00:00,66.75,0.7242375,21,2,3
Netherlands,2021-09-21 10:00:00,2021-09-21 12:00:00,145.06,1.573901,12,1,9
Netherlands,05/10/2023 16:00,2023-10-05 18:00:00,165.07,1.7910095,18,3,10
Netherlands,2020-01-26 04:00:00,2020-01-26 05:00:00,28.1,0.304885,5,6,1
Netherlands,2018-10-12 17:00:00,2018-10-12 19:00:00,79.08,0.858018,19,4,10
Netherlands,07/10/2024 16:00,2024-10-07 18:00:00,227.65,2.4700025,18,0,10
Netherlands,2018-05-06 05:00:00,2018-05-06 07:00:00,23.3,0.252805,7,6,5
Netherlands,2016-01-25 07:00:00,2016-01-25 08:00:00,35.0,0.37975,8,0,1
Netherlands,2016-01-03 15:00:00,2016-01-03 16:00:00,21.68,0.235228,16,6,1
Netherlands,03/08/2024 06:00,2024-08-03 08:00:00,81.19,0.8809115,8,5,8
Netherlands,2023-08-29 23:00:00,2023-08-30 01:00:00,98.6,1.06981,1,2,8
Netherlands,2020-05-25 12:00:00,2020-05-25 14:00:00,14.38,0.156023,14,0,5
Netherlands,2023-07-09 01:00:00,2023-07-09 03:00:00,95.46,1.035741,3,6,7
Netherlands,2020-03-24 13:00:00,2020-03-24 14:00:00,14.33,0.1554805,14,1,3
Netherlands,2019-03-19 01:00:00,2019-03-19 02:00:00,37.45,0.40633250000000004,2,1,3
Netherlands,2022-03-21 16:00:00,2022-03-21 17:00:00,258.2,2.8014699999999997,17,0,3
Netherlands,2019-12-26 09:00:00,2019-12-26 10:00:00,34.95,0.37920750000000003,10,3,12
Netherlands,2016-12-04 15:00:00,2016-12-04 16:00:00,44.0,0.4774,16,6,12
Netherlands,2017-09-21 11:00:00,2017-09-21 13:00:00,35.27,0.3826795,13,3,9
Netherlands,2018-03-23 11:00:00,2018-03-23 12:00:00,52.53,0.5699505,12,4,3
Netherlands,2020-09-21 22:00:00,2020-09-22 00:00:00,36.2,0.39277000000000006,0,1,9
Netherlands,24/12/2024 04:00,2024-12-24 05:00:00,80.6,0.8745099999999999,5,1,12
Netherlands,2021-07-15 09:00:00,2021-07-15 11:00:00,99.6,1.08066,11,3,7
Netherlands,2018-12-29 01:00:00,2018-12-29 02:00:00,48.9,0.530565,2,5,12
Netherlands,30/07/2024 23:00,2024-07-31 01:00:00,86.2,0.9352699999999999,1,2,7
Netherlands,2020-09-24 03:00:00,2020-09-24 05:00:00,25.51,0.2767835,5,3,9
Netherlands,2022-09-09 23:00:00,2022-09-10 01:00:00,359.09,3.8961264999999994,1,5,9
Netherlands,2018-09-06 05:00:00,2018-09-06 07:00:00,73.78,0.800513,7,3,9
Netherlands,2019-06-12 03:00:00,2019-06-12 05:00:00,34.74,0.376929,5,2,6
Netherlands,2020-07-27 04:00:00,2020-07-27 06:00:00,34.58,0.375193,6,0,7
Netherlands,27/11/2024 09:00,2024-11-27 10:00:00,139.07,1.5089095,10,2,11
Netherlands,2016-06-26 16:00:00,2016-06-26 18:00:00,25.42,0.275807,18,6,6
Netherlands,2019-10-06 02:00:00,2019-10-06 04:00:00,27.0,0.29295,4,6,10
Netherlands,2023-05-23 09:00:00,2023-05-23 11:00:00,25.0,0.27125,11,1,5
Netherlands,2023-01-16 08:00:00,2023-01-16 09:00:00,170.0,1.8445,9,0,1
Netherlands,2021-01-14 11:00:00,2021-01-14 12:00:00,88.75,0.9629375,12,3,1
Netherlands,09/10/2023 10:00,2023-10-09 12:00:00,98.55,1.0692675,12,0,10
Netherlands,2018-01-22 03:00:00,2018-01-22 04:00:00,21.27,0.23077949999999997,4,0,1
Netherlands,2017-10-05 07:00:00,2017-10-05 09:00:00,55.0,0.59675,9,3,10
Netherlands,2017-05-24 14:00:00,2017-05-24 16:00:00,32.13,0.3486105,16,2,5
Netherlands,2021-03-14 14:00:00,2021-03-14 15:00:00,0.99,0.010741500000000001,15,6,3
Netherlands,2016-09-07 12:00:00,2016-09-07 14:00:00,35.5,0.385175,14,2,9
Netherlands,2022-08-17 10:00:00,2022-08-17 12:00:00,480.0,5.208,12,2,8
Netherlands,2019-04-13 18:00:00,2019-04-13 20:00:00,46.28,0.502138,20,5,4
Netherlands,2021-11-30 14:00:00,2021-11-30 15:00:00,253.0,2.7450499999999995,15,1,11
Netherlands,2022-10-02 06:00:00,2022-10-02 08:00:00,200.6,2.17651,8,6,10
Netherlands,2017-05-10 00:00:00,2017-05-10 02:00:00,31.0,0.33635,2,2,5
Netherlands,2020-06-15 10:00:00,2020-06-15 12:00:00,34.1,0.369985,12,0,6
Netherlands,2023-02-17 10:00:00,2023-02-17 11:00:00,109.4,1.18699,11,4,2
Netherlands,2015-11-05 18:00:00,2015-11-05 19:00:00,58.05,0.6298425,19,3,11
Netherlands,2018-12-08 15:00:00,2018-12-08 16:00:00,62.07,0.6734595,16,5,12
Netherlands,02/11/2023 17:00,2023-11-02 18:00:00,144.0,1.5623999999999998,18,3,11
Netherlands,2020-12-23 18:00:00,2020-12-23 19:00:00,44.82,0.486297,19,2,12
Netherlands,2019-07-21 06:00:00,2019-07-21 08:00:00,31.02,0.336567,8,6,7
Netherlands,2018-01-01 22:00:00,2018-01-01 23:00:00,23.79,0.25812149999999995,23,0,1
Netherlands,2021-05-08 00:00:00,2021-05-08 02:00:00,68.55,0.7437674999999999,2,5,5
Netherlands,2022-02-08 04:00:00,2022-02-08 05:00:00,109.91,1.1925235,5,1,2
Netherlands,2018-04-04 20:00:00,2018-04-04 22:00:00,39.62,0.42987699999999995,22,2,4
Netherlands,2022-05-31 09:00:00,2022-05-31 11:00:00,185.7,2.0148449999999998,11,1,5
Netherlands,2017-03-11 08:00:00,2017-03-11 09:00:00,35.05,0.3802925,9,5,3
Netherlands,2020-07-18 18:00:00,2020-07-18 20:00:00,38.41,0.4167484999999999,20,5,7
Netherlands,03/09/2024 02:00,2024-09-03 04:00:00,96.0,1.0415999999999999,4,1,9
Netherlands,2016-03-02 17:00:00,2016-03-02 18:00:00,40.0,0.434,18,2,3
Netherlands,2020-03-26 02:00:00,2020-03-26 03:00:00,18.39,0.1995315,3,3,3
Netherlands,2015-02-20 03:00:00,2015-02-20 04:00:00,34.9,0.378665,4,4,2
Netherlands,2017-02-11 18:00:00,2017-02-11 19:00:00,39.6,0.42966000000000004,19,5,2
Netherlands,2019-04-14 01:00:00,2019-04-14 03:00:00,36.61,0.39721850000000003,3,6,4
Netherlands,21/10/2024 14:00,2024-10-21 16:00:00,116.57,1.2647845,16,0,10
Netherlands,2019-09-23 21:00:00,2019-09-23 23:00:00,32.71,0.3549035,23,0,9
Netherlands,2016-06-09 01:00:00,2016-06-09 03:00:00,27.58,0.299243,3,3,6
Netherlands,2020-04-02 21:00:00,2020-04-02 23:00:00,25.92,0.28123200000000004,23,3,4
Netherlands,24/10/2024 03:00,2024-10-24 05:00:00,80.17,0.8698445,5,3,10
Netherlands,2020-07-13 05:00:00,2020-07-13 07:00:00,39.47,0.42824949999999995,7,0,7
Netherlands,2021-10-16 14:00:00,2021-10-16 16:00:00,141.4,1.5341900000000002,16,5,10
Netherlands,2021-12-22 05:00:00,2021-12-22 06:00:00,399.9,4.338915,6,2,12
Netherlands,2023-09-28 17:00:00,2023-09-28 19:00:00,239.75,2.6012874999999998,19,3,9
Netherlands,2015-02-19 06:00:00,2015-02-19 07:00:00,47.93,0.5200404999999999,7,3,2
Netherlands,2015-10-24 08:00:00,2015-10-24 10:00:00,61.33,0.6654304999999999,10,5,10
Netherlands,2022-05-22 16:00:00,2022-05-22 18:00:00,195.29,2.1188965,18,6,5
Netherlands,2018-02-25 21:00:00,2018-02-25 22:00:00,55.5,0.6021749999999999,22,6,2
Netherlands,2021-03-14 16:00:00,2021-03-14 17:00:00,40.0,0.434,17,6,3
Netherlands,2017-05-14 04:00:00,2017-05-14 06:00:00,25.56,0.27732599999999996,6,6,5
Netherlands,2015-12-29 03:00:00,2015-12-29 04:00:00,14.49,0.1572165,4,1,12
Netherlands,2019-12-21 17:00:00,2019-12-21 18:00:00,37.76,0.40969599999999995,18,5,12
Netherlands,2023-07-10 20:00:00,2023-07-10 22:00:00,162.62,1.764427,22,0,7
Netherlands,2018-04-21 10:00:00,2018-04-21 12:00:00,33.0,0.35805000000000003,12,5,4
Netherlands,2023-07-03 11:00:00,2023-07-03 13:00:00,-10.0,-0.1085,13,0,7
Netherlands,2016-11-04 06:00:00,2016-11-04 07:00:00,41.72,0.45266199999999995,7,4,11
Netherlands,2015-06-27 01:00:00,2015-06-27 03:00:00,25.54,0.277109,3,5,6
Netherlands,2016-01-03 10:00:00,2016-01-03 11:00:00,34.11,0.3700935,11,6,1
Netherlands,2020-07-12 01:00:00,2020-07-12 03:00:00,25.03,0.27157549999999997,3,6,7
Netherlands,2017-10-10 00:00:00,2017-10-10 02:00:00,33.0,0.35805000000000003,2,1,10
Netherlands,2015-12-06 23:00:00,2015-12-07 00:00:00,26.21,0.2843785,0,0,12
Netherlands,2018-08-13 08:00:00,2018-08-13 10:00:00,61.38,0.6659729999999999,10,0,8
Netherlands,2021-12-15 12:00:00,2021-12-15 13:00:00,314.6,3.4134100000000003,13,2,12
Netherlands,2016-09-27 23:00:00,2016-09-28 01:00:00,21.4,0.23218999999999998,1,2,9
Netherlands,2022-04-10 06:00:00,2022-04-10 08:00:00,217.7,2.3620449999999997,8,6,4
Netherlands,2015-03-24 15:00:00,2015-03-24 16:00:00,54.95,0.5962075,16,1,3
Netherlands,2015-11-03 20:00:00,2015-11-03 21:00:00,36.72,0.398412,21,1,11
Netherlands,2019-02-08 22:00:00,2019-02-08 23:00:00,46.49,0.5044164999999999,23,4,2
Netherlands,2019-09-21 01:00:00,2019-09-21 03:00:00,25.29,0.2743965,3,5,9
Netherlands,2016-04-03 01:00:00,2016-04-03 03:00:00,15.7,0.170345,3,6,4
Netherlands,2016-06-29 11:00:00,2016-06-29 13:00:00,40.4,0.43833999999999995,13,2,6
Netherlands,2018-09-21 10:00:00,2018-09-21 12:00:00,49.9,0.541415,12,4,9
Netherlands,2020-03-03 09:00:00,2020-03-03 10:00:00,37.97,0.41197449999999997,10,1,3
Netherlands,2015-11-04 22:00:00,2015-11-04 23:00:00,32.21,0.34947849999999997,23,2,11
Netherlands,2019-09-23 02:00:00,2019-09-23 04:00:00,25.33,0.2748305,4,0,9
Netherlands,2016-09-03 01:00:00,2016-09-03 03:00:00,23.99,0.2602915,3,5,9
Netherlands,2018-10-23 11:00:00,2018-10-23 13:00:00,53.91,0.5849235,13,1,10
Netherlands,2020-09-12 19:00:00,2020-09-12 21:00:00,47.06,0.510601,21,5,9
Netherlands,2017-08-07 01:00:00,2017-08-07 03:00:00,24.8,0.26908,3,0,8
Netherlands,2018-04-17 22:00:00,2018-04-18 00:00:00,39.6,0.42966000000000004,0,2,4
Netherlands,2021-10-06 22:00:00,2021-10-07 00:00:00,261.0,2.8318499999999998,0,3,10
Netherlands,18/07/2024 04:00,2024-07-18 06:00:00,116.0,1.2586,6,3,7
Netherlands,2021-06-17 05:00:00,2021-06-17 07:00:00,94.08,1.020768,7,3,6
Netherlands,2018-03-20 23:00:00,2018-03-21 00:00:00,40.77,0.44235450000000004,0,2,3
Netherlands,2018-10-02 00:00:00,2018-10-02 02:00:00,49.0,0.53165,2,1,10
Netherlands,2022-11-19 02:00:00,2022-11-19 03:00:00,141.69,1.5373364999999999,3,5,11
Netherlands,2022-04-06 16:00:00,2022-04-06 18:00:00,219.9,2.385915,18,2,4
Netherlands,2018-03-18 21:00:00,2018-03-18 22:00:00,47.48,0.5151579999999999,22,6,3
Netherlands,2015-09-05 10:00:00,2015-09-05 12:00:00,57.1,0.619535,12,5,9
Netherlands,2022-02-27 19:00:00,2022-02-27 20:00:00,275.13,2.9851605,20,6,2
Netherlands,2019-11-30 03:00:00,2019-11-30 04:00:00,35.39,0.3839815,4,5,11
Netherlands,2019-10-13 15:00:00,2019-10-13 17:00:00,27.94,0.303149,17,6,10
Netherlands,2015-02-19 09:00:00,2015-02-19 10:00:00,60.0,0.651,10,3,2
Netherlands,2017-07-02 19:00:00,2017-07-02 21:00:00,37.0,0.40145,21,6,7
Netherlands,2022-11-29 16:00:00,2022-11-29 17:00:00,501.1,5.436935,17,1,11
Netherlands,18/02/2024 09:00,2024-02-18 10:00:00,40.45,0.4388825,10,6,2
Netherlands,2022-12-12 03:00:00,2022-12-12 04:00:00,270.0,2.9295,4,0,12
Netherlands,2018-01-20 21:00:00,2018-01-20 22:00:00,36.33,0.3941805,22,5,1
Netherlands,2021-02-14 19:00:00,2021-02-14 20:00:00,46.0,0.4991,20,6,2
Netherlands,2015-07-21 07:00:00,2015-07-21 09:00:00,52.58,0.5704929999999999,9,1,7
Netherlands,2023-05-04 18:00:00,2023-05-04 20:00:00,120.49,1.3073165,20,3,5
Netherlands,2020-02-22 07:00:00,2020-02-22 08:00:00,24.66,0.267561,8,5,2
Netherlands,2021-12-20 00:00:00,2021-12-20 01:00:00,300.1,3.256085,1,0,12
Netherlands,2019-08-15 05:00:00,2019-08-15 07:00:00,31.99,0.3470915,7,3,8
Netherlands,2018-06-23 10:00:00,2018-06-23 12:00:00,54.26,0.588721,12,5,6
Netherlands,2020-02-10 22:00:00,2020-02-10 23:00:00,15.1,0.16383499999999998,23,0,2
Netherlands,01/01/2025 06:00,2025-01-01 07:00:00,0.79,0.008571500000000001,7,2,1
Netherlands,2023-02-18 05:00:00,2023-02-18 06:00:00,82.26,0.8925210000000001,6,5,2
Netherlands,2022-08-24 03:00:00,2022-08-24 05:00:00,574.18,6.229852999999999,5,2,8
Netherlands,2021-04-02 20:00:00,2021-04-02 22:00:00,45.0,0.48825,22,4,4
Netherlands,2019-08-04 14:00:00,2019-08-04 16:00:00,29.97,0.3251745,16,6,8
Netherlands,2018-11-09 22:00:00,2018-11-09 23:00:00,54.49,0.5912165,23,4,11
Netherlands,2015-07-02 12:00:00,2015-07-02 14:00:00,67.26,0.7297710000000001,14,3,7
Netherlands,05/05/2024 01:00,2024-05-05 03:00:00,88.67,0.9620694999999999,3,6,5
Netherlands,2021-02-06 08:00:00,2021-02-06 09:00:00,56.74,0.615629,9,5,2
Netherlands,2022-04-17 07:00:00,2022-04-17 09:00:00,100.0,1.085,9,6,4
Netherlands,2018-01-17 10:00:00,2018-01-17 11:00:00,48.44,0.525574,11,2,1
Netherlands,2015-12-14 12:00:00,2015-12-14 13:00:00,46.77,0.5074545,13,0,12
Netherlands,2017-07-26 06:00:00,2017-07-26 08:00:00,37.78,0.409913,8,2,7
Netherlands,01/11/2023 09:00,2023-11-01 10:00:00,55.64,0.603694,10,2,11
Netherlands,2020-12-24 20:00:00,2020-12-24 21:00:00,33.1,0.359135,21,3,12
Netherlands,2017-04-04 18:00:00,2017-04-04 20:00:00,47.57,0.5161345,20,1,4
Netherlands,2017-12-15 22:00:00,2017-12-15 23:00:00,40.1,0.435085,23,4,12
Netherlands,2017-10-22 09:00:00,2017-10-22 11:00:00,41.33,0.4484305,11,6,10
Netherlands,2019-03-19 07:00:00,2019-03-19 08:00:00,54.38,0.5900230000000001,8,1,3
Netherlands,18/01/2024 12:00,2024-01-18 13:00:00,70.64,0.766444,13,3,1
Netherlands,09/08/2024 00:00,2024-08-09 02:00:00,51.88,0.562898,2,4,8
Netherlands,2021-01-18 02:00:00,2021-01-18 03:00:00,45.94,0.498449,3,0,1
Netherlands,2022-04-20 23:00:00,2022-04-21 01:00:00,179.92,1.9521319999999998,1,3,4
Netherlands,2023-08-12 21:00:00,2023-08-12 23:00:00,101.66,1.103011,23,5,8
Netherlands,2018-10-30 23:00:00,2018-10-31 00:00:00,38.49,0.41761650000000006,0,2,10
Netherlands,2023-04-30 02:00:00,2023-04-30 04:00:00,86.45,0.9379824999999999,4,6,4
Netherlands,2021-10-25 21:00:00,2021-10-25 23:00:00,176.48,1.9148079999999998,23,0,10
Netherlands,2015-09-12 17:00:00,2015-09-12 19:00:00,47.87,0.5193895,19,5,9
Netherlands,2016-06-22 17:00:00,2016-06-22 19:00:00,39.8,0.43182999999999994,19,2,6
Netherlands,2016-05-27 11:00:00,2016-05-27 13:00:00,38.16,0.41403599999999996,13,4,5
Netherlands,2022-05-11 12:00:00,2022-05-11 14:00:00,3.74,0.040579000000000004,14,2,5
Netherlands,01/04/2024 08:00,2024-04-01 10:00:00,52.96,0.574616,10,0,4
Netherlands,2018-08-26 23:00:00,2018-08-27 01:00:00,47.12,0.5112519999999999,1,0,8
Netherlands,11/03/2024 12:00,2024-03-11 13:00:00,68.59,0.7442015,13,0,3
Netherlands,2020-05-17 20:00:00,2020-05-17 22:00:00,23.22,0.25193699999999997,22,6,5
Netherlands,2015-03-27 22:00:00,2015-03-27 23:00:00,53.09,0.5760265000000001,23,4,3
Netherlands,2015-01-19 09:00:00,2015-01-19 10:00:00,48.84,0.529914,10,0,1
Netherlands,2017-07-05 12:00:00,2017-07-05 14:00:00,37.44,0.406224,14,2,7
Netherlands,2018-03-02 14:00:00,2018-03-02 15:00:00,96.6,1.0481099999999999,15,4,3
Netherlands,2022-01-22 05:00:00,2022-01-22 06:00:00,170.0,1.8445,6,5,1
Netherlands,06/03/2024 17:00,2024-03-06 18:00:00,119.02,1.291367,18,2,3
Netherlands,2018-08-31 11:00:00,2018-08-31 13:00:00,61.79,0.6704214999999999,13,4,8
Netherlands,2019-05-25 11:00:00,2019-05-25 13:00:00,33.01,0.35815849999999994,13,5,5
Netherlands,2017-12-02 03:00:00,2017-12-02 04:00:00,40.6,0.44051,4,5,12
Netherlands,2016-05-28 19:00:00,2016-05-28 21:00:00,27.44,0.297724,21,5,5
Netherlands,2019-06-15 16:00:00,2019-06-15 18:00:00,35.34,0.38343900000000003,18,5,6
Netherlands,2019-09-23 23:00:00,2019-09-24 01:00:00,30.4,0.32983999999999997,1,1,9
Netherlands,2023-02-08 08:00:00,2023-02-08 09:00:00,176.0,1.9096,9,2,2
Netherlands,2016-02-13 14:00:00,2016-02-13 15:00:00,21.15,0.22947749999999997,15,5,2
Netherlands,2019-05-17 17:00:00,2019-05-17 19:00:00,52.61,0.5708185,19,4,5
Netherlands,2016-11-02 11:00:00,2016-11-02 12:00:00,39.49,0.4284665,12,2,11
Netherlands,2016-02-17 00:00:00,2016-02-17 01:00:00,20.4,0.22133999999999998,1,2,2
Netherlands,2015-10-13 08:00:00,2015-10-13 10:00:00,41.0,0.44484999999999997,10,1,10
Netherlands,2017-02-16 15:00:00,2017-02-16 16:00:00,50.71,0.5502035,16,3,2
Netherlands,2020-07-08 16:00:00,2020-07-08 18:00:00,52.13,0.5656105,18,2,7
Netherlands,2017-03-18 06:00:00,2017-03-18 07:00:00,28.14,0.305319,7,5,3
Netherlands,2019-01-22 12:00:00,2019-01-22 13:00:00,72.8,0.78988,13,1,1
Netherlands,2019-09-28 10:00:00,2019-09-28 12:00:00,30.83,0.3345055,12,5,9
Netherlands,2015-02-06 22:00:00,2015-02-06 23:00:00,45.0,0.48825,23,4,2
Netherlands,2015-01-29 02:00:00,2015-01-29 03:00:00,33.66,0.36521099999999995,3,3,1
Netherlands,30/08/2024 14:00,2024-08-30 16:00:00,85.46,0.9272409999999999,16,4,8
Netherlands,2020-04-16 04:00:00,2020-04-16 06:00:00,22.65,0.24575249999999996,6,3,4
Netherlands,2022-03-02 02:00:00,2022-03-02 03:00:00,233.14,2.529569,3,2,3
Netherlands,2020-07-09 07:00:00,2020-07-09 09:00:00,47.93,0.5200404999999999,9,3,7
Netherlands,2022-03-13 03:00:00,2022-03-13 04:00:00,146.78,1.592563,4,6,3
Netherlands,2018-07-01 17:00:00,2018-07-01 19:00:00,48.37,0.5248145,19,6,7
Netherlands,2022-02-25 09:00:00,2022-02-25 10:00:00,218.3,2.3685549999999997,10,4,2
Netherlands,2019-01-07 17:00:00,2019-01-07 18:00:00,52.89,0.5738565,18,0,1
Netherlands,2016-05-09 17:00:00,2016-05-09 19:00:00,31.46,0.341341,19,0,5
Netherlands,2016-08-29 01:00:00,2016-08-29 03:00:00,23.14,0.251069,3,0,8
Netherlands,2021-10-05 05:00:00,2021-10-05 07:00:00,217.61,2.3610685,7,1,10
Netherlands,2020-11-11 07:00:00,2020-11-11 08:00:00,51.17,0.5551944999999999,8,2,11
Netherlands,2015-12-31 13:00:00,2015-12-31 14:00:00,27.48,0.29815800000000003,14,3,12
Netherlands,2017-12-16 05:00:00,2017-12-16 06:00:00,39.5,0.428575,6,5,12
Netherlands,28/08/2024 03:00,2024-08-28 05:00:00,91.73,0.9952705,5,2,8
Netherlands,2023-08-31 13:00:00,2023-08-31 15:00:00,86.68,0.940478,15,3,8
Netherlands,2022-02-19 23:00:00,2022-02-20 00:00:00,104.38,1.132523,0,6,2
Netherlands,2022-05-13 08:00:00,2022-05-13 10:00:00,169.9,1.843415,10,4,5
Netherlands,2015-02-13 09:00:00,2015-02-13 10:00:00,56.59,0.6140015,10,4,2
Netherlands,2016-08-08 12:00:00,2016-08-08 14:00:00,32.5,0.352625,14,0,8
Netherlands,2018-05-27 21:00:00,2018-05-27 23:00:00,73.0,0.7920499999999999,23,6,5
Netherlands,2016-10-08 18:00:00,2016-10-08 20:00:00,42.92,0.46568200000000004,20,5,10
Netherlands,05/11/2024 07:00,2024-11-05 08:00:00,136.21,1.4778785,8,1,11
Netherlands,02/09/2024 11:00,2024-09-02 13:00:00,81.02,0.8790669999999999,13,0,9
Netherlands,2019-10-26 00:00:00,2019-10-26 02:00:00,23.9,0.259315,2,5,10
Netherlands,2021-10-10 07:00:00,2021-10-10 09:00:00,159.99,1.7358915,9,6,10
Netherlands,2015-11-29 15:00:00,2015-11-29 16:00:00,34.36,0.37280599999999997,16,6,11
Netherlands,2022-05-05 02:00:00,2022-05-05 04:00:00,204.9,2.223165,4,3,5
Netherlands,2022-04-05 00:00:00,2022-04-05 02:00:00,179.9,1.951915,2,1,4
Netherlands,2022-08-14 04:00:00,2022-08-14 06:00:00,352.77,3.8275544999999997,6,6,8
Netherlands,2016-02-08 12:00:00,2016-02-08 13:00:00,27.35,0.2967475,13,0,2
Netherlands,2016-06-05 07:00:00,2016-06-05 09:00:00,20.83,0.22600549999999997,9,6,6
Netherlands,2022-04-05 18:00:00,2022-04-05 20:00:00,261.56,2.837926,20,1,4
Netherlands,2023-08-25 00:00:00,2023-08-25 02:00:00,95.71,1.0384535,2,4,8
Netherlands,2017-05-29 15:00:00,2017-05-29 17:00:00,42.18,0.457653,17,0,5
Netherlands,2016-11-27 01:00:00,2016-11-27 02:00:00,32.3,0.35045499999999996,2,6,11
Netherlands,2021-12-13 17:00:00,2021-12-13 18:00:00,278.76,3.024546,18,0,12
Netherlands,2015-02-09 19:00:00,2015-02-09 20:00:00,39.91,0.43302349999999995,20,0,2
Netherlands,2021-05-21 04:00:00,2021-05-21 06:00:00,48.47,0.5258995,6,4,5
Netherlands,2017-12-17 11:00:00,2017-12-17 12:00:00,54.41,0.5903484999999999,12,6,12
Netherlands,2018-08-24 22:00:00,2018-08-25 00:00:00,56.66,0.614761,0,5,8
Netherlands,2021-06-27 11:00:00,2021-06-27 13:00:00,31.51,0.3418835,13,6,6
Netherlands,2016-02-22 05:00:00,2016-02-22 06:00:00,18.05,0.1958425,6,0,2
Netherlands,09/08/2024 15:00,2024-08-09 17:00:00,-0.9,-0.009765000000000001,17,4,8
Netherlands,2019-02-25 03:00:00,2019-02-25 04:00:00,36.06,0.391251,4,0,2
Netherlands,15/11/2023 11:00,2023-11-15 12:00:00,90.94,0.986699,12,2,11
Netherlands,12/02/2024 17:00,2024-02-12 18:00:00,96.0,1.0415999999999999,18,0,2
Netherlands,2017-12-07 08:00:00,2017-12-07 09:00:00,43.85,0.4757725,9,3,12
Netherlands,2016-02-22 21:00:00,2016-02-22 22:00:00,25.08,0.27211799999999997,22,0,2
Netherlands,2022-09-15 12:00:00,2022-09-15 14:00:00,296.09,3.2125764999999995,14,3,9
Netherlands,2017-01-02 17:00:00,2017-01-02 18:00:00,55.1,0.597835,18,0,1
Netherlands,2023-09-20 18:00:00,2023-09-20 20:00:00,122.0,1.3237,20,2,9
Netherlands,2016-12-04 01:00:00,2016-12-04 02:00:00,35.35,0.38354750000000004,2,6,12
Netherlands,2019-10-12 10:00:00,2019-10-12 12:00:00,41.0,0.44484999999999997,12,5,10
Netherlands,2018-08-20 01:00:00,2018-08-20 03:00:00,44.0,0.4774,3,0,8
Netherlands,2019-08-10 17:00:00,2019-08-10 19:00:00,32.92,0.357182,19,5,8
Netherlands,2022-08-18 22:00:00,2022-08-19 00:00:00,510.09,5.534476499999999,0,4,8
Netherlands,2015-09-09 15:00:00,2015-09-09 17:00:00,46.92,0.509082,17,2,9
Netherlands,2016-10-18 10:00:00,2016-10-18 12:00:00,41.65,0.4519025,12,1,10
Netherlands,2022-08-14 01:00:00,2022-08-14 03:00:00,354.0,3.8409,3,6,8
Netherlands,2021-12-22 04:00:00,2021-12-22 05:00:00,327.0,3.5479499999999997,5,2,12
Netherlands,2021-05-07 12:00:00,2021-05-07 14:00:00,51.0,0.55335,14,4,5
Netherlands,2022-08-04 01:00:00,2022-08-04 03:00:00,348.49,3.7811165,3,3,8
Netherlands,2015-04-06 20:00:00,2015-04-06 22:00:00,39.94,0.433349,22,0,4
Netherlands,2021-11-10 10:00:00,2021-11-10 11:00:00,150.2,1.62967,11,2,11
Netherlands,2019-01-30 22:00:00,2019-01-30 23:00:00,47.1,0.511035,23,2,1
Netherlands,2021-09-24 20:00:00,2021-09-24 22:00:00,199.7,2.1667449999999997,22,4,9
Netherlands,2023-05-09 04:00:00,2023-05-09 06:00:00,111.58,1.2106430000000001,6,1,5
Netherlands,2021-11-29 05:00:00,2021-11-29 06:00:00,203.3,2.205805,6,0,11
Netherlands,2015-08-12 02:00:00,2015-08-12 04:00:00,27.81,0.30173849999999997,4,2,8
Netherlands,2022-07-07 08:00:00,2022-07-07 10:00:00,235.0,2.54975,10,3,7
Netherlands,23/02/2024 05:00,2024-02-23 06:00:00,39.96,0.43356599999999995,6,4,2
Netherlands,2023-03-16 16:00:00,2023-03-16 17:00:00,119.23,1.2936455,17,3,3
Netherlands,2018-10-02 03:00:00,2018-10-02 05:00:00,47.99,0.5206915,5,1,10
Netherlands,2020-03-10 16:00:00,2020-03-10 17:00:00,24.27,0.2633295,17,1,3
Netherlands,2022-01-08 22:00:00,2022-01-08 23:00:00,149.6,1.62316,23,5,1
Netherlands,30/10/2023 14:00,2023-10-30 15:00:00,139.45,1.5130324999999998,15,0,10
Netherlands,2023-01-08 04:00:00,2023-01-08 05:00:00,5.08,0.055118,5,6,1
Netherlands,2023-08-10 11:00:00,2023-08-10 13:00:00,18.01,0.1954085,13,3,8
Netherlands,2020-05-29 17:00:00,2020-05-29 19:00:00,25.97,0.2817745,19,4,5
Netherlands,2023-04-12 05:00:00,2023-04-12 07:00:00,123.35,1.3383474999999998,7,2,4
Netherlands,2022-06-30 13:00:00,2022-06-30 15:00:00,300.1,3.256085,15,3,6
Netherlands,2022-12-02 13:00:00,2022-12-02 14:00:00,344.82,3.741297,14,4,12
Netherlands,2023-01-28 18:00:00,2023-01-28 19:00:00,150.0,1.6275,19,5,1
Netherlands,2018-10-07 14:00:00,2018-10-07 16:00:00,50.21,0.5447785,16,6,10
Netherlands,2018-11-18 07:00:00,2018-11-18 08:00:00,50.61,0.5491185,8,6,11
Netherlands,02/04/2024 23:00,2024-04-03 01:00:00,66.31,0.7194634999999999,1,2,4
Netherlands,29/02/2024 12:00,2024-02-29 13:00:00,57.77,0.6268045,13,3,2
Netherlands,27/04/2024 02:00,2024-04-27 04:00:00,84.14,0.912919,4,5,4
Netherlands,2022-12-13 10:00:00,2022-12-13 11:00:00,448.9,4.870565,11,1,12
Netherlands,2020-10-09 22:00:00,2020-10-10 00:00:00,37.12,0.40275199999999994,0,5,10
Netherlands,2016-11-30 15:00:00,2016-11-30 16:00:00,51.3,0.5566049999999999,16,2,11
Netherlands,2020-06-03 14:00:00,2020-06-03 16:00:00,25.78,0.27971300000000004,16,2,6
Netherlands,2016-08-01 08:00:00,2016-08-01 10:00:00,30.13,0.32691049999999994,10,0,8
Netherlands,2015-12-05 15:00:00,2015-12-05 16:00:00,34.0,0.36889999999999995,16,5,12
Netherlands,2015-11-24 15:00:00,2015-11-24 16:00:00,47.78,0.518413,16,1,11
Netherlands,2019-11-14 21:00:00,2019-11-14 22:00:00,38.65,0.41935249999999996,22,3,11
Netherlands,2018-07-02 11:00:00,2018-07-02 13:00:00,61.75,0.6699875,13,0,7
Netherlands,2016-01-26 09:00:00,2016-01-26 10:00:00,40.0,0.434,10,1,1
Netherlands,2023-05-30 12:00:00,2023-05-30 14:00:00,56.57,0.6137845,14,1,5
Netherlands,2021-10-04 17:00:00,2021-10-04 19:00:00,230.0,2.4955,19,0,10
Netherlands,15/11/2023 08:00,2023-11-15 09:00:00,117.48,1.2746579999999998,9,2,11
Netherlands,23/06/2024 03:00,2024-06-23 05:00:00,75.6,0.8202599999999999,5,6,6
Netherlands,2016-05-17 19:00:00,2016-05-17 21:00:00,37.44,0.406224,21,1,5
Netherlands,2023-09-08 12:00:00,2023-09-08 14:00:00,72.22,0.783587,14,4,9
Netherlands,2023-07-01 01:00:00,2023-07-01 03:00:00,66.89,0.7257564999999999,3,5,7
Netherlands,2015-12-24 22:00:00,2015-12-24 23:00:00,32.76,0.355446,23,3,12
Netherlands,2020-07-09 21:00:00,2020-07-09 23:00:00,41.91,0.45472349999999995,23,3,7
Netherlands,23/03/2024 02:00,2024-03-23 03:00:00,49.99,0.5423914999999999,3,5,3
Netherlands,2016-12-12 01:00:00,2016-12-12 02:00:00,28.24,0.306404,2,0,12
Netherlands,2018-05-07 06:00:00,2018-05-07 08:00:00,49.53,0.5374005,8,0,5
Netherlands,2017-12-30 18:00:00,2017-12-30 19:00:00,55.97,0.6072744999999999,19,5,12
Netherlands,2019-12-25 19:00:00,2019-12-25 20:00:00,34.85,0.37812250000000003,20,2,12
Netherlands,2021-06-05 02:00:00,2021-06-05 04:00:00,56.03,0.6079254999999999,4,5,6
Netherlands,2016-08-28 05:00:00,2016-08-28 07:00:00,20.18,0.218953,7,6,8
Netherlands,2015-12-05 04:00:00,2015-12-05 05:00:00,20.43,0.2216655,5,5,12
Netherlands,2018-09-11 19:00:00,2018-09-11 21:00:00,84.59,0.9178015,21,1,9
Netherlands,2016-03-05 13:00:00,2016-03-05 14:00:00,21.89,0.23750649999999998,14,5,3
Netherlands,2022-12-03 18:00:00,2022-12-03 19:00:00,312.7,3.3927949999999996,19,5,12
Netherlands,2020-12-22 05:00:00,2020-12-22 06:00:00,30.4,0.32983999999999997,6,1,12
Netherlands,2022-10-09 16:00:00,2022-10-09 18:00:00,198.84,2.1574139999999997,18,6,10
Netherlands,2021-09-03 19:00:00,2021-09-03 21:00:00,129.94,1.409849,21,4,9
Netherlands,2021-11-14 21:00:00,2021-11-14 22:00:00,173.18,1.879003,22,6,11
Netherlands,2023-04-08 10:00:00,2023-04-08 12:00:00,88.6,0.96131,12,5,4
Netherlands,31/01/2024 01:00,2024-01-31 02:00:00,70.89,0.7691564999999999,2,2,1
Netherlands,2020-05-08 01:00:00,2020-05-08 03:00:00,15.68,0.17012799999999997,3,4,5
Netherlands,2020-05-06 16:00:00,2020-05-06 18:00:00,22.94,0.248899,18,2,5
Netherlands,2022-03-02 15:00:00,2022-03-02 16:00:00,225.1,2.442335,16,2,3
Netherlands,2019-12-10 00:00:00,2019-12-10 01:00:00,31.0,0.33635,1,1,12
Netherlands,26/01/2024 01:00,2024-01-26 02:00:00,58.49,0.6346165,2,4,1
Netherlands,19/11/2023 13:00,2023-11-19 14:00:00,15.29,0.16589649999999997,14,6,11
Netherlands,10/12/2024 02:00,2024-12-10 03:00:00,83.7,0.908145,3,1,12
Netherlands,2019-12-14 12:00:00,2019-12-14 13:00:00,35.98,0.390383,13,5,12
Netherlands,2023-07-22 18:00:00,2023-07-22 20:00:00,103.86,1.1268809999999998,20,5,7
Netherlands,27/12/2024 06:00,2024-12-27 07:00:00,124.29,1.3485464999999999,7,4,12
Netherlands,2016-12-20 09:00:00,2016-12-20 10:00:00,63.75,0.6916875,10,1,12
Netherlands,2015-12-09 17:00:00,2015-12-09 18:00:00,43.4,0.47089,18,2,12
Netherlands,14/11/2024 09:00,2024-11-14 10:00:00,126.8,1.37578,10,3,11
Netherlands,2018-08-13 20:00:00,2018-08-13 22:00:00,56.7,0.615195,22,0,8
Netherlands,2017-04-19 08:00:00,2017-04-19 10:00:00,43.5,0.471975,10,2,4
Netherlands,2015-03-07 14:00:00,2015-03-07 15:00:00,26.11,0.2832935,15,5,3
Netherlands,2017-03-31 10:00:00,2017-03-31 12:00:00,32.22,0.349587,12,4,3
Netherlands,2020-09-18 20:00:00,2020-09-18 22:00:00,35.1,0.380835,22,4,9
Netherlands,2016-03-04 00:00:00,2016-03-04 01:00:00,20.78,0.225463,1,4,3
Netherlands,2015-05-31 16:00:00,2015-05-31 18:00:00,24.96,0.270816,18,6,5
Netherlands,2023-03-25 17:00:00,2023-03-25 18:00:00,75.0,0.81375,18,5,3
Netherlands,2018-11-08 14:00:00,2018-11-08 15:00:00,68.77,0.7461544999999999,15,3,11
Netherlands,2018-02-19 03:00:00,2018-02-19 04:00:00,35.07,0.3805095,4,0,2
Netherlands,2022-01-12 22:00:00,2022-01-12 23:00:00,181.0,1.9638499999999999,23,2,1
Netherlands,03/05/2024 10:00,2024-05-03 12:00:00,61.0,0.66185,12,4,5
Netherlands,2022-05-26 20:00:00,2022-05-26 22:00:00,135.47,1.4698495,22,3,5
Netherlands,07/08/2024 07:00,2024-08-07 09:00:00,87.84,0.9530639999999999,9,2,8
Netherlands,2017-09-15 05:00:00,2017-09-15 07:00:00,44.3,0.480655,7,4,9
Netherlands,2021-04-24 00:00:00,2021-04-24 02:00:00,61.4,0.66619,2,5,4
Netherlands,2023-04-21 12:00:00,2023-04-21 14:00:00,50.0,0.5425,14,4,4
Netherlands,15/06/2024 15:00,2024-06-15 17:00:00,-4.5,-0.04882499999999999,17,5,6
Netherlands,2015-10-08 09:00:00,2015-10-08 11:00:00,56.0,0.6076,11,3,10
Netherlands,2023-07-09 13:00:00,2023-07-09 15:00:00,55.16,0.598486,15,6,7
Netherlands,20/11/2023 22:00,2023-11-20 23:00:00,100.0,1.085,23,0,11
Netherlands,2022-12-31 11:00:00,2022-12-31 12:00:00,10.07,0.10925950000000001,12,5,12
Netherlands,2016-03-22 17:00:00,2016-03-22 18:00:00,36.73,0.39852049999999994,18,1,3
Netherlands,2020-03-28 13:00:00,2020-03-28 14:00:00,-0.65,-0.007052500000000001,14,5,3
Netherlands,2022-02-10 08:00:00,2022-02-10 09:00:00,219.08,2.377018,9,3,2
Netherlands,2021-12-05 16:00:00,2021-12-05 17:00:00,256.91,2.7874735,17,6,12
Netherlands,2018-09-02 13:00:00,2018-09-02 15:00:00,51.9,0.563115,15,6,9
Netherlands,2020-06-12 19:00:00,2020-06-12 21:00:00,24.7,0.267995,21,4,6
Netherlands,2021-03-25 00:00:00,2021-03-25 01:00:00,50.31,0.5458635000000001,1,3,3
Netherlands,2020-12-14 13:00:00,2020-12-14 14:00:00,46.59,0.5055015,14,0,12
Netherlands,2016-01-16 07:00:00,2016-01-16 08:00:00,28.87,0.3132395,8,5,1
Netherlands,02/07/2024 18:00,2024-07-02 20:00:00,111.45,1.2092325000000002,20,1,7
Netherlands,2017-02-04 11:00:00,2017-02-04 12:00:00,50.0,0.5425,12,5,2
Netherlands,2021-06-29 07:00:00,2021-06-29 09:00:00,104.04,1.1288340000000001,9,1,6
Netherlands,2015-05-20 01:00:00,2015-05-20 03:00:00,21.08,0.22871799999999995,3,2,5
Netherlands,2020-04-22 21:00:00,2020-04-22 23:00:00,19.0,0.20615,23,2,4
Netherlands,2019-08-02 12:00:00,2019-08-02 14:00:00,40.08,0.434868,14,4,8
Netherlands,2021-04-09 07:00:00,2021-04-09 09:00:00,52.4,0.5685399999999999,9,4,4
Netherlands,2023-03-31 19:00:00,2023-03-31 21:00:00,98.83,1.0723055,21,4,3
Netherlands,2015-07-13 07:00:00,2015-07-13 09:00:00,47.12,0.5112519999999999,9,0,7
Netherlands,07/11/2024 18:00,2024-11-07 19:00:00,171.19,1.8574115,19,3,11
Netherlands,2020-11-21 03:00:00,2020-11-21 04:00:00,27.17,0.2947945,4,5,11
Netherlands,2022-09-30 18:00:00,2022-09-30 20:00:00,292.71,3.1759035,20,4,9
Netherlands,01/04/2024 22:00,2024-04-02 00:00:00,46.13,0.5005105000000001,0,1,4
Netherlands,14/11/2023 01:00,2023-11-14 02:00:00,0.29,0.0031464999999999996,2,1,11
Netherlands,2020-03-08 04:00:00,2020-03-08 05:00:00,8.93,0.09689049999999999,5,6,3
Netherlands,2016-02-18 13:00:00,2016-02-18 14:00:00,27.53,0.2987005,14,3,2
Netherlands,2015-03-07 10:00:00,2015-03-07 11:00:00,41.27,0.44777950000000005,11,5,3
Netherlands,2021-05-01 07:00:00,2021-05-01 09:00:00,56.21,0.6098785,9,5,5
Netherlands,2020-09-13 01:00:00,2020-09-13 03:00:00,30.03,0.3258255,3,6,9
Netherlands,2018-11-02 08:00:00,2018-11-02 09:00:00,70.7,0.7670950000000001,9,4,11
Netherlands,2016-09-04 17:00:00,2016-09-04 19:00:00,30.31,0.3288635,19,6,9
Netherlands,2021-04-21 08:00:00,2021-04-21 10:00:00,48.24,0.523404,10,2,4
Netherlands,15/09/2024 09:00,2024-09-15 11:00:00,0.07,0.0007595000000000001,11,6,9
Netherlands,2015-09-16 19:00:00,2015-09-16 21:00:00,29.32,0.318122,21,2,9
Netherlands,13/11/2023 13:00,2023-11-13 14:00:00,88.25,0.9575124999999999,14,0,11
Netherlands,29/06/2024 04:00,2024-06-29 06:00:00,94.97,1.0304244999999999,6,5,6
Netherlands,2017-08-05 03:00:00,2017-08-05 05:00:00,24.74,0.268429,5,5,8
Netherlands,2016-10-15 08:00:00,2016-10-15 10:00:00,31.89,0.3460065,10,5,10
Netherlands,19/12/2023 10:00,2023-12-19 11:00:00,79.71,0.8648534999999999,11,1,12
Netherlands,2015-11-02 16:00:00,2015-11-02 17:00:00,57.69,0.6259364999999999,17,0,11
Netherlands,2022-10-25 02:00:00,2022-10-25 04:00:00,67.4,0.7312900000000001,4,1,10
Netherlands,2020-10-23 21:00:00,2020-10-23 23:00:00,32.6,0.35370999999999997,23,4,10
Netherlands,2016-10-17 06:00:00,2016-10-17 08:00:00,48.34,0.524489,8,0,10
Netherlands,07/06/2024 21:00,2024-06-07 23:00:00,90.0,0.9765,23,4,6
Netherlands,2018-05-04 23:00:00,2018-05-05 01:00:00,36.0,0.39059999999999995,1,5,5
Netherlands,2015-08-16 05:00:00,2015-08-16 07:00:00,35.25,0.3824625,7,6,8
Netherlands,2023-07-25 11:00:00,2023-07-25 13:00:00,26.5,0.287525,13,1,7
Netherlands,2019-11-29 01:00:00,2019-11-29 02:00:00,37.39,0.4056815,2,4,11
Netherlands,2015-11-25 13:00:00,2015-11-25 14:00:00,52.44,0.568974,14,2,11
Netherlands,2021-05-14 23:00:00,2021-05-15 01:00:00,66.75,0.7242375,1,5,5
Netherlands,2022-01-18 08:00:00,2022-01-18 09:00:00,290.64,3.153444,9,1,1
Netherlands,2015-11-18 23:00:00,2015-11-19 00:00:00,31.3,0.33960500000000005,0,3,11
Netherlands,2021-12-13 08:00:00,2021-12-13 09:00:00,303.36,3.291456,9,0,12
Netherlands,2018-05-01 07:00:00,2018-05-01 09:00:00,83.56,0.9066259999999999,9,1,5
Netherlands,2021-12-24 17:00:00,2021-12-24 18:00:00,300.1,3.256085,18,4,12
Netherlands,2022-10-27 21:00:00,2022-10-27 23:00:00,98.29,1.0664465,23,3,10
Netherlands,2022-12-10 04:00:00,2022-12-10 05:00:00,289.02,3.1358669999999997,5,5,12
Netherlands,2020-11-26 20:00:00,2020-11-26 21:00:00,52.23,0.5666954999999999,21,3,11
Netherlands,2020-11-02 23:00:00,2020-11-03 00:00:00,29.5,0.320075,0,1,11
Netherlands,2017-07-11 16:00:00,2017-07-11 18:00:00,39.99,0.4338915,18,1,7
Netherlands,2019-10-11 04:00:00,2019-10-11 06:00:00,25.94,0.281449,6,4,10
Netherlands,2020-06-27 06:00:00,2020-06-27 08:00:00,28.44,0.308574,8,5,6
Netherlands,2019-12-21 16:00:00,2019-12-21 17:00:00,39.93,0.4332405,17,5,12
Netherlands,2021-01-13 01:00:00,2021-01-13 02:00:00,47.6,0.51646,2,2,1
Netherlands,2017-08-23 01:00:00,2017-08-23 03:00:00,28.4,0.30813999999999997,3,2,8
Netherlands,2020-12-01 09:00:00,2020-12-01 10:00:00,64.15,0.6960275,10,1,12
Netherlands,2022-10-18 13:00:00,2022-10-18 15:00:00,139.7,1.515745,15,1,10
Netherlands,2019-12-25 06:00:00,2019-12-25 07:00:00,16.55,0.1795675,7,2,12
Netherlands,2020-09-23 02:00:00,2020-09-23 04:00:00,27.8,0.30163,4,2,9
Netherlands,2019-07-31 03:00:00,2019-07-31 05:00:00,30.66,0.332661,5,2,7
Netherlands,2023-07-06 09:00:00,2023-07-06 11:00:00,86.38,0.9372229999999999,11,3,7
Netherlands,2016-03-20 05:00:00,2016-03-20 06:00:00,20.4,0.22133999999999998,6,6,3
Netherlands,2018-03-01 02:00:00,2018-03-01 03:00:00,36.2,0.39277000000000006,3,3,3
Netherlands,2022-07-02 21:00:00,2022-07-02 23:00:00,302.17,3.2785444999999998,23,5,7
Netherlands,2020-06-10 05:00:00,2020-06-10 07:00:00,35.11,0.3809435,7,2,6
Netherlands,2016-09-27 08:00:00,2016-09-27 10:00:00,41.71,0.4525535,10,1,9
Netherlands,2015-07-28 13:00:00,2015-07-28 15:00:00,48.9,0.530565,15,1,7
Netherlands,2020-08-26 20:00:00,2020-08-26 22:00:00,40.1,0.435085,22,2,8
Netherlands,2019-01-03 07:00:00,2019-01-03 08:00:00,65.08,0.7061179999999999,8,3,1
Netherlands,2019-01-15 21:00:00,2019-01-15 22:00:00,48.79,0.5293715,22,1,1
Netherlands,2016-01-13 04:00:00,2016-01-13 05:00:00,20.83,0.22600549999999997,5,2,1
Netherlands,2019-03-07 07:00:00,2019-03-07 08:00:00,51.0,0.55335,8,3,3
Netherlands,2015-06-30 17:00:00,2015-06-30 19:00:00,49.99,0.5423914999999999,19,1,6
Netherlands,2017-04-12 08:00:00,2017-04-12 10:00:00,41.2,0.44702000000000003,10,2,4
Netherlands,2017-01-23 23:00:00,2017-01-24 00:00:00,35.13,0.3811605,0,1,1
Netherlands,2022-08-06 22:00:00,2022-08-07 00:00:00,277.89,3.0151065,0,6,8
Netherlands,2020-08-04 19:00:00,2020-08-04 21:00:00,41.16,0.446586,21,1,8
Netherlands,09/06/2024 17:00,2024-06-09 19:00:00,87.29,0.9470965,19,6,6
Netherlands,2015-09-07 16:00:00,2015-09-07 18:00:00,44.94,0.48759899999999995,18,0,9
Netherlands,2020-06-01 13:00:00,2020-06-01 15:00:00,1.28,0.013888,15,0,6
Netherlands,2022-07-28 16:00:00,2022-07-28 18:00:00,517.36,5.613356,18,3,7
Netherlands,2017-08-18 10:00:00,2017-08-18 12:00:00,36.29,0.39374649999999994,12,4,8
Netherlands,03/11/2023 23:00,2023-11-04 00:00:00,45.72,0.49606199999999995,0,5,11
Netherlands,2015-04-06 06:00:00,2015-04-06 08:00:00,31.89,0.3460065,8,0,4
Netherlands,2019-06-30 01:00:00,2019-06-30 03:00:00,24.78,0.268863,3,6,6
Netherlands,10/08/2024 09:00,2024-08-10 11:00:00,-12.2,-0.13237,11,5,8
Netherlands,2021-09-20 02:00:00,2021-09-20 04:00:00,135.13,1.4661605,4,0,9
Netherlands,2017-08-02 07:00:00,2017-08-02 09:00:00,36.47,0.3956995,9,2,8
Netherlands,2022-12-05 13:00:00,2022-12-05 14:00:00,413.46,4.486040999999999,14,0,12
Netherlands,2015-07-15 04:00:00,2015-07-15 06:00:00,44.92,0.487382,6,2,7
Netherlands,2022-05-21 05:00:00,2022-05-21 07:00:00,177.6,1.9269599999999998,7,5,5
Netherlands,2015-11-25 05:00:00,2015-11-25 06:00:00,32.13,0.3486105,6,2,11
Netherlands,2022-01-08 04:00:00,2022-01-08 05:00:00,154.3,1.674155,5,5,1
Netherlands,2017-06-27 17:00:00,2017-06-27 19:00:00,43.95,0.4768575,19,1,6
Netherlands,2018-03-14 14:00:00,2018-03-14 15:00:00,49.81,0.5404384999999999,15,2,3
Netherlands,2016-06-07 06:00:00,2016-06-07 08:00:00,39.48,0.42835799999999996,8,1,6
Netherlands,2016-09-05 10:00:00,2016-09-05 12:00:00,48.79,0.5293715,12,0,9
Netherlands,2018-11-12 01:00:00,2018-11-12 02:00:00,51.6,0.55986,2,0,11
Netherlands,2023-05-12 01:00:00,2023-05-12 03:00:00,90.0,0.9765,3,4,5
Netherlands,2021-09-19 08:00:00,2021-09-19 10:00:00,80.17,0.8698445,10,6,9
Netherlands,2015-08-26 19:00:00,2015-08-26 21:00:00,45.76,0.496496,21,2,8
Netherlands,2020-02-01 17:00:00,2020-02-01 18:00:00,40.71,0.4417035,18,5,2
Netherlands,2023-04-29 19:00:00,2023-04-29 21:00:00,120.0,1.302,21,5,4
Netherlands,2015-10-28 21:00:00,2015-10-28 22:00:00,38.64,0.41924399999999995,22,2,10
Netherlands,2015-12-16 03:00:00,2015-12-16 04:00:00,27.38,0.297073,4,2,12
Netherlands,2018-02-12 07:00:00,2018-02-12 08:00:00,55.2,0.59892,8,0,2
Netherlands,2021-01-03 17:00:00,2021-01-03 18:00:00,59.9,0.6499149999999999,18,6,1
Netherlands,2020-06-17 09:00:00,2020-06-17 11:00:00,38.39,0.4165315,11,2,6
Netherlands,2018-11-16 18:00:00,2018-11-16 19:00:00,79.8,0.8658299999999999,19,4,11
Netherlands,2016-12-09 12:00:00,2016-12-09 13:00:00,39.94,0.433349,13,4,12
Netherlands,15/10/2023 22:00,2023-10-16 00:00:00,120.2,1.30417,0,0,10
Netherlands,2019-12-17 21:00:00,2019-12-17 22:00:00,31.9,0.34611499999999995,22,1,12
Netherlands,2022-10-14 08:00:00,2022-10-14 10:00:00,297.26,3.2252709999999998,10,4,10
Netherlands,2017-11-08 09:00:00,2017-11-08 10:00:00,73.82,0.8009469999999999,10,2,11
Netherlands,2022-10-08 06:00:00,2022-10-08 08:00:00,169.81,1.8424384999999999,8,5,10
Netherlands,2023-01-21 16:00:00,2023-01-21 17:00:00,173.92,1.8870319999999996,17,5,1
Netherlands,2020-11-29 14:00:00,2020-11-29 15:00:00,44.96,0.48781599999999997,15,6,11
Netherlands,01/11/2023 19:00,2023-11-01 20:00:00,61.18,0.663803,20,2,11
Netherlands,2015-10-12 05:00:00,2015-10-12 07:00:00,47.8,0.51863,7,0,10
Netherlands,14/08/2024 01:00,2024-08-14 03:00:00,90.3,0.9797549999999999,3,2,8
Netherlands,2021-02-04 18:00:00,2021-02-04 19:00:00,67.51,0.7324835000000001,19,3,2
Netherlands,2019-06-11 20:00:00,2019-06-11 22:00:00,46.1,0.500185,22,1,6
Netherlands,2016-08-10 22:00:00,2016-08-11 00:00:00,24.23,0.26289549999999995,0,3,8
Netherlands,29/12/2023 22:00,2023-12-29 23:00:00,19.35,0.2099475,23,4,12
Netherlands,2017-07-26 08:00:00,2017-07-26 10:00:00,37.37,0.4054645,10,2,7
Netherlands,2020-08-23 13:00:00,2020-08-23 15:00:00,18.31,0.19866349999999997,15,6,8
Netherlands,2018-09-25 21:00:00,2018-09-25 23:00:00,58.56,0.6353759999999999,23,1,9
Netherlands,2018-06-16 15:00:00,2018-06-16 17:00:00,42.47,0.4607995,17,5,6
Netherlands,2019-12-27 18:00:00,2019-12-27 19:00:00,43.99,0.4772915,19,4,12
Netherlands,2021-07-22 19:00:00,2021-07-22 21:00:00,102.03,1.1070255,21,3,7
Netherlands,2023-01-28 02:00:00,2023-01-28 03:00:00,129.47,1.4047494999999999,3,5,1
Netherlands,2017-09-06 02:00:00,2017-09-06 04:00:00,25.95,0.2815575,4,2,9
Netherlands,2021-08-01 22:00:00,2021-08-02 00:00:00,63.0,0.68355,0,0,8
Netherlands,2017-07-26 23:00:00,2017-07-27 01:00:00,26.7,0.289695,1,3,7
Netherlands,2019-06-07 03:00:00,2019-06-07 05:00:00,32.41,0.3516485,5,4,6
Netherlands,2019-01-13 00:00:00,2019-01-13 01:00:00,47.93,0.5200404999999999,1,6,1
Netherlands,2018-08-06 15:00:00,2018-08-06 17:00:00,71.71,0.7780534999999998,17,0,8
Netherlands,2015-07-25 19:00:00,2015-07-25 21:00:00,32.56,0.35327600000000003,21,5,7
Netherlands,16/05/2024 11:00,2024-05-16 13:00:00,0.44,0.004774,13,3,5
Netherlands,2018-11-05 19:00:00,2018-11-05 20:00:00,55.92,0.6067319999999999,20,0,11
Netherlands,2021-11-15 02:00:00,2021-11-15 03:00:00,151.35,1.6421474999999999,3,0,11
Netherlands,2021-05-23 16:00:00,2021-05-23 18:00:00,59.1,0.641235,18,6,5
Netherlands,2021-03-26 04:00:00,2021-03-26 05:00:00,45.0,0.48825,5,4,3
Netherlands,2021-06-23 12:00:00,2021-06-23 14:00:00,84.82,0.9202969999999999,14,2,6
Netherlands,2016-11-20 06:00:00,2016-11-20 07:00:00,25.9,0.28101499999999996,7,6,11
Netherlands,2023-08-16 12:00:00,2023-08-16 14:00:00,79.98,0.867783,14,2,8
Netherlands,2021-03-14 02:00:00,2021-03-14 03:00:00,40.43,0.4386655,3,6,3
Netherlands,29/05/2024 14:00,2024-05-29 16:00:00,63.47,0.6886495,16,2,5
Netherlands,2020-07-01 17:00:00,2020-07-01 19:00:00,43.29,0.46969649999999996,19,2,7
Netherlands,2021-02-17 07:00:00,2021-02-17 08:00:00,60.08,0.6518679999999999,8,2,2
Netherlands,2016-11-22 14:00:00,2016-11-22 15:00:00,50.92,0.5524819999999999,15,1,11
Netherlands,2016-01-11 23:00:00,2016-01-12 00:00:00,21.51,0.2333835,0,1,1
Netherlands,2019-07-22 22:00:00,2019-07-23 00:00:00,38.61,0.41891849999999997,0,1,7
Netherlands,2022-09-03 05:00:00,2022-09-03 07:00:00,370.08,4.015368,7,5,9
Netherlands,2016-04-20 10:00:00,2016-04-20 12:00:00,22.41,0.2431485,12,2,4
Netherlands,2023-05-31 00:00:00,2023-05-31 02:00:00,74.2,0.8050700000000001,2,2,5
Netherlands,2016-04-09 15:00:00,2016-04-09 17:00:00,22.27,0.24162949999999997,17,5,4
Netherlands,2020-10-05 00:00:00,2020-10-05 02:00:00,6.0,0.06509999999999999,2,0,10
Netherlands,2019-08-23 07:00:00,2019-08-23 09:00:00,36.68,0.397978,9,4,8
Netherlands,2018-11-09 06:00:00,2018-11-09 07:00:00,69.06,0.749301,7,4,11
Netherlands,2018-03-30 00:00:00,2018-03-30 02:00:00,31.68,0.34372800000000003,2,4,3
Netherlands,05/10/2024 20:00,2024-10-05 22:00:00,84.29,0.9145465,22,5,10
Netherlands,2019-03-23 19:00:00,2019-03-23 20:00:00,42.25,0.45841249999999995,20,5,3
Netherlands,2016-05-23 09:00:00,2016-05-23 11:00:00,35.94,0.38994899999999993,11,0,5
Netherlands,10/01/2024 09:00,2024-01-10 10:00:00,111.21,1.2066284999999999,10,2,1
Netherlands,2020-04-08 10:00:00,2020-04-08 12:00:00,18.88,0.20484799999999997,12,2,4
Netherlands,2015-01-25 14:00:00,2015-01-25 15:00:00,35.97,0.39027449999999997,15,6,1
Netherlands,2016-11-07 13:00:00,2016-11-07 14:00:00,47.0,0.50995,14,0,11
Netherlands,2018-06-03 08:00:00,2018-06-03 10:00:00,42.62,0.462427,10,6,6
Netherlands,2017-05-12 00:00:00,2017-05-12 02:00:00,28.2,0.30596999999999996,2,4,5
Netherlands,2019-06-11 12:00:00,2019-06-11 14:00:00,45.0,0.48825,14,1,6
Netherlands,2021-02-04 05:00:00,2021-02-04 06:00:00,48.32,0.524272,6,3,2
Netherlands,14/09/2024 02:00,2024-09-14 04:00:00,81.0,0.87885,4,5,9
Netherlands,2019-07-27 19:00:00,2019-07-27 21:00:00,36.19,0.3926615,21,5,7
Netherlands,2015-07-04 05:00:00,2015-07-04 07:00:00,30.82,0.334397,7,5,7
Netherlands,2021-11-30 03:00:00,2021-11-30 04:00:00,93.94,1.0192489999999998,4,1,11
Netherlands,2017-07-27 02:00:00,2017-07-27 04:00:00,24.48,0.265608,4,3,7
Netherlands,2017-05-28 19:00:00,2017-05-28 21:00:00,38.65,0.41935249999999996,21,6,5
Netherlands,2022-03-14 10:00:00,2022-03-14 11:00:00,244.48,2.652608,11,0,3
Netherlands,2019-08-23 10:00:00,2019-08-23 12:00:00,31.95,0.34665749999999995,12,4,8
Netherlands,2016-09-21 18:00:00,2016-09-21 20:00:00,43.87,0.47598949999999995,20,2,9
Netherlands,2016-08-09 23:00:00,2016-08-10 01:00:00,23.11,0.2507435,1,2,8
Netherlands,2015-04-17 06:00:00,2015-04-17 08:00:00,63.28,0.686588,8,4,4
Netherlands,05/12/2023 15:00,2023-12-05 16:00:00,129.24,1.4022540000000001,16,1,12
Netherlands,2021-04-01 05:00:00,2021-04-01 07:00:00,70.97,0.7700245,7,3,4
Netherlands,2019-04-19 21:00:00,2019-04-19 23:00:00,42.37,0.4597144999999999,23,4,4
Netherlands,16/12/2024 14:00,2024-12-16 15:00:00,95.95,1.0410575,15,0,12
Netherlands,2023-06-27 08:00:00,2023-06-27 10:00:00,90.0,0.9765,10,1,6
Netherlands,2022-07-22 16:00:00,2022-07-22 18:00:00,424.61,4.607018500000001,18,4,7
Netherlands,2023-03-20 06:00:00,2023-03-20 07:00:00,148.43,1.6104655,7,0,3
Netherlands,2018-06-25 21:00:00,2018-06-25 23:00:00,57.54,0.624309,23,0,6
Netherlands,04/03/2024 10:00,2024-03-04 11:00:00,63.2,0.68572,11,0,3
Netherlands,2020-07-02 12:00:00,2020-07-02 14:00:00,32.86,0.356531,14,3,7
Netherlands,2021-04-08 15:00:00,2021-04-08 17:00:00,46.68,0.506478,17,3,4
Netherlands,2022-11-11 11:00:00,2022-11-11 12:00:00,94.9,1.029665,12,4,11
Netherlands,2018-08-31 22:00:00,2018-09-01 00:00:00,57.58,0.6247429999999999,0,5,9
Netherlands,2018-06-23 04:00:00,2018-06-23 06:00:00,33.74,0.366079,6,5,6
Netherlands,2016-10-10 06:00:00,2016-10-10 08:00:00,74.18,0.804853,8,0,10
Netherlands,2023-06-06 04:00:00,2023-06-06 06:00:00,72.6,0.7877099999999999,6,1,6
Netherlands,2017-10-11 14:00:00,2017-10-11 16:00:00,46.86,0.508431,16,2,10
Netherlands,2017-02-06 19:00:00,2017-02-06 20:00:00,64.69,0.7018865,20,0,2
Netherlands,2015-02-18 23:00:00,2015-02-19 00:00:00,44.94,0.48759899999999995,0,3,2
Netherlands,2015-07-23 06:00:00,2015-07-23 08:00:00,50.66,0.549661,8,3,7
Netherlands,2019-01-13 07:00:00,2019-01-13 08:00:00,38.3,0.41555499999999995,8,6,1
Netherlands,2019-02-23 20:00:00,2019-02-23 21:00:00,40.35,0.4377975,21,5,2
Netherlands,13/06/2024 16:00,2024-06-13 18:00:00,90.9,0.986265,18,3,6
Netherlands,2023-09-02 08:00:00,2023-09-02 10:00:00,89.77,0.9740044999999999,10,5,9
Netherlands,2020-01-13 00:00:00,2020-01-13 01:00:00,26.8,0.29078,1,0,1
Netherlands,2021-12-30 22:00:00,2021-12-30 23:00:00,55.65,0.6038025,23,3,12
Netherlands,2022-02-05 13:00:00,2022-02-05 14:00:00,80.1,0.8690849999999999,14,5,2
Netherlands,2022-05-27 00:00:00,2022-05-27 02:00:00,110.0,1.1935,2,4,5
Netherlands,2017-08-30 13:00:00,2017-08-30 15:00:00,32.14,0.348719,15,2,8
Netherlands,2017-08-29 20:00:00,2017-08-29 22:00:00,40.04,0.434434,22,1,8
Netherlands,2016-12-01 03:00:00,2016-12-01 04:00:00,30.69,0.33298649999999996,4,3,12
Netherlands,2023-05-16 17:00:00,2023-05-16 19:00:00,104.91,1.1382735,19,1,5
Netherlands,2020-08-05 11:00:00,2020-08-05 13:00:00,17.99,0.1951915,13,2,8
Netherlands,2020-10-01 06:00:00,2020-10-01 08:00:00,55.05,0.5972924999999999,8,3,10
Netherlands,2023-02-10 03:00:00,2023-02-10 04:00:00,124.59,1.3518015,4,4,2
Netherlands,2022-10-07 00:00:00,2022-10-07 02:00:00,104.0,1.1283999999999998,2,4,10
Netherlands,2017-03-03 14:00:00,2017-03-03 15:00:00,38.25,0.4150125,15,4,3
Netherlands,21/11/2023 16:00,2023-11-21 17:00:00,145.8,1.58193,17,1,11
Netherlands,01/10/2023 09:00,2023-10-01 11:00:00,8.99,0.0975415,11,6,10
Netherlands,2018-08-04 21:00:00,2018-08-04 23:00:00,49.53,0.5374005,23,5,8
Netherlands,2022-10-13 07:00:00,2022-10-13 09:00:00,301.56,3.271926,9,3,10
Netherlands,2016-11-09 04:00:00,2016-11-09 05:00:00,33.6,0.36456,5,2,11
Netherlands,2019-10-09 17:00:00,2019-10-09 19:00:00,51.44,0.558124,19,2,10
Netherlands,2018-11-14 23:00:00,2018-11-15 00:00:00,51.67,0.5606195,0,3,11
Netherlands,24/02/2024 08:00,2024-02-24 09:00:00,57.6,0.6249600000000001,9,5,2
Netherlands,2018-06-13 21:00:00,2018-06-13 23:00:00,51.77,0.5617045,23,2,6
Netherlands,2020-02-20 03:00:00,2020-02-20 04:00:00,24.1,0.261485,4,3,2
Netherlands,2018-10-24 16:00:00,2018-10-24 18:00:00,75.1,0.814835,18,2,10
Netherlands,2021-11-15 09:00:00,2021-11-15 10:00:00,263.33,2.8571305,10,0,11
Netherlands,2015-10-26 16:00:00,2015-10-26 17:00:00,53.74,0.5830789999999999,17,0,10
Netherlands,2023-02-21 21:00:00,2023-02-21 22:00:00,153.2,1.6622199999999998,22,1,2
Netherlands,2018-03-09 16:00:00,2018-03-09 17:00:00,46.52,0.504742,17,4,3
Netherlands,2023-03-23 08:00:00,2023-03-23 09:00:00,74.9,0.8126650000000001,9,3,3
Netherlands,2023-04-03 09:00:00,2023-04-03 11:00:00,68.14,0.739319,11,0,4
Netherlands,2018-11-21 12:00:00,2018-11-21 13:00:00,74.0,0.8029,13,2,11
Netherlands,2016-02-16 08:00:00,2016-02-16 09:00:00,42.42,0.460257,9,1,2
Netherlands,20/09/2024 15:00,2024-09-20 17:00:00,85.12,0.923552,17,4,9
Netherlands,2018-01-12 10:00:00,2018-01-12 11:00:00,61.67,0.6691195,11,4,1
Netherlands,2020-12-15 05:00:00,2020-12-15 06:00:00,38.4,0.41664,6,1,12
Netherlands,2019-10-03 07:00:00,2019-10-03 09:00:00,55.74,0.604779,9,3,10
Netherlands,2018-06-10 15:00:00,2018-06-10 17:00:00,40.65,0.44105249999999996,17,6,6
Netherlands,2017-03-09 02:00:00,2017-03-09 03:00:00,29.3,0.317905,3,3,3
Netherlands,2019-11-21 07:00:00,2019-11-21 08:00:00,51.72,0.5611619999999999,8,3,11
Netherlands,2021-02-22 19:00:00,2021-02-22 20:00:00,57.97,0.6289744999999999,20,0,2
Netherlands,2022-02-13 12:00:00,2022-02-13 13:00:00,45.5,0.49367500000000003,13,6,2
Netherlands,2021-02-14 05:00:00,2021-02-14 06:00:00,42.46,0.46069099999999996,6,6,2
Netherlands,2018-05-12 05:00:00,2018-05-12 07:00:00,36.14,0.392119,7,5,5
Netherlands,2019-12-22 05:00:00,2019-12-22 06:00:00,29.0,0.31465,6,6,12
Netherlands,2017-10-03 08:00:00,2017-10-03 10:00:00,32.03,0.34752550000000004,10,1,10
Netherlands,2020-06-08 08:00:00,2020-06-08 10:00:00,33.95,0.3683575,10,0,6
Netherlands,2017-10-26 05:00:00,2017-10-26 07:00:00,44.0,0.4774,7,3,10
Netherlands,2021-02-17 02:00:00,2021-02-17 03:00:00,37.4,0.40579,3,2,2
Netherlands,2017-07-29 07:00:00,2017-07-29 09:00:00,25.0,0.27125,9,5,7
Netherlands,2018-07-29 16:00:00,2018-07-29 18:00:00,50.73,0.5504205,18,6,7
Netherlands,2022-11-17 12:00:00,2022-11-17 13:00:00,165.0,1.79025,13,3,11
Netherlands,2015-12-31 16:00:00,2015-12-31 17:00:00,40.03,0.4343255,17,3,12
Netherlands,19/09/2024 22:00,2024-09-20 00:00:00,72.38,0.785323,0,4,9
Netherlands,2019-06-26 10:00:00,2019-06-26 12:00:00,35.08,0.380618,12,2,6
Netherlands,06/10/2024 22:00,2024-10-07 00:00:00,34.58,0.375193,0,0,10
Netherlands,10/11/2023 03:00,2023-11-10 04:00:00,50.0,0.5425,4,4,11
Netherlands,2017-11-13 04:00:00,2017-11-13 05:00:00,39.19,0.42521149999999996,5,0,11
Netherlands,2018-05-27 00:00:00,2018-05-27 02:00:00,31.66,0.34351099999999996,2,6,5
Netherlands,2021-11-23 22:00:00,2021-11-23 23:00:00,172.0,1.8662,23,1,11
Netherlands,20/06/2024 10:00,2024-06-20 12:00:00,56.87,0.6170395,12,3,6
Netherlands,23/11/2023 19:00,2023-11-23 20:00:00,96.0,1.0415999999999999,20,3,11
Netherlands,2015-10-27 05:00:00,2015-10-27 06:00:00,38.6,0.41881,6,1,10
Netherlands,2016-12-19 16:00:00,2016-12-19 17:00:00,79.86,0.866481,17,0,12
Netherlands,2022-03-02 14:00:00,2022-03-02 15:00:00,220.5,2.392425,15,2,3
Netherlands,2020-07-29 10:00:00,2020-07-29 12:00:00,10.0,0.1085,12,2,7
Netherlands,2015-11-02 04:00:00,2015-11-02 05:00:00,27.84,0.30206399999999994,5,0,11
Netherlands,2020-11-12 04:00:00,2020-11-12 05:00:00,33.45,0.3629325,5,3,11
Netherlands,16/01/2024 04:00,2024-01-16 05:00:00,72.61,0.7878185,5,1,1
Netherlands,2023-05-21 22:00:00,2023-05-22 00:00:00,88.29,0.9579465,0,0,5
Netherlands,2015-05-15 21:00:00,2015-05-15 23:00:00,50.37,0.5465145,23,4,5
Netherlands,2022-10-21 10:00:00,2022-10-21 12:00:00,138.08,1.4981680000000002,12,4,10
Netherlands,2021-04-30 03:00:00,2021-04-30 05:00:00,65.32,0.7087219999999999,5,4,4
Netherlands,30/08/2024 01:00,2024-08-30 03:00:00,91.41,0.9917984999999999,3,4,8
Netherlands,2022-10-12 14:00:00,2022-10-12 16:00:00,217.1,2.3555349999999997,16,2,10
Netherlands,2018-12-20 22:00:00,2018-12-20 23:00:00,47.47,0.5150494999999999,23,3,12
Netherlands,2015-06-28 13:00:00,2015-06-28 15:00:00,29.94,0.324849,15,6,6
Netherlands,2015-06-11 08:00:00,2015-06-11 10:00:00,45.25,0.49096249999999997,10,3,6
Netherlands,2015-07-04 04:00:00,2015-07-04 06:00:00,27.58,0.299243,6,5,7
Netherlands,2023-06-28 19:00:00,2023-06-28 21:00:00,159.1,1.726235,21,2,6
Netherlands,2017-05-23 09:00:00,2017-05-23 11:00:00,36.94,0.40079899999999996,11,1,5
Netherlands,2015-01-08 11:00:00,2015-01-08 12:00:00,48.43,0.5254655,12,3,1
Netherlands,2022-03-07 04:00:00,2022-03-07 05:00:00,397.23,4.3099454999999995,5,0,3
Netherlands,2018-07-23 08:00:00,2018-07-23 10:00:00,57.99,0.6291915,10,0,7
Netherlands,2018-12-10 13:00:00,2018-12-10 14:00:00,61.2,0.6640199999999999,14,0,12
Netherlands,2015-11-16 07:00:00,2015-11-16 08:00:00,32.68,0.35457799999999995,8,0,11
Netherlands,26/09/2024 13:00,2024-09-26 15:00:00,30.41,0.3299485,15,3,9
Netherlands,2021-01-16 15:00:00,2021-01-16 16:00:00,57.7,0.626045,16,5,1
Netherlands,2019-12-16 00:00:00,2019-12-16 01:00:00,33.68,0.365428,1,0,12
Netherlands,2022-08-07 01:00:00,2022-08-07 03:00:00,206.4,2.23944,3,6,8
Netherlands,2017-07-13 22:00:00,2017-07-14 00:00:00,34.2,0.37107,0,4,7
Netherlands,28/03/2024 07:00,2024-03-28 08:00:00,73.03,0.7923755,8,3,3
Netherlands,2022-10-19 07:00:00,2022-10-19 09:00:00,140.0,1.519,9,2,10
Netherlands,2019-06-04 02:00:00,2019-06-04 04:00:00,32.23,0.3496955,4,1,6
Netherlands,2020-11-30 18:00:00,2020-11-30 19:00:00,50.34,0.5461889999999999,19,0,11
Netherlands,2021-03-11 04:00:00,2021-03-11 05:00:00,14.95,0.16220749999999998,5,3,3
Netherlands,2021-01-28 17:00:00,2021-01-28 18:00:00,63.3,0.686805,18,3,1
Netherlands,04/10/2024 17:00,2024-10-04 19:00:00,148.0,1.6058,19,4,10
Netherlands,2019-11-28 06:00:00,2019-11-28 07:00:00,50.0,0.5425,7,3,11
Netherlands,2016-01-19 15:00:00,2016-01-19 16:00:00,56.21,0.6098785,16,1,1
Netherlands,2015-10-05 03:00:00,2015-10-05 05:00:00,31.58,0.342643,5,0,10
Netherlands,15/11/2023 22:00,2023-11-15 23:00:00,84.21,0.9136784999999998,23,2,11
Netherlands,2021-04-08 17:00:00,2021-04-08 19:00:00,70.88,0.7690479999999998,19,3,4
Netherlands,2018-06-10 10:00:00,2018-06-10 12:00:00,48.9,0.530565,12,6,6
Netherlands,2020-01-09 22:00:00,2020-01-09 23:00:00,29.7,0.322245,23,3,1
Netherlands,2022-12-02 15:00:00,2022-12-02 16:00:00,301.86,3.275181,16,4,12
Netherlands,2023-04-21 13:00:00,2023-04-21 15:00:00,60.0,0.651,15,4,4
Netherlands,2022-12-23 06:00:00,2022-12-23 07:00:00,189.19,2.0527115,7,4,12
Netherlands,2021-02-15 02:00:00,2021-02-15 03:00:00,34.23,0.3713955,3,0,2
Netherlands,2017-08-25 03:00:00,2017-08-25 05:00:00,32.28,0.350238,5,4,8
Netherlands,2022-01-20 02:00:00,2022-01-20 03:00:00,112.14,1.216719,3,3,1
Netherlands,2022-07-26 21:00:00,2022-07-26 23:00:00,313.03,3.3963754999999995,23,1,7
Netherlands,2016-06-04 09:00:00,2016-06-04 11:00:00,26.91,0.2919735,11,5,6
Netherlands,2021-07-29 16:00:00,2021-07-29 18:00:00,74.98,0.8135330000000001,18,3,7
Netherlands,2018-06-22 20:00:00,2018-06-22 22:00:00,55.4,0.6010899999999999,22,4,6
Netherlands,04/01/2025 17:00,2025-01-04 18:00:00,144.17,1.5642444999999998,18,5,1
Netherlands,2020-07-15 12:00:00,2020-07-15 14:00:00,36.56,0.396676,14,2,7
Netherlands,2022-05-21 21:00:00,2022-05-21 23:00:00,214.18,2.323853,23,5,5
Netherlands,2023-06-11 19:00:00,2023-06-11 21:00:00,125.6,1.36276,21,6,6
Netherlands,2021-10-23 17:00:00,2021-10-23 19:00:00,256.47,2.7826995,19,5,10
Netherlands,2022-02-20 11:00:00,2022-02-20 12:00:00,114.38,1.241023,12,6,2
Netherlands,2015-05-17 08:00:00,2015-05-17 10:00:00,30.29,0.3286465,10,6,5
Netherlands,2023-03-08 08:00:00,2023-03-08 09:00:00,162.99,1.7684415000000002,9,2,3
Netherlands,2017-08-20 04:00:00,2017-08-20 06:00:00,19.82,0.215047,6,6,8
Netherlands,16/09/2024 00:00,2024-09-16 02:00:00,78.48,0.851508,2,0,9
Netherlands,2021-12-31 05:00:00,2021-12-31 06:00:00,23.0,0.24955,6,4,12
Netherlands,25/02/2024 06:00,2024-02-25 07:00:00,59.92,0.6501319999999999,7,6,2
Netherlands,2016-10-09 01:00:00,2016-10-09 03:00:00,29.27,0.3175795,3,6,10
Netherlands,02/07/2024 20:00,2024-07-02 22:00:00,108.94,1.181999,22,1,7
Netherlands,2016-08-07 03:00:00,2016-08-07 05:00:00,12.35,0.1339975,5,6,8
Netherlands,2017-07-21 07:00:00,2017-07-21 09:00:00,40.87,0.44343949999999993,9,4,7
Netherlands,2023-01-12 21:00:00,2023-01-12 22:00:00,74.1,0.803985,22,3,1
Netherlands,2023-04-30 19:00:00,2023-04-30 21:00:00,122.2,1.3258699999999999,21,6,4
Netherlands,14/11/2024 10:00,2024-11-14 11:00:00,126.34,1.370789,11,3,11
Netherlands,10/04/2024 19:00,2024-04-10 21:00:00,88.28,0.957838,21,2,4
Netherlands,2019-03-02 02:00:00,2019-03-02 03:00:00,39.49,0.4284665,3,5,3
Netherlands,2020-07-24 01:00:00,2020-07-24 03:00:00,19.01,0.2062585,3,4,7
Netherlands,2022-08-20 23:00:00,2022-08-21 01:00:00,381.0,4.13385,1,6,8
Netherlands,06/12/2023 22:00,2023-12-06 23:00:00,100.44,1.0897739999999998,23,2,12
Netherlands,2018-10-05 13:00:00,2018-10-05 15:00:00,54.43,0.5905655,15,4,10
Netherlands,2018-07-16 20:00:00,2018-07-16 22:00:00,57.08,0.619318,22,0,7
Netherlands,2017-12-06 12:00:00,2017-12-06 13:00:00,49.9,0.541415,13,2,12
Netherlands,2019-03-11 12:00:00,2019-03-11 13:00:00,38.69,0.4197865,13,0,3
Netherlands,2021-09-01 15:00:00,2021-09-01 17:00:00,117.97,1.2799745,17,2,9
Netherlands,2019-09-20 13:00:00,2019-09-20 15:00:00,32.96,0.357616,15,4,9
Netherlands,2022-07-08 06:00:00,2022-07-08 08:00:00,419.29,4.5492965000000005,8,4,7
Netherlands,11/08/2024 08:00,2024-08-11 10:00:00,-5.01,-0.0543585,10,6,8
Netherlands,2019-01-30 03:00:00,2019-01-30 04:00:00,42.74,0.463729,4,2,1
Netherlands,2023-02-10 10:00:00,2023-02-10 11:00:00,138.64,1.504244,11,4,2
Netherlands,2020-02-29 04:00:00,2020-02-29 05:00:00,9.13,0.09906050000000001,5,5,2
Netherlands,2018-04-12 03:00:00,2018-04-12 05:00:00,31.2,0.33852,5,3,4
Netherlands,2022-05-18 22:00:00,2022-05-19 00:00:00,196.96,2.137016,0,3,5
Netherlands,2019-02-19 10:00:00,2019-02-19 11:00:00,42.05,0.45624249999999994,11,1,2
Netherlands,2022-06-01 16:00:00,2022-06-01 18:00:00,229.92,2.4946319999999997,18,2,6
Netherlands,2019-03-29 04:00:00,2019-03-29 05:00:00,38.04,0.412734,5,4,3
Netherlands,2022-07-14 14:00:00,2022-07-14 16:00:00,279.91,3.0370235,16,3,7
Netherlands,2020-10-27 01:00:00,2020-10-27 02:00:00,31.39,0.3405815,2,1,10
Netherlands,10/02/2024 23:00,2024-02-11 00:00:00,68.8,0.7464799999999999,0,6,2
Netherlands,2020-02-23 16:00:00,2020-02-23 17:00:00,28.0,0.3038,17,6,2
Netherlands,2017-02-19 21:00:00,2017-02-19 22:00:00,35.05,0.3802925,22,6,2
Netherlands,03/05/2024 22:00,2024-05-04 00:00:00,88.17,0.9566445,0,5,5
Netherlands,2022-05-26 01:00:00,2022-05-26 03:00:00,156.3,1.6958550000000001,3,3,5
Netherlands,07/07/2024 19:00,2024-07-07 21:00:00,127.05,1.3784925,21,6,7
Netherlands,2019-06-26 12:00:00,2019-06-26 14:00:00,31.88,0.345898,14,2,6
Netherlands,2017-04-28 02:00:00,2017-04-28 04:00:00,31.41,0.3407985,4,4,4
Netherlands,2019-05-15 17:00:00,2019-05-15 19:00:00,45.8,0.4969299999999999,19,2,5
Netherlands,2021-01-03 16:00:00,2021-01-03 17:00:00,70.0,0.7595,17,6,1
Netherlands,2015-08-20 18:00:00,2015-08-20 20:00:00,45.35,0.4920475,20,3,8
Netherlands,2016-10-23 12:00:00,2016-10-23 14:00:00,34.94,0.37909899999999996,14,6,10
Netherlands,2019-12-19 10:00:00,2019-12-19 11:00:00,37.69,0.4089365,11,3,12
Netherlands,2015-02-27 17:00:00,2015-02-27 18:00:00,64.06,0.6950510000000001,18,4,2
Netherlands,01/05/2024 17:00,2024-05-01 19:00:00,106.0,1.1501,19,2,5
Netherlands,2020-05-13 04:00:00,2020-05-13 06:00:00,23.47,0.2546495,6,2,5
Netherlands,2019-05-08 19:00:00,2019-05-08 21:00:00,38.01,0.41240849999999996,21,2,5
Netherlands,07/03/2024 15:00,2024-03-07 16:00:00,70.66,0.7666609999999999,16,3,3
Netherlands,05/01/2024 15:00,2024-01-05 16:00:00,103.03,1.1178754999999998,16,4,1
Netherlands,2021-03-03 00:00:00,2021-03-03 01:00:00,44.72,0.485212,1,2,3
Netherlands,2018-08-11 04:00:00,2018-08-11 06:00:00,41.52,0.450492,6,5,8
Netherlands,20/02/2024 08:00,2024-02-20 09:00:00,78.77,0.8546545,9,1,2
Netherlands,2016-01-12 00:00:00,2016-01-12 01:00:00,19.81,0.21493849999999998,1,1,1
Netherlands,2021-09-24 23:00:00,2021-09-25 01:00:00,153.07,1.6608094999999998,1,5,9
Netherlands,2016-08-15 17:00:00,2016-08-15 19:00:00,35.88,0.389298,19,0,8
Netherlands,2016-11-29 00:00:00,2016-11-29 01:00:00,42.2,0.45787,1,1,11
Netherlands,2016-08-31 17:00:00,2016-08-31 19:00:00,41.78,0.45331299999999997,19,2,8
Netherlands,2016-02-28 13:00:00,2016-02-28 14:00:00,17.46,0.189441,14,6,2
Netherlands,2019-11-17 12:00:00,2019-11-17 13:00:00,39.25,0.42586250000000003,13,6,11
Netherlands,2016-04-23 12:00:00,2016-04-23 14:00:00,20.42,0.221557,14,5,4
Netherlands,2022-08-11 09:00:00,2022-08-11 11:00:00,326.85,3.5463225,11,3,8
Netherlands,2023-04-02 14:00:00,2023-04-02 16:00:00,12.8,0.13888,16,6,4
Netherlands,2016-01-01 23:00:00,2016-01-02 00:00:00,22.2,0.24086999999999997,0,5,1
Netherlands,2019-11-11 18:00:00,2019-11-11 19:00:00,40.36,0.437906,19,0,11
Netherlands,2015-10-16 04:00:00,2015-10-16 06:00:00,37.1,0.40253500000000003,6,4,10
Netherlands,28/10/2024 05:00,2024-10-28 06:00:00,94.3,1.023155,6,0,10
Netherlands,2020-05-14 21:00:00,2020-05-14 23:00:00,21.89,0.23750649999999998,23,3,5
Netherlands,2015-05-02 09:00:00,2015-05-02 11:00:00,35.79,0.38832149999999993,11,5,5
Netherlands,2018-10-07 18:00:00,2018-10-07 20:00:00,77.07,0.8362094999999999,20,6,10
Netherlands,2016-08-08 05:00:00,2016-08-08 07:00:00,23.71,0.25725349999999997,7,0,8
Netherlands,2016-02-17 02:00:00,2016-02-17 03:00:00,19.4,0.21048999999999998,3,2,2
Netherlands,2017-03-19 12:00:00,2017-03-19 13:00:00,30.47,0.3305995,13,6,3
Netherlands,2020-05-23 16:00:00,2020-05-23 18:00:00,8.01,0.08690849999999999,18,5,5
Netherlands,2016-12-23 13:00:00,2016-12-23 14:00:00,40.42,0.43855700000000003,14,4,12
Netherlands,2015-10-05 12:00:00,2015-10-05 14:00:00,38.84,0.42141400000000007,14,0,10
Netherlands,15/03/2024 07:00,2024-03-15 08:00:00,67.42,0.7315069999999999,8,4,3
Netherlands,2015-05-04 16:00:00,2015-05-04 18:00:00,53.9,0.584815,18,0,5
Netherlands,2017-03-21 20:00:00,2017-03-21 21:00:00,37.75,0.4095875,21,1,3
Netherlands,2015-06-18 02:00:00,2015-06-18 04:00:00,26.6,0.28861000000000003,4,3,6
Netherlands,2023-09-29 12:00:00,2023-09-29 14:00:00,77.04,0.835884,14,4,9
Netherlands,2021-05-30 14:00:00,2021-05-30 16:00:00,-0.93,-0.0100905,16,6,5
Netherlands,2019-11-06 07:00:00,2019-11-06 08:00:00,57.77,0.6268045,8,2,11
Netherlands,2015-06-27 19:00:00,2015-06-27 21:00:00,32.65,0.35425249999999997,21,5,6
Netherlands,2019-06-21 04:00:00,2019-06-21 06:00:00,39.51,0.4286835,6,4,6
Netherlands,2015-05-20 15:00:00,2015-05-20 17:00:00,42.44,0.46047399999999994,17,2,5
Netherlands,2017-06-09 19:00:00,2017-06-09 21:00:00,35.9,0.389515,21,4,6
Netherlands,03/08/2024 13:00,2024-08-03 15:00:00,12.02,0.130417,15,5,8
Netherlands,2017-08-21 12:00:00,2017-08-21 14:00:00,41.78,0.45331299999999997,14,0,8
Netherlands,2017-11-30 07:00:00,2017-11-30 08:00:00,88.16,0.9565359999999999,8,3,11
Netherlands,2023-06-29 21:00:00,2023-06-29 23:00:00,120.25,1.3047125,23,3,6
Netherlands,2018-08-23 05:00:00,2018-08-23 07:00:00,69.91,0.7585234999999999,7,3,8
Netherlands,05/05/2024 05:00,2024-05-05 07:00:00,74.1,0.803985,7,6,5
Netherlands,2021-09-22 12:00:00,2021-09-22 14:00:00,132.32,1.4356719999999998,14,2,9
Netherlands,2021-10-12 23:00:00,2021-10-13 01:00:00,152.01,1.6493084999999998,1,2,10
Netherlands,2017-09-11 00:00:00,2017-09-11 02:00:00,19.54,0.21200899999999998,2,0,9
Netherlands,2017-01-02 18:00:00,2017-01-02 19:00:00,47.94,0.520149,19,0,1
Netherlands,2019-10-31 03:00:00,2019-10-31 04:00:00,33.37,0.36206449999999996,4,3,10
Netherlands,08/10/2024 21:00,2024-10-08 23:00:00,63.53,0.6893005,23,1,10
Netherlands,2021-08-18 08:00:00,2021-08-18 10:00:00,97.2,1.05462,10,2,8
Netherlands,2018-06-17 15:00:00,2018-06-17 17:00:00,41.61,0.4514685,17,6,6
Netherlands,2015-04-14 22:00:00,2015-04-15 00:00:00,30.77,0.3338545,0,2,4
Netherlands,2018-10-03 10:00:00,2018-10-03 12:00:00,75.14,0.815269,12,2,10
Netherlands,2018-04-05 17:00:00,2018-04-05 19:00:00,47.18,0.511903,19,3,4
Netherlands,2017-01-03 14:00:00,2017-01-03 15:00:00,40.9,0.44376499999999997,15,1,1
Netherlands,2018-11-04 16:00:00,2018-11-04 17:00:00,62.99,0.6834415,17,6,11
Netherlands,2017-02-16 08:00:00,2017-02-16 09:00:00,43.35,0.47034750000000003,9,3,2
Netherlands,2019-09-09 00:00:00,2019-09-09 02:00:00,33.03,0.3583755,2,0,9
Netherlands,2020-05-24 21:00:00,2020-05-24 23:00:00,43.0,0.46655,23,6,5
Netherlands,2019-09-29 05:00:00,2019-09-29 07:00:00,23.09,0.2505265,7,6,9
Netherlands,2017-08-25 16:00:00,2017-08-25 18:00:00,43.98,0.4771829999999999,18,4,8
Netherlands,2020-10-21 09:00:00,2020-10-21 11:00:00,41.97,0.45537449999999996,11,2,10
Netherlands,07/05/2024 07:00,2024-05-07 09:00:00,91.75,0.9954875,9,1,5
Netherlands,2021-10-03 10:00:00,2021-10-03 12:00:00,231.97,2.5168744999999997,12,6,10
Netherlands,2023-01-15 17:00:00,2023-01-15 18:00:00,174.6,1.89441,18,6,1
Netherlands,2015-07-13 11:00:00,2015-07-13 13:00:00,51.54,0.559209,13,0,7
Netherlands,2023-06-17 20:00:00,2023-06-17 22:00:00,146.07,1.5848594999999999,22,5,6
Netherlands,2016-05-17 13:00:00,2016-05-17 15:00:00,32.62,0.353927,15,1,5
Netherlands,19/06/2024 17:00,2024-06-19 19:00:00,99.89,1.0838065,19,2,6
Netherlands,2020-04-13 15:00:00,2020-04-13 17:00:00,-7.26,-0.07877100000000001,17,0,4
Netherlands,07/08/2024 23:00,2024-08-08 01:00:00,88.79,0.9633715,1,3,8
Netherlands,2021-06-21 16:00:00,2021-06-21 18:00:00,88.97,0.9653244999999999,18,0,6
Netherlands,2019-06-11 18:00:00,2019-06-11 20:00:00,54.0,0.5859,20,1,6
Netherlands,2020-08-06 17:00:00,2020-08-06 19:00:00,53.96,0.585466,19,3,8
Netherlands,2015-06-01 11:00:00,2015-06-01 13:00:00,45.43,0.4929155,13,0,6
Netherlands,2020-10-04 20:00:00,2020-10-04 22:00:00,31.25,0.3390625,22,6,10
Netherlands,2019-08-01 18:00:00,2019-08-01 20:00:00,66.2,0.71827,20,3,8
Netherlands,2016-08-07 14:00:00,2016-08-07 16:00:00,20.61,0.22361849999999997,16,6,8
Netherlands,2017-08-23 17:00:00,2017-08-23 19:00:00,48.05,0.5213424999999999,19,2,8
Netherlands,2023-07-12 17:00:00,2023-07-12 19:00:00,101.41,1.1002984999999998,19,2,7
Netherlands,11/12/2023 18:00,2023-12-11 19:00:00,121.55,1.3188175,19,0,12
Netherlands,2015-04-07 06:00:00,2015-04-07 08:00:00,77.98,0.8460829999999999,8,1,4
Netherlands,2020-11-11 00:00:00,2020-11-11 01:00:00,37.9,0.411215,1,2,11
Netherlands,2022-08-25 14:00:00,2022-08-25 16:00:00,532.1,5.773285,16,3,8
Netherlands,2020-05-02 23:00:00,2020-05-03 01:00:00,13.76,0.14929599999999998,1,6,5
Netherlands,26/03/2024 19:00,2024-03-26 20:00:00,80.0,0.868,20,1,3
Netherlands,2023-06-14 03:00:00,2023-06-14 05:00:00,97.66,1.0596109999999999,5,2,6
Netherlands,2018-12-14 18:00:00,2018-12-14 19:00:00,75.65,0.8208025,19,4,12
Netherlands,2016-11-04 10:00:00,2016-11-04 11:00:00,41.44,0.44962399999999997,11,4,11
Netherlands,2021-06-28 09:00:00,2021-06-28 11:00:00,86.95,0.9434075000000001,11,0,6
Netherlands,03/10/2024 00:00,2024-10-03 02:00:00,79.9,0.8669150000000001,2,3,10
Netherlands,2021-09-13 05:00:00,2021-09-13 07:00:00,164.81,1.7881885,7,0,9
Netherlands,2020-03-20 01:00:00,2020-03-20 02:00:00,18.62,0.202027,2,4,3
Netherlands,2018-06-23 02:00:00,2018-06-23 04:00:00,37.62,0.40817699999999996,4,5,6
Netherlands,2021-07-03 14:00:00,2021-07-03 16:00:00,75.2,0.81592,16,5,7
Netherlands,2021-02-23 04:00:00,2021-02-23 05:00:00,39.06,0.423801,5,1,2
Netherlands,2019-07-25 19:00:00,2019-07-25 21:00:00,56.75,0.6157374999999999,21,3,7
Netherlands,2020-01-31 15:00:00,2020-01-31 16:00:00,28.1,0.304885,16,4,1
Netherlands,2020-12-04 00:00:00,2020-12-04 01:00:00,41.4,0.44919,1,4,12
Netherlands,2019-12-31 05:00:00,2019-12-31 06:00:00,33.29,0.3611965,6,1,12
Netherlands,2023-03-20 11:00:00,2023-03-20 12:00:00,104.58,1.134693,12,0,3
Netherlands,2020-11-26 02:00:00,2020-11-26 03:00:00,36.52,0.39624200000000004,3,3,11
Netherlands,2023-07-11 22:00:00,2023-07-12 00:00:00,98.47,1.0683995,0,2,7
Netherlands,11/11/2023 11:00,2023-11-11 12:00:00,87.94,0.954149,12,5,11
Netherlands,04/06/2024 07:00,2024-06-04 09:00:00,108.52,1.177442,9,1,6
Netherlands,2015-11-17 00:00:00,2015-11-17 01:00:00,29.07,0.31540949999999995,1,1,11
Netherlands,2021-01-30 15:00:00,2021-01-30 16:00:00,56.06,0.608251,16,5,1
Netherlands,2019-11-03 00:00:00,2019-11-03 01:00:00,25.7,0.27884499999999995,1,6,11
Netherlands,06/01/2024 11:00,2024-01-06 12:00:00,99.16,1.075886,12,5,1
Netherlands,2020-08-04 16:00:00,2020-08-04 18:00:00,40.41,0.43844849999999996,18,1,8
Netherlands,2016-03-20 03:00:00,2016-03-20 04:00:00,20.0,0.217,4,6,3
Netherlands,2019-06-29 14:00:00,2019-06-29 16:00:00,26.39,0.2863315,16,5,6
Netherlands,2016-10-13 03:00:00,2016-10-13 05:00:00,28.23,0.3062955,5,3,10
Netherlands,05/07/2024 01:00,2024-07-05 03:00:00,2.67,0.0289695,3,4,7
Netherlands,2023-07-31 14:00:00,2023-07-31 16:00:00,67.69,0.7344364999999999,16,0,7
Netherlands,2021-07-07 08:00:00,2021-07-07 10:00:00,98.24,1.065904,10,2,7
Netherlands,2022-04-18 01:00:00,2022-04-18 03:00:00,81.0,0.87885,3,0,4
Netherlands,29/06/2024 12:00,2024-06-29 14:00:00,-0.08,-0.000868,14,5,6
Netherlands,2022-07-03 05:00:00,2022-07-03 07:00:00,192.31,2.0865634999999996,7,6,7
Netherlands,2019-06-24 23:00:00,2019-06-25 01:00:00,25.6,0.27776,1,1,6
Netherlands,2016-06-23 16:00:00,2016-06-23 18:00:00,49.9,0.541415,18,3,6
Netherlands,12/01/2024 16:00,2024-01-12 17:00:00,127.5,1.383375,17,4,1
Netherlands,2018-05-02 01:00:00,2018-05-02 03:00:00,27.68,0.300328,3,2,5
Netherlands,13/08/2024 23:00,2024-08-14 01:00:00,89.9,0.975415,1,2,8
Netherlands,2016-05-14 05:00:00,2016-05-14 07:00:00,20.13,0.21841049999999998,7,5,5
Netherlands,05/01/2024 10:00,2024-01-05 11:00:00,98.22,1.0656869999999998,11,4,1
Netherlands,2022-02-12 21:00:00,2022-02-12 22:00:00,157.5,1.708875,22,5,2
Netherlands,2019-08-01 08:00:00,2019-08-01 10:00:00,40.76,0.442246,10,3,8
Netherlands,2020-04-23 04:00:00,2020-04-23 06:00:00,33.4,0.36239,6,3,4
Netherlands,2017-04-25 17:00:00,2017-04-25 19:00:00,42.56,0.461776,19,1,4
Netherlands,20/09/2024 20:00,2024-09-20 22:00:00,87.8,0.9526299999999999,22,4,9
Netherlands,2016-04-24 05:00:00,2016-04-24 07:00:00,12.2,0.13237,7,6,4
Netherlands,25/10/2024 04:00,2024-10-25 06:00:00,103.43,1.1222155,6,4,10
Netherlands,2015-10-30 04:00:00,2015-10-30 05:00:00,36.78,0.399063,5,4,10
Netherlands,09/05/2024 04:00,2024-05-09 06:00:00,84.0,0.9114,6,3,5
Netherlands,2018-01-18 02:00:00,2018-01-18 03:00:00,24.95,0.2707075,3,3,1
Netherlands,2017-10-03 15:00:00,2017-10-03 17:00:00,47.0,0.50995,17,1,10
Netherlands,20/08/2024 07:00,2024-08-20 09:00:00,102.24,1.1093039999999998,9,1,8
Netherlands,2018-02-07 21:00:00,2018-02-07 22:00:00,37.4,0.40579,22,2,2
Netherlands,28/10/2023 04:00,2023-10-28 06:00:00,64.82,0.703297,6,5,10
Netherlands,2015-03-10 00:00:00,2015-03-10 01:00:00,33.93,0.3681405,1,1,3
Netherlands,2019-04-13 19:00:00,2019-04-13 21:00:00,45.57,0.4944345,21,5,4
Netherlands,2021-12-25 15:00:00,2021-12-25 16:00:00,231.52,2.5119920000000002,16,5,12
Netherlands,2023-08-13 14:00:00,2023-08-13 16:00:00,17.45,0.1893325,16,6,8
Netherlands,2017-09-09 12:00:00,2017-09-09 14:00:00,41.26,0.44767099999999993,14,5,9
Netherlands,2017-04-25 00:00:00,2017-04-25 02:00:00,31.2,0.33852,2,1,4
Netherlands,2020-09-20 15:00:00,2020-09-20 17:00:00,38.31,0.4156635,17,6,9
Netherlands,2017-02-11 06:00:00,2017-02-11 07:00:00,44.15,0.4790275,7,5,2
Netherlands,2022-03-26 13:00:00,2022-03-26 14:00:00,15.73,0.1706705,14,5,3
Netherlands,2022-08-22 13:00:00,2022-08-22 15:00:00,577.2,6.26262,15,0,8
Netherlands,2015-08-21 11:00:00,2015-08-21 13:00:00,49.68,0.5390280000000001,13,4,8
Netherlands,2023-08-08 01:00:00,2023-08-08 03:00:00,80.0,0.868,3,1,8
Netherlands,2022-08-16 11:00:00,2022-08-16 13:00:00,363.43,3.9432155,13,1,8
Netherlands,2022-02-18 04:00:00,2022-02-18 05:00:00,119.09,1.2921265000000002,5,4,2
Netherlands,2017-06-10 07:00:00,2017-06-10 09:00:00,31.94,0.346549,9,5,6
Netherlands,2017-07-13 09:00:00,2017-07-13 11:00:00,34.96,0.379316,11,3,7
Netherlands,2023-09-27 21:00:00,2023-09-27 23:00:00,86.61,0.9397184999999999,23,2,9
Netherlands,06/09/2024 05:00,2024-09-06 07:00:00,118.25,1.2830125000000001,7,4,9
Netherlands,2017-07-27 04:00:00,2017-07-27 06:00:00,29.19,0.3167115,6,3,7
Netherlands,25/11/2023 13:00,2023-11-25 14:00:00,90.09,0.9774765,14,5,11
Netherlands,2020-04-20 21:00:00,2020-04-20 23:00:00,17.58,0.19074299999999997,23,0,4
Netherlands,2018-08-17 14:00:00,2018-08-17 16:00:00,57.21,0.6207284999999999,16,4,8
Netherlands,2015-08-20 04:00:00,2015-08-20 06:00:00,38.58,0.41859299999999994,6,3,8
Netherlands,09/10/2024 14:00,2024-10-09 16:00:00,95.0,1.03075,16,2,10
Netherlands,2018-08-13 15:00:00,2018-08-13 17:00:00,60.14,0.652519,17,0,8
Netherlands,2015-12-21 09:00:00,2015-12-21 10:00:00,37.44,0.406224,10,0,12
Netherlands,2019-11-11 20:00:00,2019-11-11 21:00:00,35.4,0.38409,21,0,11
Netherlands,08/07/2024 10:00,2024-07-08 12:00:00,32.14,0.348719,12,0,7
Netherlands,2022-09-27 06:00:00,2022-09-27 08:00:00,419.32,4.549621999999999,8,1,9
Netherlands,22/10/2024 07:00,2024-10-22 09:00:00,113.37,1.2300645,9,1,10
Netherlands,2019-12-04 10:00:00,2019-12-04 11:00:00,52.07,0.5649595,11,2,12
Netherlands,2017-04-14 03:00:00,2017-04-14 05:00:00,30.9,0.335265,5,4,4
Netherlands,2016-12-14 03:00:00,2016-12-14 04:00:00,32.34,0.350889,4,2,12
Netherlands,2020-02-02 04:00:00,2020-02-02 05:00:00,35.34,0.38343900000000003,5,6,2
Netherlands,2019-11-16 20:00:00,2019-11-16 21:00:00,34.23,0.3713955,21,5,11
Netherlands,2022-08-24 06:00:00,2022-08-24 08:00:00,694.26,7.532721,8,2,8
Netherlands,14/11/2024 13:00,2024-11-14 14:00:00,134.19,1.4559615,14,3,11
Netherlands,2017-12-02 07:00:00,2017-12-02 08:00:00,40.7,0.441595,8,5,12
Netherlands,2021-11-25 02:00:00,2021-11-25 03:00:00,196.89,2.1362565,3,3,11
Netherlands,2018-03-08 11:00:00,2018-03-08 12:00:00,41.79,0.4534215,12,3,3
Netherlands,2017-04-04 02:00:00,2017-04-04 04:00:00,29.8,0.32333,4,1,4
Netherlands,2019-10-06 06:00:00,2019-10-06 08:00:00,30.0,0.3255,8,6,10
Netherlands,2019-08-08 13:00:00,2019-08-08 15:00:00,28.7,0.311395,15,3,8
Netherlands,2016-08-19 07:00:00,2016-08-19 09:00:00,36.45,0.3954825,9,4,8
Netherlands,27/09/2024 09:00,2024-09-27 11:00:00,-1.62,-0.017577000000000002,11,4,9
Netherlands,2016-03-03 21:00:00,2016-03-03 22:00:00,27.0,0.29295,22,3,3
Netherlands,2019-11-19 08:00:00,2019-11-19 09:00:00,43.38,0.470673,9,1,11
Netherlands,2020-12-21 21:00:00,2020-12-21 22:00:00,42.44,0.46047399999999994,22,0,12
Netherlands,2020-08-11 22:00:00,2020-08-12 00:00:00,24.89,0.2700565,0,2,8
Netherlands,2020-12-15 23:00:00,2020-12-16 00:00:00,43.52,0.472192,0,2,12
Netherlands,2015-09-07 22:00:00,2015-09-08 00:00:00,38.03,0.4126255,0,1,9
Netherlands,24/12/2023 04:00,2023-12-24 05:00:00,-4.97,-0.05392449999999999,5,6,12
Netherlands,2021-11-18 18:00:00,2021-11-18 19:00:00,219.9,2.385915,19,3,11
Netherlands,2017-04-04 04:00:00,2017-04-04 06:00:00,41.17,0.4466945,6,1,4
Netherlands,2022-06-13 15:00:00,2022-06-13 17:00:00,151.28,1.6413879999999998,17,0,6
Netherlands,2021-02-15 09:00:00,2021-02-15 10:00:00,55.69,0.6042365,10,0,2
Netherlands,2018-01-06 15:00:00,2018-01-06 16:00:00,42.4,0.46003999999999995,16,5,1
Netherlands,2022-02-26 11:00:00,2022-02-26 12:00:00,196.64,2.1335439999999997,12,5,2
Netherlands,17/07/2024 21:00,2024-07-17 23:00:00,92.17,1.0000445,23,2,7
Netherlands,2017-08-12 21:00:00,2017-08-12 23:00:00,45.0,0.48825,23,5,8
Netherlands,26/11/2023 16:00,2023-11-26 17:00:00,145.7,1.5808449999999998,17,6,11
Netherlands,2021-01-13 02:00:00,2021-01-13 03:00:00,40.0,0.434,3,2,1
Netherlands,2018-11-10 12:00:00,2018-11-10 13:00:00,72.0,0.7811999999999999,13,5,11
Netherlands,2021-05-16 13:00:00,2021-05-16 15:00:00,1.0,0.01085,15,6,5
Netherlands,2020-02-14 05:00:00,2020-02-14 06:00:00,34.3,0.37215499999999996,6,4,2
Netherlands,2021-12-05 23:00:00,2021-12-06 00:00:00,196.78,2.135063,0,0,12
Netherlands,2022-11-28 15:00:00,2022-11-28 16:00:00,392.85,4.2624225,16,0,11
Netherlands,2017-11-22 08:00:00,2017-11-22 09:00:00,48.77,0.5291545,9,2,11
Netherlands,2017-11-25 02:00:00,2017-11-25 03:00:00,36.68,0.397978,3,5,11
Netherlands,2023-01-26 07:00:00,2023-01-26 08:00:00,198.95,2.1586074999999996,8,3,1
Netherlands,2018-04-05 12:00:00,2018-04-05 14:00:00,37.4,0.40579,14,3,4
Netherlands,2016-04-20 06:00:00,2016-04-20 08:00:00,31.91,0.3462235,8,2,4
Netherlands,2023-02-27 05:00:00,2023-02-27 06:00:00,152.3,1.6524550000000002,6,0,2
Netherlands,2023-08-10 21:00:00,2023-08-10 23:00:00,101.11,1.0970435,23,3,8
Netherlands,2015-02-23 13:00:00,2015-02-23 14:00:00,49.03,0.5319755,14,0,2
Netherlands,2020-05-30 02:00:00,2020-05-30 04:00:00,14.41,0.1563485,4,5,5
Netherlands,2023-01-10 23:00:00,2023-01-11 00:00:00,5.0,0.05425,0,2,1
Netherlands,2015-11-16 22:00:00,2015-11-16 23:00:00,32.1,0.348285,23,0,11
Netherlands,2017-01-31 13:00:00,2017-01-31 14:00:00,90.36,0.980406,14,1,1
Netherlands,2018-10-04 12:00:00,2018-10-04 14:00:00,51.0,0.55335,14,3,10
Netherlands,2020-08-07 03:00:00,2020-08-07 05:00:00,30.66,0.332661,5,4,8
Netherlands,2017-05-26 19:00:00,2017-05-26 21:00:00,39.66,0.43031099999999994,21,4,5
Netherlands,2017-11-28 02:00:00,2017-11-28 03:00:00,37.56,0.407526,3,1,11
Netherlands,2020-06-29 15:00:00,2020-06-29 17:00:00,19.25,0.20886249999999998,17,0,6
Netherlands,2019-08-24 14:00:00,2019-08-24 16:00:00,28.03,0.3041255,16,5,8
Netherlands,2022-01-04 21:00:00,2022-01-04 22:00:00,137.92,1.4964319999999998,22,1,1
Netherlands,05/03/2024 09:00,2024-03-05 10:00:00,71.15,0.7719775000000001,10,1,3
Netherlands,2016-08-26 15:00:00,2016-08-26 17:00:00,36.3,0.39385499999999996,17,4,8
Netherlands,2020-03-15 03:00:00,2020-03-15 04:00:00,7.61,0.0825685,4,6,3
Netherlands,2015-08-17 16:00:00,2015-08-17 18:00:00,44.91,0.48727349999999997,18,0,8
Netherlands,2018-10-23 17:00:00,2018-10-23 19:00:00,82.0,0.8896999999999999,19,1,10
Netherlands,2022-10-24 02:00:00,2022-10-24 04:00:00,36.02,0.390817,4,0,10
Netherlands,2017-08-28 15:00:00,2017-08-28 17:00:00,44.53,0.48315050000000004,17,0,8
Netherlands,2020-12-10 07:00:00,2020-12-10 08:00:00,96.43,1.0462655,8,3,12
Netherlands,2022-10-19 08:00:00,2022-10-19 10:00:00,116.6,1.26511,10,2,10
Netherlands,2015-09-08 00:00:00,2015-09-08 02:00:00,29.93,0.3247405,2,1,9
Netherlands,2020-06-03 18:00:00,2020-06-03 20:00:00,38.76,0.420546,20,2,6
Netherlands,2022-05-28 01:00:00,2022-05-28 03:00:00,96.9,1.051365,3,5,5
Netherlands,2015-09-15 16:00:00,2015-09-15 18:00:00,36.8,0.39927999999999997,18,1,9
Netherlands,2022-02-12 19:00:00,2022-02-12 20:00:00,218.0,2.3652999999999995,20,5,2
Netherlands,2021-06-20 21:00:00,2021-06-20 23:00:00,81.0,0.87885,23,6,6
Netherlands,2019-09-09 09:00:00,2019-09-09 11:00:00,47.41,0.5143984999999999,11,0,9
Netherlands,2017-03-15 14:00:00,2017-03-15 15:00:00,32.4,0.35153999999999996,15,2,3
Netherlands,2017-01-26 10:00:00,2017-01-26 11:00:00,60.0,0.651,11,3,1
Netherlands,2017-12-26 11:00:00,2017-12-26 12:00:00,34.9,0.378665,12,1,12
Netherlands,06/04/2024 12:00,2024-04-06 14:00:00,-125.3,-1.359505,14,5,4
Netherlands,2017-10-05 22:00:00,2017-10-06 00:00:00,33.1,0.359135,0,4,10
Netherlands,2017-06-05 11:00:00,2017-06-05 13:00:00,32.07,0.3479595,13,0,6
Netherlands,2022-07-11 03:00:00,2022-07-11 05:00:00,298.0,3.2333,5,0,7
Netherlands,2019-09-05 09:00:00,2019-09-05 11:00:00,28.66,0.310961,11,3,9
Netherlands,2023-04-12 15:00:00,2023-04-12 17:00:00,109.3,1.185905,17,2,4
Netherlands,06/04/2024 21:00,2024-04-06 23:00:00,30.0,0.3255,23,5,4
Netherlands,2020-09-04 11:00:00,2020-09-04 13:00:00,32.67,0.3544695,13,4,9
Netherlands,2021-06-20 12:00:00,2021-06-20 14:00:00,23.72,0.257362,14,6,6
Netherlands,2022-06-14 12:00:00,2022-06-14 14:00:00,156.83,1.7016055,14,1,6
Netherlands,2017-12-13 14:00:00,2017-12-13 15:00:00,50.1,0.543585,15,2,12
Netherlands,2016-11-25 13:00:00,2016-11-25 14:00:00,47.4,0.5142899999999999,14,4,11
Netherlands,2019-03-20 00:00:00,2019-03-20 01:00:00,36.3,0.39385499999999996,1,2,3
Netherlands,2022-09-12 21:00:00,2022-09-12 23:00:00,341.96,3.710266,23,0,9
Netherlands,2016-05-30 09:00:00,2016-05-30 11:00:00,40.01,0.4341085,11,0,5
Netherlands,09/07/2024 10:00,2024-07-09 12:00:00,21.95,0.23815749999999997,12,1,7
Netherlands,2019-11-01 20:00:00,2019-11-01 21:00:00,30.11,0.32669349999999997,21,4,11
Netherlands,2021-03-08 12:00:00,2021-03-08 13:00:00,53.84,0.584164,13,0,3
Netherlands,2019-02-15 14:00:00,2019-02-15 15:00:00,44.41,0.48184849999999996,15,4,2
Netherlands,2023-08-29 12:00:00,2023-08-29 14:00:00,89.0,0.96565,14,1,8
Netherlands,2017-06-29 22:00:00,2017-06-30 00:00:00,29.29,0.3177965,0,4,6
Netherlands,2019-05-22 21:00:00,2019-05-22 23:00:00,41.16,0.446586,23,2,5
Netherlands,03/01/2025 14:00,2025-01-03 15:00:00,149.99,1.6273914999999999,15,4,1
Netherlands,2021-04-25 03:00:00,2021-04-25 05:00:00,47.32,0.513422,5,6,4
Netherlands,2021-09-02 11:00:00,2021-09-02 13:00:00,100.99,1.0957415,13,3,9
Netherlands,2019-12-09 05:00:00,2019-12-09 06:00:00,30.0,0.3255,6,0,12
Netherlands,2021-06-19 05:00:00,2021-06-19 07:00:00,73.5,0.797475,7,5,6
Netherlands,2021-03-31 13:00:00,2021-03-31 15:00:00,43.92,0.47653199999999996,15,2,3
Netherlands,2015-11-02 20:00:00,2015-11-02 21:00:00,38.56,0.418376,21,0,11
Netherlands,2021-05-16 12:00:00,2021-05-16 14:00:00,3.83,0.0415555,14,6,5
Netherlands,2020-01-08 21:00:00,2020-01-08 22:00:00,41.51,0.4503835,22,2,1
Netherlands,2023-03-05 17:00:00,2023-03-05 18:00:00,166.67,1.8083694999999997,18,6,3
Netherlands,2015-05-31 20:00:00,2015-05-31 22:00:00,37.27,0.4043795,22,6,5
Netherlands,2020-03-12 21:00:00,2020-03-12 22:00:00,32.0,0.3472,22,3,3
Netherlands,2019-07-22 15:00:00,2019-07-22 17:00:00,44.98,0.48803299999999994,17,0,7
Netherlands,2023-02-27 09:00:00,2023-02-27 10:00:00,128.01,1.3889084999999999,10,0,2
Netherlands,2022-10-01 13:00:00,2022-10-01 15:00:00,57.92,0.628432,15,5,10
Netherlands,2019-02-24 16:00:00,2019-02-24 17:00:00,45.75,0.4963875,17,6,2
Netherlands,30/03/2024 04:00,2024-03-30 05:00:00,65.05,0.7057924999999999,5,5,3
Netherlands,2016-05-26 06:00:00,2016-05-26 08:00:00,39.43,0.42781549999999996,8,3,5
Netherlands,2022-07-21 05:00:00,2022-07-21 07:00:00,463.41,5.0279985,7,3,7
Netherlands,21/09/2024 17:00,2024-09-21 19:00:00,144.0,1.5623999999999998,19,5,9
Netherlands,2019-09-10 10:00:00,2019-09-10 12:00:00,31.04,0.336784,12,1,9
Netherlands,2018-10-13 09:00:00,2018-10-13 11:00:00,50.72,0.550312,11,5,10
Netherlands,2021-12-19 21:00:00,2021-12-19 22:00:00,328.0,3.5587999999999997,22,6,12
Netherlands,2022-09-06 13:00:00,2022-09-06 15:00:00,363.97,3.9490745,15,1,9
Netherlands,2020-03-31 04:00:00,2020-03-31 06:00:00,30.43,0.3301655,6,1,3
Netherlands,2016-07-29 22:00:00,2016-07-30 00:00:00,31.07,0.33710949999999995,0,5,7
Netherlands,2021-11-20 12:00:00,2021-11-20 13:00:00,190.0,2.0615,13,5,11
Netherlands,25/12/2024 17:00,2024-12-25 18:00:00,119.1,1.2922349999999998,18,2,12
Netherlands,2018-06-04 19:00:00,2018-06-04 21:00:00,52.93,0.5742904999999999,21,0,6
Netherlands,2015-12-31 10:00:00,2015-12-31 11:00:00,29.96,0.32506599999999997,11,3,12
Netherlands,2015-04-05 23:00:00,2015-04-06 01:00:00,30.92,0.335482,1,0,4
Netherlands,2018-06-26 11:00:00,2018-06-26 13:00:00,50.27,0.5454295,13,1,6
Netherlands,2022-04-27 05:00:00,2022-04-27 07:00:00,207.8,2.25463,7,2,4
Netherlands,2018-04-25 13:00:00,2018-04-25 15:00:00,28.5,0.30922499999999997,15,2,4
Netherlands,2016-05-10 08:00:00,2016-05-10 10:00:00,31.56,0.342426,10,1,5
Netherlands,31/03/2024 06:00,2024-03-31 08:00:00,70.74,0.7675289999999999,8,6,3
Netherlands,2015-05-24 02:00:00,2015-05-24 04:00:00,17.55,0.1904175,4,6,5
Netherlands,24/03/2024 17:00,2024-03-24 18:00:00,71.57,0.7765344999999999,18,6,3
Netherlands,2021-10-13 16:00:00,2021-10-13 18:00:00,246.99,2.6798415,18,2,10
Netherlands,2018-04-13 21:00:00,2018-04-13 23:00:00,41.89,0.45450650000000004,23,4,4
Netherlands,2016-08-13 08:00:00,2016-08-13 10:00:00,21.62,0.234577,10,5,8
Netherlands,2016-09-20 22:00:00,2016-09-21 00:00:00,24.82,0.26929699999999995,0,2,9
Netherlands,2021-12-03 07:00:00,2021-12-03 08:00:00,243.88,2.646098,8,4,12
Netherlands,2021-09-11 06:00:00,2021-09-11 08:00:00,143.46,1.556541,8,5,9
Netherlands,2021-12-27 22:00:00,2021-12-27 23:00:00,96.27,1.0445294999999999,23,0,12
Netherlands,2020-03-29 11:00:00,2020-03-29 13:00:00,-19.09,-0.2071265,13,6,3
Netherlands,2021-03-27 10:00:00,2021-03-27 11:00:00,-7.61,-0.0825685,11,5,3
Netherlands,2019-09-08 04:00:00,2019-09-08 06:00:00,32.39,0.35143149999999995,6,6,9
Netherlands,2017-01-01 13:00:00,2017-01-01 14:00:00,37.44,0.406224,14,6,1
Netherlands,21/11/2023 09:00,2023-11-21 10:00:00,135.0,1.46475,10,1,11
Netherlands,2016-10-27 19:00:00,2016-10-27 21:00:00,38.45,0.4171825,21,3,10
Netherlands,2017-11-05 15:00:00,2017-11-05 16:00:00,35.0,0.37975,16,6,11
Netherlands,13/05/2024 11:00,2024-05-13 13:00:00,-1.55,-0.0168175,13,0,5
Netherlands,2017-01-30 10:00:00,2017-01-30 11:00:00,69.91,0.7585234999999999,11,0,1
Netherlands,2022-01-25 04:00:00,2022-01-25 05:00:00,180.5,1.9584249999999999,5,1,1
Netherlands,2016-04-25 06:00:00,2016-04-25 08:00:00,34.48,0.37410799999999994,8,0,4
Netherlands,2016-10-24 04:00:00,2016-10-24 06:00:00,40.76,0.442246,6,0,10
Netherlands,2017-03-18 07:00:00,2017-03-18 08:00:00,29.0,0.31465,8,5,3
Netherlands,2020-09-01 04:00:00,2020-09-01 06:00:00,48.08,0.521668,6,1,9
Netherlands,2022-11-19 07:00:00,2022-11-19 08:00:00,205.7,2.231845,8,5,11
Netherlands,2018-05-08 03:00:00,2018-05-08 05:00:00,28.11,0.3049935,5,1,5
Netherlands,2022-05-31 18:00:00,2022-05-31 20:00:00,241.7,2.622445,20,1,5
Netherlands,2018-08-07 13:00:00,2018-08-07 15:00:00,66.99,0.7268414999999999,15,1,8
Netherlands,2019-07-19 23:00:00,2019-07-20 01:00:00,38.08,0.4131679999999999,1,5,7
Netherlands,2018-04-30 13:00:00,2018-04-30 15:00:00,31.21,0.3386285,15,0,4
Netherlands,2015-07-17 07:00:00,2015-07-17 09:00:00,44.97,0.4879245,9,4,7
Netherlands,2016-10-07 09:00:00,2016-10-07 11:00:00,54.54,0.591759,11,4,10
Netherlands,2015-08-01 16:00:00,2015-08-01 18:00:00,30.03,0.3258255,18,5,8
Netherlands,2019-06-03 11:00:00,2019-06-03 13:00:00,35.46,0.384741,13,0,6
Netherlands,2023-07-10 13:00:00,2023-07-10 15:00:00,55.1,0.597835,15,0,7
Netherlands,12/01/2024 01:00,2024-01-12 02:00:00,83.13,0.9019604999999999,2,4,1
Netherlands,2018-07-14 15:00:00,2018-07-14 17:00:00,48.72,0.528612,17,5,7
Netherlands,2020-08-15 11:00:00,2020-08-15 13:00:00,28.0,0.3038,13,5,8
Netherlands,2023-01-13 11:00:00,2023-01-13 12:00:00,76.77,0.8329544999999999,12,4,1
Netherlands,2020-09-08 20:00:00,2020-09-08 22:00:00,43.16,0.4682859999999999,22,1,9
Netherlands,2020-09-17 06:00:00,2020-09-17 08:00:00,59.69,0.6476365,8,3,9
Netherlands,2016-02-25 06:00:00,2016-02-25 07:00:00,36.04,0.391034,7,3,2
Netherlands,2021-10-29 10:00:00,2021-10-29 12:00:00,95.46,1.035741,12,4,10
Netherlands,2018-05-18 20:00:00,2018-05-18 22:00:00,55.7,0.604345,22,4,5
Netherlands,2016-03-03 07:00:00,2016-03-03 08:00:00,31.04,0.336784,8,3,3
Netherlands,2022-08-02 00:00:00,2022-08-02 02:00:00,382.1,4.145785,2,1,8
Netherlands,2017-03-08 14:00:00,2017-03-08 15:00:00,33.7,0.36564500000000005,15,2,3
Netherlands,2015-01-10 03:00:00,2015-01-10 04:00:00,25.24,0.273854,4,5,1
Netherlands,2020-11-24 13:00:00,2020-11-24 14:00:00,45.0,0.48825,14,1,11
Netherlands,28/04/2024 21:00,2024-04-28 23:00:00,66.94,0.726299,23,6,4
Netherlands,22/06/2024 00:00,2024-06-22 02:00:00,61.8,0.67053,2,5,6
Netherlands,2015-08-08 00:00:00,2015-08-08 02:00:00,26.23,0.2845955,2,5,8
Netherlands,28/01/2024 05:00,2024-01-28 06:00:00,59.32,0.6436219999999999,6,6,1
Netherlands,2021-11-15 05:00:00,2021-11-15 06:00:00,191.12,2.073652,6,0,11
Netherlands,2022-02-05 11:00:00,2022-02-05 12:00:00,109.9,1.192415,12,5,2
Netherlands,2021-04-11 17:00:00,2021-04-11 19:00:00,62.04,0.673134,19,6,4
Netherlands,2018-06-03 06:00:00,2018-06-03 08:00:00,44.5,0.482825,8,6,6
Netherlands,2021-08-26 21:00:00,2021-08-26 23:00:00,99.9,1.083915,23,3,8
Netherlands,2019-09-08 11:00:00,2019-09-08 13:00:00,32.2,0.34937,13,6,9
Netherlands,2020-09-15 16:00:00,2020-09-15 18:00:00,130.59,1.4169015,18,1,9
Netherlands,2015-05-27 03:00:00,2015-05-27 05:00:00,23.63,0.2563855,5,2,5
Netherlands,2015-06-10 15:00:00,2015-06-10 17:00:00,34.96,0.379316,17,2,6
Netherlands,2022-08-02 22:00:00,2022-08-03 00:00:00,328.98,3.569433,0,2,8
Netherlands,2017-03-20 00:00:00,2017-03-20 01:00:00,28.3,0.307055,1,0,3
Netherlands,2015-03-07 23:00:00,2015-03-08 00:00:00,34.45,0.3737825,0,6,3
Netherlands,2019-08-24 17:00:00,2019-08-24 19:00:00,42.39,0.4599315,19,5,8
Netherlands,2017-04-22 08:00:00,2017-04-22 10:00:00,30.1,0.32658499999999996,10,5,4
Netherlands,2020-11-12 02:00:00,2020-11-12 03:00:00,30.0,0.3255,3,3,11
Netherlands,05/05/2024 15:00,2024-05-05 17:00:00,32.0,0.3472,17,6,5
Netherlands,2021-03-30 22:00:00,2021-03-31 00:00:00,56.58,0.6138929999999999,0,2,3
Netherlands,2019-04-05 14:00:00,2019-04-05 16:00:00,38.64,0.41924399999999995,16,4,4
Netherlands,2023-03-18 05:00:00,2023-03-18 06:00:00,103.5,1.1229749999999998,6,5,3
Netherlands,2018-08-21 16:00:00,2018-08-21 18:00:00,74.9,0.8126650000000001,18,1,8
Netherlands,2020-04-18 00:00:00,2020-04-18 02:00:00,18.59,0.20170149999999998,2,5,4
Netherlands,06/05/2024 09:00,2024-05-06 11:00:00,72.02,0.7814169999999999,11,0,5
Netherlands,2023-01-25 14:00:00,2023-01-25 15:00:00,197.3,2.140705,15,2,1
Netherlands,2017-01-07 22:00:00,2017-01-07 23:00:00,35.02,0.37996700000000005,23,5,1
Netherlands,2018-03-12 05:00:00,2018-03-12 06:00:00,48.29,0.5239465,6,0,3
Netherlands,2015-07-30 06:00:00,2015-07-30 08:00:00,40.8,0.44267999999999996,8,3,7
Netherlands,2016-11-03 05:00:00,2016-11-03 06:00:00,35.92,0.389732,6,3,11
Netherlands,2021-08-20 11:00:00,2021-08-20 13:00:00,90.0,0.9765,13,4,8
Netherlands,2023-08-09 05:00:00,2023-08-09 07:00:00,105.7,1.1468450000000001,7,2,8
Netherlands,2022-04-05 14:00:00,2022-04-05 16:00:00,230.8,2.50418,16,1,4
Netherlands,2017-10-19 02:00:00,2017-10-19 04:00:00,34.0,0.36889999999999995,4,3,10
Netherlands,2022-06-02 07:00:00,2022-06-02 09:00:00,188.76,2.048046,9,3,6
Netherlands,2020-03-02 10:00:00,2020-03-02 11:00:00,37.03,0.4017755,11,0,3
Netherlands,2020-12-15 18:00:00,2020-12-15 19:00:00,42.9,0.46546499999999996,19,1,12
Netherlands,2023-01-19 23:00:00,2023-01-20 00:00:00,149.9,1.626415,0,4,1
Netherlands,2015-04-01 20:00:00,2015-04-01 22:00:00,44.94,0.48759899999999995,22,2,4
Netherlands,2022-10-19 04:00:00,2022-10-19 06:00:00,140.71,1.5267035,6,2,10
Netherlands,2017-04-12 15:00:00,2017-04-12 17:00:00,31.97,0.3468745,17,2,4
Netherlands,2017-03-13 08:00:00,2017-03-13 09:00:00,40.0,0.434,9,0,3
Netherlands,21/12/2023 03:00,2023-12-21 04:00:00,-0.84,-0.009113999999999999,4,3,12
Netherlands,2017-10-31 11:00:00,2017-10-31 12:00:00,33.1,0.359135,12,1,10
Netherlands,10/11/2023 05:00,2023-11-10 06:00:00,84.25,0.9141125,6,4,11
Netherlands,2017-12-24 00:00:00,2017-12-24 01:00:00,30.1,0.32658499999999996,1,6,12
Netherlands,2021-08-28 23:00:00,2021-08-29 01:00:00,73.57,0.7982345,1,6,8
Netherlands,2020-05-12 04:00:00,2020-05-12 06:00:00,26.01,0.28220850000000003,6,1,5
Netherlands,2015-12-11 05:00:00,2015-12-11 06:00:00,29.98,0.325283,6,4,12
Netherlands,2017-06-14 17:00:00,2017-06-14 19:00:00,49.95,0.5419575,19,2,6
Netherlands,17/11/2024 00:00,2024-11-17 01:00:00,90.92,0.986482,1,6,11
Netherlands,2021-03-06 23:00:00,2021-03-07 00:00:00,45.25,0.49096249999999997,0,6,3
Netherlands,2015-10-28 09:00:00,2015-10-28 10:00:00,42.56,0.461776,10,2,10
Netherlands,14/05/2024 03:00,2024-05-14 05:00:00,46.6,0.50561,5,1,5
Netherlands,2019-10-05 19:00:00,2019-10-05 21:00:00,41.0,0.44484999999999997,21,5,10
Netherlands,2021-04-27 21:00:00,2021-04-27 23:00:00,49.7,0.539245,23,1,4
Netherlands,13/12/2024 02:00,2024-12-13 03:00:00,114.95,1.2472075,3,4,12
Netherlands,2015-09-01 11:00:00,2015-09-01 13:00:00,57.6,0.6249600000000001,13,1,9
Netherlands,2015-08-27 04:00:00,2015-08-27 06:00:00,34.75,0.37703749999999997,6,3,8
Netherlands,2016-07-25 23:00:00,2016-07-26 01:00:00,27.5,0.298375,1,1,7
Netherlands,2019-01-25 03:00:00,2019-01-25 04:00:00,55.28,0.599788,4,4,1
Netherlands,2021-06-11 08:00:00,2021-06-11 10:00:00,76.92,0.834582,10,4,6
Netherlands,2022-03-19 04:00:00,2022-03-19 05:00:00,190.8,2.0701799999999997,5,5,3
Netherlands,2019-05-19 19:00:00,2019-05-19 21:00:00,41.71,0.4525535,21,6,5
Netherlands,15/03/2024 05:00,2024-03-15 06:00:00,58.49,0.6346165,6,4,3
Netherlands,13/12/2023 00:00,2023-12-13 01:00:00,73.01,0.7921585,1,2,12
Netherlands,2018-07-19 21:00:00,2018-07-19 23:00:00,51.9,0.563115,23,3,7
Netherlands,2019-05-31 07:00:00,2019-05-31 09:00:00,39.78,0.431613,9,4,5
Netherlands,2015-05-28 09:00:00,2015-05-28 11:00:00,57.44,0.6232239999999999,11,3,5
Netherlands,2020-12-22 08:00:00,2020-12-22 09:00:00,43.87,0.47598949999999995,9,1,12
Netherlands,2021-11-03 10:00:00,2021-11-03 11:00:00,195.0,2.11575,11,2,11
Netherlands,2022-05-11 13:00:00,2022-05-11 15:00:00,31.26,0.339171,15,2,5
Netherlands,05/11/2023 10:00,2023-11-05 11:00:00,43.45,0.47143250000000003,11,6,11
Netherlands,2018-02-21 20:00:00,2018-02-21 21:00:00,43.97,0.4770745,21,2,2
Netherlands,2015-08-06 11:00:00,2015-08-06 13:00:00,57.4,0.62279,13,3,8
Netherlands,2021-10-12 19:00:00,2021-10-12 21:00:00,193.2,2.0962199999999998,21,1,10
Netherlands,2021-02-22 05:00:00,2021-02-22 06:00:00,49.49,0.5369665,6,0,2
Netherlands,2020-09-26 07:00:00,2020-09-26 09:00:00,41.22,0.44723699999999994,9,5,9
Netherlands,2017-12-22 03:00:00,2017-12-22 04:00:00,27.81,0.30173849999999997,4,4,12
Netherlands,2016-10-25 11:00:00,2016-10-25 13:00:00,36.26,0.39342099999999997,13,1,10
Netherlands,2021-02-20 17:00:00,2021-02-20 18:00:00,45.56,0.49432600000000004,18,5,2
Netherlands,2018-05-23 09:00:00,2018-05-23 11:00:00,58.44,0.6340739999999999,11,2,5
Netherlands,2016-11-06 09:00:00,2016-11-06 10:00:00,37.93,0.41154050000000003,10,6,11
Netherlands,2018-07-17 03:00:00,2018-07-17 05:00:00,43.8,0.47523,5,1,7
Netherlands,2018-10-01 08:00:00,2018-10-01 10:00:00,73.7,0.7996449999999999,10,0,10
Netherlands,31/12/2023 01:00,2023-12-31 02:00:00,4.0,0.0434,2,6,12
Netherlands,2016-10-23 18:00:00,2016-10-23 20:00:00,43.0,0.46655,20,6,10
Netherlands,10/12/2023 22:00,2023-12-10 23:00:00,67.15,0.7285775,23,6,12
Netherlands,2017-05-11 08:00:00,2017-05-11 10:00:00,44.45,0.4822825,10,3,5
Netherlands,2019-11-28 19:00:00,2019-11-28 20:00:00,59.64,0.647094,20,3,11
Netherlands,2015-11-20 19:00:00,2015-11-20 20:00:00,41.6,0.45136000000000004,20,4,11
Netherlands,2023-06-21 12:00:00,2023-06-21 14:00:00,86.64,0.940044,14,2,6
Netherlands,05/10/2023 14:00,2023-10-05 16:00:00,94.23,1.0223955,16,3,10
Netherlands,23/08/2024 21:00,2024-08-23 23:00:00,100.84,1.094114,23,4,8
Netherlands,2018-10-05 22:00:00,2018-10-06 00:00:00,51.81,0.5621385,0,5,10
Netherlands,2020-08-14 13:00:00,2020-08-14 15:00:00,37.01,0.4015585,15,4,8
Netherlands,2018-04-17 16:00:00,2018-04-17 18:00:00,50.37,0.5465145,18,1,4
Netherlands,15/10/2024 02:00,2024-10-15 04:00:00,79.94,0.8673489999999999,4,1,10
Netherlands,18/05/2024 02:00,2024-05-18 04:00:00,62.5,0.678125,4,5,5
Netherlands,2021-05-02 15:00:00,2021-05-02 17:00:00,35.77,0.3881045,17,6,5
Netherlands,2017-07-14 10:00:00,2017-07-14 12:00:00,37.1,0.40253500000000003,12,4,7
Netherlands,2021-01-17 22:00:00,2021-01-17 23:00:00,45.4,0.49259,23,6,1
Netherlands,2019-08-20 05:00:00,2019-08-20 07:00:00,44.5,0.482825,7,1,8
Netherlands,2019-04-29 07:00:00,2019-04-29 09:00:00,51.3,0.5566049999999999,9,0,4
Netherlands,2015-11-08 12:00:00,2015-11-08 13:00:00,39.97,0.43367449999999996,13,6,11
Netherlands,2019-01-21 04:00:00,2019-01-21 05:00:00,53.23,0.5775454999999999,5,0,1
Netherlands,2020-02-14 11:00:00,2020-02-14 12:00:00,38.92,0.422282,12,4,2
Netherlands,2016-08-01 05:00:00,2016-08-01 07:00:00,32.17,0.34904450000000004,7,0,8
Netherlands,2016-09-09 13:00:00,2016-09-09 15:00:00,29.49,0.3199665,15,4,9
Netherlands,2015-05-07 07:00:00,2015-05-07 09:00:00,58.5,0.634725,9,3,5
Netherlands,2016-03-19 08:00:00,2016-03-19 09:00:00,28.58,0.31009299999999995,9,5,3
Netherlands,2018-12-04 15:00:00,2018-12-04 16:00:00,86.19,0.9351615,16,1,12
Netherlands,2020-03-28 14:00:00,2020-03-28 15:00:00,0.02,0.000217,15,5,3
Netherlands,2018-10-07 06:00:00,2018-10-07 08:00:00,50.72,0.550312,8,6,10
Netherlands,2022-07-02 06:00:00,2022-07-02 08:00:00,208.6,2.26331,8,5,7
Netherlands,2015-05-10 21:00:00,2015-05-10 23:00:00,44.99,0.4881415,23,6,5
Netherlands,2015-05-12 03:00:00,2015-05-12 05:00:00,34.09,0.3698765,5,1,5
Netherlands,2019-02-04 08:00:00,2019-02-04 09:00:00,59.0,0.64015,9,0,2
Netherlands,2019-01-09 06:00:00,2019-01-09 07:00:00,57.51,0.6239834999999999,7,2,1
Netherlands,2023-04-06 07:00:00,2023-04-06 09:00:00,129.93,1.4097405,9,3,4
Netherlands,2023-08-14 10:00:00,2023-08-14 12:00:00,67.66,0.734111,12,0,8
Netherlands,05/10/2023 03:00,2023-10-05 05:00:00,78.22,0.848687,5,3,10
Netherlands,2022-08-19 02:00:00,2022-08-19 04:00:00,439.39,4.7673815,4,4,8
Netherlands,2016-12-12 14:00:00,2016-12-12 15:00:00,61.18,0.663803,15,0,12
Netherlands,2019-10-02 17:00:00,2019-10-02 19:00:00,51.61,0.5599685,19,2,10
Netherlands,29/12/2023 06:00,2023-12-29 07:00:00,0.1,0.001085,7,4,12
Netherlands,2021-09-29 01:00:00,2021-09-29 03:00:00,88.53,0.9605505,3,2,9
Netherlands,2015-05-18 04:00:00,2015-05-18 06:00:00,37.46,0.406441,6,0,5
Netherlands,2016-11-03 18:00:00,2016-11-03 19:00:00,51.54,0.559209,19,3,11
Netherlands,2019-04-26 13:00:00,2019-04-26 15:00:00,40.38,0.438123,15,4,4
Netherlands,2021-11-19 23:00:00,2021-11-20 00:00:00,176.0,1.9096,0,5,11
Netherlands,2021-12-17 12:00:00,2021-12-17 13:00:00,351.71,3.8160534999999993,13,4,12
Netherlands,2015-04-01 13:00:00,2015-04-01 15:00:00,41.87,0.45428949999999996,15,2,4
Netherlands,2017-10-16 23:00:00,2017-10-17 01:00:00,30.0,0.3255,1,1,10
Netherlands,2022-06-03 18:00:00,2022-06-03 20:00:00,221.83,2.4068555000000003,20,4,6
Netherlands,2021-11-16 10:00:00,2021-11-16 11:00:00,269.9,2.9284149999999993,11,1,11
Netherlands,2021-05-02 16:00:00,2021-05-02 18:00:00,50.52,0.548142,18,6,5
Netherlands,04/05/2024 10:00,2024-05-04 12:00:00,24.9,0.270165,12,5,5
Netherlands,2016-11-13 20:00:00,2016-11-13 21:00:00,39.32,0.426622,21,6,11
Netherlands,2021-03-18 02:00:00,2021-03-18 03:00:00,47.94,0.520149,3,3,3
Netherlands,2015-07-03 19:00:00,2015-07-03 21:00:00,53.79,0.5836215,21,4,7
Netherlands,2019-10-15 18:00:00,2019-10-15 20:00:00,55.29,0.5998964999999999,20,1,10
Netherlands,07/01/2024 23:00,2024-01-08 00:00:00,87.02,0.9441669999999999,0,0,1
Netherlands,2018-03-06 22:00:00,2018-03-06 23:00:00,45.0,0.48825,23,1,3
Netherlands,2021-07-31 06:00:00,2021-07-31 08:00:00,36.21,0.39287849999999996,8,5,7
Netherlands,2022-05-15 08:00:00,2022-05-15 10:00:00,95.98,1.041383,10,6,5
Netherlands,2023-08-07 03:00:00,2023-08-07 05:00:00,0.03,0.00032549999999999994,5,0,8
Netherlands,2015-10-15 00:00:00,2015-10-15 02:00:00,31.0,0.33635,2,3,10
Netherlands,2023-07-30 11:00:00,2023-07-30 13:00:00,-68.41,-0.7422484999999999,13,6,7
Netherlands,2015-05-11 05:00:00,2015-05-11 07:00:00,60.0,0.651,7,0,5
Netherlands,02/12/2024 05:00,2024-12-02 06:00:00,92.51,1.0037335,6,0,12
Netherlands,07/07/2024 13:00,2024-07-07 15:00:00,-12.21,-0.1324785,15,6,7
Netherlands,2018-05-18 12:00:00,2018-05-18 14:00:00,43.0,0.46655,14,4,5
Netherlands,2019-06-19 02:00:00,2019-06-19 04:00:00,35.01,0.3798585,4,2,6
Netherlands,2016-08-28 17:00:00,2016-08-28 19:00:00,32.95,0.3575075,19,6,8
Netherlands,2015-02-12 10:00:00,2015-02-12 11:00:00,49.96,0.542066,11,3,2
Netherlands,2020-12-03 17:00:00,2020-12-03 18:00:00,40.14,0.435519,18,3,12
Netherlands,2019-09-23 11:00:00,2019-09-23 13:00:00,43.37,0.47056449999999994,13,0,9
Netherlands,2022-03-21 12:00:00,2022-03-21 13:00:00,150.0,1.6275,13,0,3
Netherlands,2022-01-13 00:00:00,2022-01-13 01:00:00,174.4,1.89224,1,3,1
Netherlands,2015-01-10 06:00:00,2015-01-10 07:00:00,29.39,0.31888150000000004,7,5,1
Netherlands,2016-06-05 17:00:00,2016-06-05 19:00:00,26.92,0.292082,19,6,6
Netherlands,10/03/2024 07:00,2024-03-10 08:00:00,34.82,0.377797,8,6,3
Netherlands,2022-11-09 17:00:00,2022-11-09 18:00:00,200.4,2.17434,18,2,11
Netherlands,2015-10-20 21:00:00,2015-10-20 23:00:00,33.0,0.35805000000000003,23,1,10
Netherlands,2020-03-09 22:00:00,2020-03-09 23:00:00,26.68,0.289478,23,0,3
Netherlands,2016-03-26 14:00:00,2016-03-26 15:00:00,17.17,0.1862945,15,5,3
Netherlands,2020-11-14 19:00:00,2020-11-14 20:00:00,33.21,0.3603285,20,5,11
Netherlands,2020-11-13 15:00:00,2020-11-13 16:00:00,45.98,0.4988829999999999,16,4,11
Netherlands,2020-10-21 19:00:00,2020-10-21 21:00:00,44.0,0.4774,21,2,10
Netherlands,2016-01-06 14:00:00,2016-01-06 15:00:00,36.92,0.400582,15,2,1
Netherlands,2023-01-05 19:00:00,2023-01-05 20:00:00,163.99,1.7792915,20,3,1
Netherlands,2019-02-05 10:00:00,2019-02-05 11:00:00,62.85,0.6819225,11,1,2
Netherlands,2023-06-26 11:00:00,2023-06-26 13:00:00,30.0,0.3255,13,0,6
Netherlands,2019-01-15 14:00:00,2019-01-15 15:00:00,52.12,0.565502,15,1,1
Netherlands,2020-08-19 16:00:00,2020-08-19 18:00:00,46.85,0.5083225,18,2,8
Netherlands,2023-02-17 23:00:00,2023-02-18 00:00:00,110.0,1.1935,0,5,2
Netherlands,2020-08-17 05:00:00,2020-08-17 07:00:00,40.75,0.44213749999999996,7,0,8
Netherlands,2021-09-25 07:00:00,2021-09-25 09:00:00,189.5,2.056075,9,5,9
Netherlands,2015-04-17 12:00:00,2015-04-17 14:00:00,46.81,0.5078885000000001,14,4,4
Netherlands,2017-08-16 09:00:00,2017-08-16 11:00:00,40.91,0.4438734999999999,11,2,8
Netherlands,2020-02-08 15:00:00,2020-02-08 16:00:00,37.1,0.40253500000000003,16,5,2
Netherlands,2023-07-23 12:00:00,2023-07-23 14:00:00,-17.01,-0.18455850000000001,14,6,7
Netherlands,13/06/2024 12:00,2024-06-13 14:00:00,35.96,0.390166,14,3,6
Netherlands,2017-10-19 14:00:00,2017-10-19 16:00:00,49.46,0.5366409999999999,16,3,10
Netherlands,2019-06-05 03:00:00,2019-06-05 05:00:00,27.53,0.2987005,5,2,6
Netherlands,2020-06-29 14:00:00,2020-06-29 16:00:00,15.7,0.170345,16,0,6
Netherlands,2015-08-17 08:00:00,2015-08-17 10:00:00,51.0,0.55335,10,0,8
Netherlands,2018-09-06 04:00:00,2018-09-06 06:00:00,68.98,0.748433,6,3,9
Netherlands,2019-07-31 22:00:00,2019-08-01 00:00:00,39.0,0.42314999999999997,0,3,8
Netherlands,2018-03-08 02:00:00,2018-03-08 03:00:00,33.29,0.3611965,3,3,3
Netherlands,2015-04-30 17:00:00,2015-04-30 19:00:00,44.92,0.487382,19,3,4
Netherlands,2016-05-22 05:00:00,2016-05-22 07:00:00,21.48,0.233058,7,6,5
Netherlands,2023-04-17 07:00:00,2023-04-17 09:00:00,162.62,1.764427,9,0,4
Netherlands,2020-04-14 12:00:00,2020-04-14 14:00:00,13.54,0.14690899999999998,14,1,4
Netherlands,2023-09-02 22:00:00,2023-09-03 00:00:00,105.28,1.142288,0,6,9
Netherlands,2016-09-25 23:00:00,2016-09-26 01:00:00,24.2,0.26256999999999997,1,0,9
Netherlands,2021-06-15 04:00:00,2021-06-15 06:00:00,87.07,0.9447095,6,1,6
Netherlands,2017-08-08 21:00:00,2017-08-08 23:00:00,27.97,0.3034745,23,1,8
Netherlands,2020-08-26 11:00:00,2020-08-26 13:00:00,27.4,0.29728999999999994,13,2,8
Netherlands,2016-03-30 06:00:00,2016-03-30 08:00:00,27.39,0.2971815,8,2,3
Netherlands,2018-06-26 13:00:00,2018-06-26 15:00:00,48.93,0.5308904999999999,15,1,6
Netherlands,2020-04-11 01:00:00,2020-04-11 03:00:00,20.63,0.22383549999999997,3,5,4
Netherlands,2019-05-14 19:00:00,2019-05-14 21:00:00,48.22,0.523187,21,1,5
Netherlands,2020-01-01 14:00:00,2020-01-01 15:00:00,32.11,0.34839349999999997,15,2,1
Netherlands,2015-09-30 09:00:00,2015-09-30 11:00:00,39.94,0.433349,11,2,9
Netherlands,2023-08-24 08:00:00,2023-08-24 10:00:00,100.2,1.08717,10,3,8
Netherlands,2017-04-16 08:00:00,2017-04-16 10:00:00,31.0,0.33635,10,6,4
Netherlands,2015-05-16 19:00:00,2015-05-16 21:00:00,60.0,0.651,21,5,5
Netherlands,2020-04-28 10:00:00,2020-04-28 12:00:00,24.93,0.2704905,12,1,4
Netherlands,2017-03-11 12:00:00,2017-03-11 13:00:00,30.19,0.3275615,13,5,3
Netherlands,2017-01-26 01:00:00,2017-01-26 02:00:00,40.02,0.434217,2,3,1
Netherlands,2019-06-07 22:00:00,2019-06-08 00:00:00,42.6,0.46220999999999995,0,5,6
Netherlands,2023-05-21 20:00:00,2023-05-21 22:00:00,89.94,0.975849,22,6,5
Netherlands,2018-06-20 10:00:00,2018-06-20 12:00:00,57.58,0.6247429999999999,12,2,6
Netherlands,2019-02-21 07:00:00,2019-02-21 08:00:00,50.5,0.547925,8,3,2
Netherlands,2018-03-23 18:00:00,2018-03-23 19:00:00,74.25,0.8056125,19,4,3
Netherlands,2022-12-01 22:00:00,2022-12-01 23:00:00,304.8,3.30708,23,3,12
Netherlands,2018-09-19 22:00:00,2018-09-20 00:00:00,50.0,0.5425,0,3,9
Netherlands,2018-09-03 16:00:00,2018-09-03 18:00:00,72.3,0.7844549999999999,18,0,9
Netherlands,2017-08-06 01:00:00,2017-08-06 03:00:00,16.59,0.18000149999999998,3,6,8
Netherlands,2016-04-26 07:00:00,2016-04-26 09:00:00,39.84,0.43226400000000004,9,1,4
Netherlands,10/05/2024 08:00,2024-05-10 10:00:00,20.12,0.218302,10,4,5
Netherlands,2023-05-03 18:00:00,2023-05-03 20:00:00,147.73,1.6028704999999999,20,2,5
Netherlands,2018-05-11 02:00:00,2018-05-11 04:00:00,33.8,0.36672999999999994,4,4,5
Netherlands,2023-07-21 02:00:00,2023-07-21 04:00:00,92.6,1.00471,4,4,7
Netherlands,2015-12-02 14:00:00,2015-12-02 15:00:00,47.44,0.514724,15,2,12
Netherlands,2022-10-27 02:00:00,2022-10-27 04:00:00,96.69,1.0490864999999998,4,3,10
Netherlands,2019-01-02 18:00:00,2019-01-02 19:00:00,76.53,0.8303505,19,2,1
Netherlands,2019-04-15 03:00:00,2019-04-15 05:00:00,42.6,0.46220999999999995,5,0,4
Netherlands,2018-08-31 05:00:00,2018-08-31 07:00:00,68.39,0.7420315,7,4,8
Netherlands,2019-02-09 14:00:00,2019-02-09 15:00:00,42.4,0.46003999999999995,15,5,2
Netherlands,23/06/2024 12:00,2024-06-23 14:00:00,-2.21,-0.0239785,14,6,6
Netherlands,2018-10-30 20:00:00,2018-10-30 21:00:00,51.2,0.55552,21,1,10
Netherlands,2016-09-05 00:00:00,2016-09-05 02:00:00,22.3,0.241955,2,0,9
Netherlands,2023-09-05 12:00:00,2023-09-05 14:00:00,73.94,0.8022489999999999,14,1,9
Netherlands,2015-04-16 02:00:00,2015-04-16 04:00:00,31.5,0.341775,4,3,4
Netherlands,2019-04-06 01:00:00,2019-04-06 03:00:00,36.1,0.391685,3,5,4
Netherlands,2022-01-26 11:00:00,2022-01-26 12:00:00,239.9,2.602915,12,2,1
Netherlands,2016-06-26 15:00:00,2016-06-26 17:00:00,26.0,0.28209999999999996,17,6,6
Netherlands,2017-07-02 10:00:00,2017-07-02 12:00:00,40.98,0.44463299999999994,12,6,7
Netherlands,2023-08-07 11:00:00,2023-08-07 13:00:00,-27.06,-0.293601,13,0,8
Netherlands,2015-05-28 20:00:00,2015-05-28 22:00:00,45.84,0.49736400000000003,22,3,5
Netherlands,2016-10-07 03:00:00,2016-10-07 05:00:00,28.76,0.312046,5,4,10
Netherlands,2023-03-18 08:00:00,2023-03-18 09:00:00,102.65,1.1137525000000001,9,5,3
Netherlands,2018-06-29 21:00:00,2018-06-29 23:00:00,53.6,0.58156,23,4,6
Netherlands,29/05/2024 15:00,2024-05-29 17:00:00,81.77,0.8872045,17,2,5
Netherlands,2023-06-03 21:00:00,2023-06-03 23:00:00,81.17,0.8806944999999999,23,5,6
Netherlands,2017-10-06 23:00:00,2017-10-07 01:00:00,37.0,0.40145,1,5,10
Netherlands,2022-07-31 03:00:00,2022-07-31 05:00:00,272.98,2.961833,5,6,7
Netherlands,2018-01-07 07:00:00,2018-01-07 08:00:00,24.46,0.26539100000000004,8,6,1
Netherlands,2020-01-02 17:00:00,2020-01-02 18:00:00,46.72,0.506912,18,3,1
Netherlands,2017-02-15 08:00:00,2017-02-15 09:00:00,60.76,0.659246,9,2,2
Netherlands,2021-06-05 21:00:00,2021-06-05 23:00:00,102.87,1.1161395,23,5,6
Netherlands,22/01/2024 02:00,2024-01-22 03:00:00,27.92,0.30293200000000003,3,0,1
Netherlands,2023-01-16 10:00:00,2023-01-16 11:00:00,165.6,1.79676,11,0,1
Netherlands,2020-10-13 15:00:00,2020-10-13 17:00:00,50.7,0.550095,17,1,10
Netherlands,06/10/2024 11:00,2024-10-06 13:00:00,-0.01,-0.0001085,13,6,10
Netherlands,2022-08-30 12:00:00,2022-08-30 14:00:00,507.98,5.511583,14,1,8
Netherlands,2020-01-31 03:00:00,2020-01-31 04:00:00,16.21,0.1758785,4,4,1
Netherlands,2021-07-24 01:00:00,2021-07-24 03:00:00,71.3,0.7736049999999999,3,5,7
Netherlands,2020-02-25 13:00:00,2020-02-25 14:00:00,24.51,0.2659335,14,1,2
Netherlands,30/01/2024 09:00,2024-01-30 10:00:00,77.15,0.8370775,10,1,1
Netherlands,15/11/2024 18:00,2024-11-15 19:00:00,128.0,1.3888,19,4,11
Netherlands,2016-01-06 19:00:00,2016-01-06 20:00:00,39.94,0.433349,20,2,1
Netherlands,01/12/2024 08:00,2024-12-01 09:00:00,94.6,1.0264099999999998,9,6,12
Netherlands,2015-10-09 18:00:00,2015-10-09 20:00:00,49.94,0.5418489999999999,20,4,10
Netherlands,2015-09-15 18:00:00,2015-09-15 20:00:00,45.0,0.48825,20,1,9
Netherlands,2020-09-15 09:00:00,2020-09-15 11:00:00,59.91,0.6500234999999999,11,1,9
Netherlands,2015-07-15 11:00:00,2015-07-15 13:00:00,46.99,0.5098415,13,2,7
Netherlands,2023-01-15 04:00:00,2023-01-15 05:00:00,4.05,0.043942499999999995,5,6,1
Netherlands,2019-05-14 14:00:00,2019-05-14 16:00:00,34.93,0.3789905,16,1,5
Netherlands,2023-08-01 05:00:00,2023-08-01 07:00:00,94.18,1.0218530000000001,7,1,8
Netherlands,2017-04-03 15:00:00,2017-04-03 17:00:00,32.19,0.34926149999999995,17,0,4
Netherlands,2015-12-14 17:00:00,2015-12-14 18:00:00,52.31,0.5675635,18,0,12
Netherlands,2021-09-10 15:00:00,2021-09-10 17:00:00,155.51,1.6872834999999997,17,4,9
Netherlands,2022-07-04 01:00:00,2022-07-04 03:00:00,254.35,2.7596974999999997,3,0,7
Netherlands,07/12/2024 12:00,2024-12-07 13:00:00,66.65,0.7231525000000001,13,5,12
Netherlands,2015-04-03 23:00:00,2015-04-04 01:00:00,32.41,0.3516485,1,5,4
Netherlands,2022-10-16 23:00:00,2022-10-17 01:00:00,114.41,1.2413484999999997,1,0,10
Netherlands,2018-09-03 07:00:00,2018-09-03 09:00:00,73.91,0.8019235,9,0,9
Netherlands,2015-06-16 15:00:00,2015-06-16 17:00:00,41.07,0.4456095,17,1,6
Netherlands,12/04/2024 04:00,2024-04-12 06:00:00,75.96,0.824166,6,4,4
Netherlands,14/03/2024 18:00,2024-03-14 19:00:00,89.92,0.9756319999999999,19,3,3
Netherlands,2020-02-01 14:00:00,2020-02-01 15:00:00,29.9,0.32441499999999995,15,5,2
Netherlands,2017-03-25 02:00:00,2017-03-25 03:00:00,27.13,0.2943605,3,5,3
Netherlands,2018-08-01 11:00:00,2018-08-01 13:00:00,57.8,0.62713,13,2,8
Netherlands,2022-05-21 16:00:00,2022-05-21 18:00:00,186.0,2.0181,18,5,5
Netherlands,2019-03-13 14:00:00,2019-03-13 15:00:00,41.53,0.4506005,15,2,3
Netherlands,2018-03-06 23:00:00,2018-03-07 00:00:00,39.07,0.4239095,0,2,3
Netherlands,2018-06-30 08:00:00,2018-06-30 10:00:00,49.82,0.540547,10,5,6
Netherlands,2018-10-04 16:00:00,2018-10-04 18:00:00,79.89,0.8668065,18,3,10
Netherlands,2016-03-22 14:00:00,2016-03-22 15:00:00,29.29,0.3177965,15,1,3
Netherlands,08/12/2023 20:00,2023-12-08 21:00:00,101.12,1.0971520000000001,21,4,12
Netherlands,2021-01-10 02:00:00,2021-01-10 03:00:00,46.39,0.5033315,3,6,1
Netherlands,2023-03-09 20:00:00,2023-03-09 21:00:00,124.84,1.354514,21,3,3
Netherlands,03/03/2024 17:00,2024-03-03 18:00:00,88.0,0.9548,18,6,3
Netherlands,2022-06-03 22:00:00,2022-06-04 00:00:00,175.81,1.9075384999999998,0,5,6
Netherlands,2015-05-17 14:00:00,2015-05-17 16:00:00,29.96,0.32506599999999997,16,6,5
Netherlands,2020-08-10 22:00:00,2020-08-11 00:00:00,34.64,0.375844,0,1,8
Netherlands,2016-06-12 18:00:00,2016-06-12 20:00:00,34.94,0.37909899999999996,20,6,6
Netherlands,2019-07-03 06:00:00,2019-07-03 08:00:00,48.0,0.5207999999999999,8,2,7
Netherlands,2020-05-15 02:00:00,2020-05-15 04:00:00,16.37,0.17761449999999998,4,4,5
Netherlands,01/10/2023 12:00,2023-10-01 14:00:00,-1.19,-0.012911499999999998,14,6,10
Netherlands,2021-03-19 15:00:00,2021-03-19 16:00:00,39.59,0.42955150000000003,16,4,3
Netherlands,2018-02-21 09:00:00,2018-02-21 10:00:00,55.51,0.6022835,10,2,2
Netherlands,2022-01-18 04:00:00,2022-01-18 05:00:00,182.4,1.97904,5,1,1
Netherlands,02/11/2024 03:00,2024-11-02 04:00:00,86.85,0.9423224999999998,4,5,11
Netherlands,2015-06-16 13:00:00,2015-06-16 15:00:00,51.59,0.5597515,15,1,6
Netherlands,2023-06-04 21:00:00,2023-06-04 23:00:00,86.98,0.943733,23,6,6
Netherlands,2015-06-26 18:00:00,2015-06-26 20:00:00,49.99,0.5423914999999999,20,4,6
Netherlands,2022-06-24 00:00:00,2022-06-24 02:00:00,257.0,2.7884499999999997,2,4,6
Netherlands,2023-07-14 13:00:00,2023-07-14 15:00:00,77.7,0.8430449999999999,15,4,7
Netherlands,2021-09-28 20:00:00,2021-09-28 22:00:00,164.91,1.7892735,22,1,9
Netherlands,2023-05-14 14:00:00,2023-05-14 16:00:00,28.66,0.310961,16,6,5
Netherlands,2022-07-09 15:00:00,2022-07-09 17:00:00,54.9,0.595665,17,5,7
Netherlands,10/10/2023 09:00,2023-10-10 11:00:00,103.95,1.1278575000000002,11,1,10
Netherlands,2019-06-05 11:00:00,2019-06-05 13:00:00,36.32,0.394072,13,2,6
Netherlands,2016-10-09 23:00:00,2016-10-10 01:00:00,29.98,0.325283,1,0,10
Netherlands,2015-04-14 02:00:00,2015-04-14 04:00:00,27.08,0.29381799999999997,4,1,4
Netherlands,2017-05-09 07:00:00,2017-05-09 09:00:00,48.65,0.5278525,9,1,5
Netherlands,2019-11-07 17:00:00,2019-11-07 18:00:00,48.19,0.5228615,18,3,11
Netherlands,2018-11-25 20:00:00,2018-11-25 21:00:00,50.38,0.5466230000000001,21,6,11
Netherlands,2020-01-22 17:00:00,2020-01-22 18:00:00,65.09,0.7062265,18,2,1
Netherlands,2017-03-14 21:00:00,2017-03-14 22:00:00,30.74,0.333529,22,1,3
Netherlands,2019-07-25 05:00:00,2019-07-25 07:00:00,58.94,0.6394989999999999,7,3,7
Netherlands,2015-08-27 06:00:00,2015-08-27 08:00:00,35.79,0.38832149999999993,8,3,8
Netherlands,28/07/2024 17:00,2024-07-28 19:00:00,90.4,0.98084,19,6,7
Netherlands,2020-09-21 09:00:00,2020-09-21 11:00:00,35.06,0.380401,11,0,9
Netherlands,2021-06-17 03:00:00,2021-06-17 05:00:00,65.08,0.7061179999999999,5,3,6
Netherlands,27/11/2023 00:00,2023-11-27 01:00:00,94.15,1.0215275,1,0,11
Netherlands,2016-10-06 08:00:00,2016-10-06 10:00:00,40.29,0.4371465,10,3,10
Netherlands,2018-07-06 12:00:00,2018-07-06 14:00:00,57.78,0.626913,14,4,7
Netherlands,2023-07-09 19:00:00,2023-07-09 21:00:00,134.1,1.454985,21,6,7
Netherlands,2019-04-29 22:00:00,2019-04-30 00:00:00,34.0,0.36889999999999995,0,1,4
Netherlands,2015-03-29 22:00:00,2015-03-30 00:00:00,19.15,0.20777749999999998,0,0,3
Netherlands,2017-07-25 13:00:00,2017-07-25 15:00:00,32.4,0.35153999999999996,15,1,7
Netherlands,2018-07-01 00:00:00,2018-07-01 02:00:00,31.2,0.33852,2,6,7
Netherlands,2015-05-18 13:00:00,2015-05-18 15:00:00,44.99,0.4881415,15,0,5
Netherlands,2019-06-24 16:00:00,2019-06-24 18:00:00,48.09,0.5217765000000001,18,0,6
Netherlands,2018-11-29 08:00:00,2018-11-29 09:00:00,71.34,0.774039,9,3,11
Netherlands,2017-01-10 02:00:00,2017-01-10 03:00:00,28.92,0.313782,3,1,1
Netherlands,2023-09-29 02:00:00,2023-09-29 04:00:00,38.99,0.42304149999999996,4,4,9
Netherlands,23/06/2024 22:00,2024-06-24 00:00:00,105.63,1.1460854999999999,0,0,6
Netherlands,2021-04-26 15:00:00,2021-04-26 17:00:00,45.36,0.492156,17,0,4
Netherlands,2022-03-13 21:00:00,2022-03-13 22:00:00,302.6,3.28321,22,6,3
Netherlands,2023-01-04 08:00:00,2023-01-04 09:00:00,146.0,1.5840999999999998,9,2,1
Netherlands,2018-03-05 20:00:00,2018-03-05 21:00:00,54.96,0.5963160000000001,21,0,3
Netherlands,2020-08-30 12:00:00,2020-08-30 14:00:00,29.97,0.3251745,14,6,8
Netherlands,2016-06-02 19:00:00,2016-06-02 21:00:00,35.0,0.37975,21,3,6
Netherlands,2018-08-03 14:00:00,2018-08-03 16:00:00,65.92,0.715232,16,4,8
Netherlands,2021-02-12 08:00:00,2021-02-12 09:00:00,80.1,0.8690849999999999,9,4,2
Netherlands,2023-01-15 01:00:00,2023-01-15 02:00:00,27.93,0.3030405,2,6,1
Netherlands,16/08/2024 19:00,2024-08-16 21:00:00,160.79,1.7445714999999997,21,4,8
Netherlands,2017-08-22 07:00:00,2017-08-22 09:00:00,39.99,0.4338915,9,1,8
Netherlands,2015-01-05 07:00:00,2015-01-05 08:00:00,50.97,0.5530245,8,0,1
Netherlands,2022-10-21 12:00:00,2022-10-21 14:00:00,119.44,1.295924,14,4,10
Netherlands,16/11/2023 11:00,2023-11-16 12:00:00,122.63,1.3305354999999999,12,3,11
Netherlands,2015-03-07 12:00:00,2015-03-07 13:00:00,34.96,0.379316,13,5,3
Netherlands,2019-04-27 01:00:00,2019-04-27 03:00:00,28.04,0.304234,3,5,4
Netherlands,2022-10-03 11:00:00,2022-10-03 13:00:00,310.0,3.3635,13,0,10
Netherlands,2021-05-28 20:00:00,2021-05-28 22:00:00,80.03,0.8683255000000001,22,4,5
Netherlands,2016-11-09 06:00:00,2016-11-09 07:00:00,51.89,0.5630065,7,2,11
Netherlands,2019-11-30 17:00:00,2019-11-30 18:00:00,53.1,0.576135,18,5,11
Netherlands,2017-01-04 13:00:00,2017-01-04 14:00:00,38.09,0.4132765,14,2,1
Netherlands,2020-01-12 20:00:00,2020-01-12 21:00:00,32.07,0.3479595,21,6,1
Netherlands,2022-09-08 16:00:00,2022-09-08 18:00:00,504.91,5.4782735,18,3,9
Netherlands,2019-03-23 16:00:00,2019-03-23 17:00:00,38.71,0.4200035,17,5,3
Netherlands,08/04/2024 17:00,2024-04-08 19:00:00,137.3,1.489705,19,0,4
Netherlands,2016-04-29 10:00:00,2016-04-29 12:00:00,35.16,0.38148599999999994,12,4,4
Netherlands,2022-07-21 10:00:00,2022-07-21 12:00:00,346.06,3.7547509999999997,12,3,7
Netherlands,2020-12-30 20:00:00,2020-12-30 21:00:00,44.0,0.4774,21,2,12
Netherlands,2016-10-05 09:00:00,2016-10-05 11:00:00,27.51,0.2984835,11,2,10
Netherlands,2020-02-08 17:00:00,2020-02-08 18:00:00,41.3,0.448105,18,5,2
Netherlands,05/04/2024 13:00,2024-04-05 15:00:00,-10.07,-0.10925950000000001,15,4,4
Netherlands,04/08/2024 06:00,2024-08-04 08:00:00,58.98,0.639933,8,6,8
Netherlands,2016-03-09 08:00:00,2016-03-09 09:00:00,26.09,0.2830765,9,2,3
Netherlands,2015-05-26 13:00:00,2015-05-26 15:00:00,39.94,0.433349,15,1,5
Netherlands,2018-09-10 15:00:00,2018-09-10 17:00:00,72.98,0.791833,17,0,9
Netherlands,2020-04-24 22:00:00,2020-04-25 00:00:00,24.9,0.270165,0,5,4
Netherlands,2017-07-31 15:00:00,2017-07-31 17:00:00,35.51,0.38528349999999995,17,0,7
Netherlands,2015-03-21 04:00:00,2015-03-21 05:00:00,27.11,0.29414349999999995,5,5,3
Netherlands,2022-11-21 00:00:00,2022-11-21 01:00:00,140.52,1.524642,1,0,11
Netherlands,2022-01-18 01:00:00,2022-01-18 02:00:00,182.4,1.97904,2,1,1
Netherlands,2018-03-27 01:00:00,2018-03-27 03:00:00,38.01,0.41240849999999996,3,1,3
Netherlands,25/03/2024 20:00,2024-03-25 21:00:00,70.38,0.7636229999999999,21,0,3
Netherlands,2020-05-25 03:00:00,2020-05-25 05:00:00,9.99,0.10839149999999999,5,0,5
Netherlands,2018-12-03 07:00:00,2018-12-03 08:00:00,62.2,0.67487,8,0,12
Netherlands,2019-06-09 12:00:00,2019-06-09 14:00:00,18.47,0.20039949999999998,14,6,6
Netherlands,2021-01-02 10:00:00,2021-01-02 11:00:00,52.15,0.5658275,11,5,1
Netherlands,2016-02-26 15:00:00,2016-02-26 16:00:00,26.94,0.292299,16,4,2
Netherlands,2017-07-13 12:00:00,2017-07-13 14:00:00,29.0,0.31465,14,3,7
Netherlands,2022-08-17 16:00:00,2022-08-17 18:00:00,676.04,7.335033999999999,18,2,8
Netherlands,2022-08-01 13:00:00,2022-08-01 15:00:00,334.4,3.62824,15,0,8
Netherlands,2017-06-10 00:00:00,2017-06-10 02:00:00,28.9,0.313565,2,5,6
Netherlands,2021-05-12 19:00:00,2021-05-12 21:00:00,78.08,0.847168,21,2,5
Netherlands,2019-03-22 11:00:00,2019-03-22 12:00:00,35.0,0.37975,12,4,3
Netherlands,2016-10-31 18:00:00,2016-10-31 19:00:00,48.96,0.531216,19,0,10
Netherlands,2021-06-27 22:00:00,2021-06-28 00:00:00,81.2,0.88102,0,0,6
Netherlands,2018-03-23 09:00:00,2018-03-23 10:00:00,60.4,0.6553399999999999,10,4,3
Netherlands,2017-01-13 04:00:00,2017-01-13 05:00:00,34.08,0.369768,5,4,1
Netherlands,2020-10-13 23:00:00,2020-10-14 01:00:00,31.0,0.33635,1,2,10
Netherlands,2021-06-14 13:00:00,2021-06-14 15:00:00,59.71,0.6478535,15,0,6
Netherlands,2022-04-26 02:00:00,2022-04-26 04:00:00,196.59,2.1330014999999998,4,1,4
Netherlands,2016-05-14 02:00:00,2016-05-14 04:00:00,19.06,0.20680099999999998,4,5,5
Netherlands,2020-06-08 05:00:00,2020-06-08 07:00:00,39.03,0.4234755,7,0,6
Netherlands,2021-09-20 12:00:00,2021-09-20 14:00:00,128.6,1.39531,14,0,9
Netherlands,2016-09-12 02:00:00,2016-09-12 04:00:00,22.75,0.24683750000000002,4,0,9
Netherlands,2019-09-08 06:00:00,2019-09-08 08:00:00,35.0,0.37975,8,6,9
Netherlands,2022-03-04 20:00:00,2022-03-04 21:00:00,368.4,3.9971399999999995,21,4,3
Netherlands,2019-03-19 11:00:00,2019-03-19 12:00:00,43.31,0.4699135,12,1,3
Netherlands,2020-08-02 22:00:00,2020-08-03 00:00:00,27.86,0.302281,0,0,8
Netherlands,2020-06-16 14:00:00,2020-06-16 16:00:00,30.58,0.33179299999999995,16,1,6
Netherlands,2018-04-27 04:00:00,2018-04-27 06:00:00,44.48,0.4826079999999999,6,4,4
Netherlands,2019-11-30 21:00:00,2019-11-30 22:00:00,41.94,0.455049,22,5,11
Netherlands,2022-10-29 21:00:00,2022-10-29 23:00:00,97.49,1.0577665,23,5,10
Netherlands,2022-05-10 00:00:00,2022-05-10 02:00:00,184.72,2.004212,2,1,5
Netherlands,2023-08-29 05:00:00,2023-08-29 07:00:00,144.56,1.568476,7,1,8
Netherlands,2018-09-16 01:00:00,2018-09-16 03:00:00,44.89,0.48705649999999995,3,6,9
Netherlands,2022-09-23 17:00:00,2022-09-23 19:00:00,475.0,5.15375,19,4,9
Netherlands,2016-07-13 11:00:00,2016-07-13 13:00:00,43.57,0.47273449999999995,13,2,7
Netherlands,2019-07-15 06:00:00,2019-07-15 08:00:00,50.06,0.5431509999999999,8,0,7
Netherlands,2019-03-06 09:00:00,2019-03-06 10:00:00,57.98,0.629083,10,2,3
Netherlands,08/05/2024 14:00,2024-05-08 16:00:00,68.27,0.7407294999999999,16,2,5
Netherlands,2021-11-22 15:00:00,2021-11-22 16:00:00,184.9,2.0061649999999998,16,0,11
Netherlands,2023-03-18 12:00:00,2023-03-18 13:00:00,80.42,0.872557,13,5,3
Netherlands,2017-09-26 00:00:00,2017-09-26 02:00:00,31.36,0.34025599999999995,2,1,9
Netherlands,2020-08-09 21:00:00,2020-08-09 23:00:00,26.27,0.2850295,23,6,8
Netherlands,2018-10-26 12:00:00,2018-10-26 14:00:00,51.6,0.55986,14,4,10
Netherlands,2018-12-05 07:00:00,2018-12-05 08:00:00,69.94,0.7588489999999999,8,2,12
Netherlands,2023-03-07 21:00:00,2023-03-07 22:00:00,127.89,1.3876065,22,1,3
Netherlands,2023-06-03 16:00:00,2023-06-03 18:00:00,75.0,0.81375,18,5,6
Netherlands,2023-05-12 22:00:00,2023-05-13 00:00:00,104.91,1.1382735,0,5,5
Netherlands,2017-05-16 14:00:00,2017-05-16 16:00:00,34.52,0.37454200000000004,16,1,5
Netherlands,2019-03-21 21:00:00,2019-03-21 22:00:00,41.94,0.455049,22,3,3
Netherlands,2023-05-16 12:00:00,2023-05-16 14:00:00,14.94,0.162099,14,1,5
Netherlands,2019-10-11 13:00:00,2019-10-11 15:00:00,27.94,0.303149,15,4,10
Netherlands,2016-06-25 11:00:00,2016-06-25 13:00:00,29.75,0.32278749999999995,13,5,6
Netherlands,2022-12-10 12:00:00,2022-12-10 13:00:00,375.9,4.0785149999999994,13,5,12
Netherlands,2021-12-07 01:00:00,2021-12-07 02:00:00,114.9,1.246665,2,1,12
Netherlands,20/01/2024 00:00,2024-01-20 01:00:00,67.51,0.7324835000000001,1,5,1
Netherlands,2023-07-06 18:00:00,2023-07-06 20:00:00,175.88,1.908298,20,3,7
Netherlands,2022-11-04 00:00:00,2022-11-04 01:00:00,114.87,1.2463395,1,4,11
Netherlands,2016-04-11 10:00:00,2016-04-11 12:00:00,23.26,0.252371,12,0,4
Netherlands,2017-08-02 03:00:00,2017-08-02 05:00:00,27.25,0.29566249999999994,5,2,8
Netherlands,2020-01-11 16:00:00,2020-01-11 17:00:00,40.62,0.440727,17,5,1
Netherlands,2018-03-10 20:00:00,2018-03-10 21:00:00,37.92,0.411432,21,5,3
Netherlands,2017-03-30 18:00:00,2017-03-30 20:00:00,40.07,0.4347595,20,3,3
Netherlands,2016-11-30 13:00:00,2016-11-30 14:00:00,48.3,0.5240549999999999,14,2,11
Netherlands,2017-11-21 14:00:00,2017-11-21 15:00:00,58.0,0.6293,15,1,11
Netherlands,12/03/2024 23:00,2024-03-13 00:00:00,62.16,0.6744359999999999,0,2,3
Netherlands,2017-04-09 05:00:00,2017-04-09 07:00:00,30.52,0.331142,7,6,4
Netherlands,2017-03-25 23:00:00,2017-03-26 00:00:00,31.28,0.33938799999999997,0,6,3
Netherlands,2023-05-22 16:00:00,2023-05-22 18:00:00,90.0,0.9765,18,0,5
Netherlands,2021-02-10 14:00:00,2021-02-10 15:00:00,76.19,0.8266614999999999,15,2,2
Netherlands,2018-12-09 01:00:00,2018-12-09 02:00:00,42.5,0.461125,2,6,12
Netherlands,2019-02-28 12:00:00,2019-02-28 13:00:00,37.08,0.402318,13,3,2
Netherlands,25/11/2023 04:00,2023-11-25 05:00:00,74.19,0.8049615,5,5,11
Netherlands,2015-11-12 21:00:00,2015-11-12 22:00:00,35.84,0.38886400000000004,22,3,11
Netherlands,2016-10-10 11:00:00,2016-10-10 13:00:00,45.79,0.49682149999999997,13,0,10
Netherlands,2020-11-28 05:00:00,2020-11-28 06:00:00,41.97,0.45537449999999996,6,5,11
Netherlands,2023-09-27 17:00:00,2023-09-27 19:00:00,174.44,1.892674,19,2,9
Netherlands,2019-03-11 23:00:00,2019-03-12 00:00:00,40.98,0.44463299999999994,0,1,3
Netherlands,2022-07-17 01:00:00,2022-07-17 03:00:00,195.1,2.116835,3,6,7
Netherlands,2019-01-14 20:00:00,2019-01-14 21:00:00,55.0,0.59675,21,0,1
Netherlands,2020-01-12 17:00:00,2020-01-12 18:00:00,46.87,0.5085394999999999,18,6,1
Netherlands,2016-08-27 04:00:00,2016-08-27 06:00:00,25.28,0.27428800000000003,6,5,8
Netherlands,2016-10-31 10:00:00,2016-10-31 11:00:00,44.0,0.4774,11,0,10
Netherlands,2022-01-09 02:00:00,2022-01-09 03:00:00,55.46,0.601741,3,6,1
Netherlands,2017-05-07 02:00:00,2017-05-07 04:00:00,26.83,0.29110549999999996,4,6,5
Netherlands,2016-06-01 16:00:00,2016-06-01 18:00:00,32.66,0.3543609999999999,18,2,6
Netherlands,19/03/2024 04:00,2024-03-19 05:00:00,67.55,0.7329174999999999,5,1,3
Netherlands,24/11/2023 15:00,2023-11-24 16:00:00,113.1,1.227135,16,4,11
Netherlands,2018-12-06 01:00:00,2018-12-06 02:00:00,47.7,0.5175449999999999,2,3,12
Netherlands,2018-05-15 08:00:00,2018-05-15 10:00:00,51.2,0.55552,10,1,5
Netherlands,2020-08-05 15:00:00,2020-08-05 17:00:00,30.75,0.3336375,17,2,8
Netherlands,2023-07-09 21:00:00,2023-07-09 23:00:00,119.6,1.2976599999999998,23,6,7
Netherlands,11/11/2024 00:00,2024-11-11 01:00:00,103.38,1.121673,1,0,11
Netherlands,2017-03-18 04:00:00,2017-03-18 05:00:00,27.0,0.29295,5,5,3
Netherlands,2018-06-08 20:00:00,2018-06-08 22:00:00,50.46,0.547491,22,4,6
Netherlands,2016-10-03 20:00:00,2016-10-03 22:00:00,25.74,0.279279,22,0,10
Netherlands,2018-08-15 08:00:00,2018-08-15 10:00:00,53.69,0.5825364999999999,10,2,8
Netherlands,2017-11-24 16:00:00,2017-11-24 17:00:00,88.79,0.9633715,17,4,11
Netherlands,23/12/2024 12:00,2024-12-23 13:00:00,57.7,0.626045,13,0,12
Netherlands,11/12/2024 21:00,2024-12-11 22:00:00,150.0,1.6275,22,2,12
Netherlands,2016-02-23 14:00:00,2016-02-23 15:00:00,26.3,0.285355,15,1,2
Netherlands,01/02/2024 21:00,2024-02-01 22:00:00,81.91,0.8887235,22,3,2
Netherlands,2015-05-14 19:00:00,2015-05-14 21:00:00,53.09,0.5760265000000001,21,3,5
Netherlands,2023-09-11 10:00:00,2023-09-11 12:00:00,79.97,0.8676745,12,0,9
Netherlands,2021-07-01 22:00:00,2021-07-02 00:00:00,90.77,0.9848545,0,4,7
Netherlands,2016-02-21 02:00:00,2016-02-21 03:00:00,15.4,0.16709000000000002,3,6,2
Netherlands,2022-01-31 10:00:00,2022-01-31 11:00:00,237.58,2.577743,11,0,1
Netherlands,2023-08-12 06:00:00,2023-08-12 08:00:00,101.78,1.1043129999999999,8,5,8
Netherlands,2022-07-16 09:00:00,2022-07-16 11:00:00,1.07,0.0116095,11,5,7
Netherlands,2018-06-07 00:00:00,2018-06-07 02:00:00,39.72,0.430962,2,3,6
Netherlands,2021-08-30 21:00:00,2021-08-30 23:00:00,120.1,1.3030849999999998,23,0,8
Netherlands,2016-12-17 08:00:00,2016-12-17 09:00:00,53.41,0.5794984999999999,9,5,12
Netherlands,2022-01-28 14:00:00,2022-01-28 15:00:00,237.08,2.572318,15,4,1
Netherlands,2022-10-07 08:00:00,2022-10-07 10:00:00,171.4,1.85969,10,4,10
Netherlands,2019-02-22 07:00:00,2019-02-22 08:00:00,57.85,0.6276725,8,4,2
Netherlands,2022-05-30 17:00:00,2022-05-30 19:00:00,291.14,3.1588689999999997,19,0,5
Netherlands,2023-09-03 01:00:00,2023-09-03 03:00:00,104.37,1.1324145,3,6,9
Netherlands,2018-11-18 17:00:00,2018-11-18 18:00:00,110.97,1.2040245,18,6,11
Netherlands,2018-06-17 18:00:00,2018-06-17 20:00:00,50.13,0.5439105,20,6,6
Netherlands,2022-05-17 09:00:00,2022-05-17 11:00:00,200.0,2.17,11,1,5
Netherlands,28/03/2024 22:00,2024-03-28 23:00:00,25.0,0.27125,23,3,3
Netherlands,2023-04-08 15:00:00,2023-04-08 17:00:00,104.47,1.1334994999999999,17,5,4
Netherlands,2018-10-21 00:00:00,2018-10-21 02:00:00,57.4,0.62279,2,6,10
Netherlands,2020-01-19 06:00:00,2020-01-19 07:00:00,29.91,0.3245235,7,6,1
Netherlands,2015-01-05 05:00:00,2015-01-05 06:00:00,37.8,0.41012999999999994,6,0,1
Netherlands,2021-06-03 03:00:00,2021-06-03 05:00:00,54.08,0.586768,5,3,6
Netherlands,2021-07-14 11:00:00,2021-07-14 13:00:00,88.55,0.9607674999999999,13,2,7
Netherlands,15/10/2023 05:00,2023-10-15 07:00:00,46.83,0.5081055,7,6,10
Netherlands,2021-10-28 00:00:00,2021-10-28 02:00:00,164.9,1.789165,2,3,10
Netherlands,2019-06-20 15:00:00,2019-06-20 17:00:00,36.71,0.3983035,17,3,6
Netherlands,2016-04-08 15:00:00,2016-04-08 17:00:00,27.03,0.2932755,17,4,4
Netherlands,2021-03-23 04:00:00,2021-03-23 05:00:00,57.06,0.619101,5,1,3
Netherlands,2017-06-26 00:00:00,2017-06-26 02:00:00,28.03,0.3041255,2,0,6
Netherlands,02/06/2024 03:00,2024-06-02 05:00:00,5.17,0.0560945,5,6,6
Netherlands,2016-11-12 12:00:00,2016-11-12 13:00:00,35.84,0.38886400000000004,13,5,11
Netherlands,2018-09-20 23:00:00,2018-09-21 01:00:00,43.82,0.475447,1,4,9
Netherlands,14/12/2024 04:00,2024-12-14 05:00:00,91.55,0.9933174999999999,5,5,12
Netherlands,2016-04-22 14:00:00,2016-04-22 16:00:00,24.49,0.2657165,16,4,4
Netherlands,2017-08-03 15:00:00,2017-08-03 17:00:00,26.8,0.29078,17,3,8
Netherlands,2017-06-12 09:00:00,2017-06-12 11:00:00,40.86,0.443331,11,0,6
Netherlands,2020-04-14 23:00:00,2020-04-15 01:00:00,17.08,0.18531799999999998,1,2,4
Netherlands,2020-03-24 15:00:00,2020-03-24 16:00:00,19.79,0.21472149999999998,16,1,3
Netherlands,2020-12-26 10:00:00,2020-12-26 11:00:00,41.7,0.452445,11,5,12
Netherlands,2021-02-05 05:00:00,2021-02-05 06:00:00,50.43,0.5471655,6,4,2
Netherlands,2017-07-29 18:00:00,2017-07-29 20:00:00,45.43,0.4929155,20,5,7
Netherlands,2022-01-10 04:00:00,2022-01-10 05:00:00,191.65,2.0794025,5,0,1
Netherlands,2019-03-26 10:00:00,2019-03-26 11:00:00,39.05,0.4236924999999999,11,1,3
Netherlands,06/09/2024 04:00,2024-09-06 06:00:00,93.29,1.0121965,6,4,9
Netherlands,2017-05-07 20:00:00,2017-05-07 22:00:00,66.26,0.718921,22,6,5
Netherlands,2018-01-06 03:00:00,2018-01-06 04:00:00,29.18,0.316603,4,5,1
Netherlands,2017-06-21 11:00:00,2017-06-21 13:00:00,49.9,0.541415,13,2,6
Netherlands,2017-12-14 22:00:00,2017-12-14 23:00:00,54.72,0.593712,23,3,12
Netherlands,2019-02-20 02:00:00,2019-02-20 03:00:00,35.5,0.385175,3,2,2
Netherlands,2019-04-28 07:00:00,2019-04-28 09:00:00,38.7,0.419895,9,6,4
Netherlands,2021-06-20 06:00:00,2021-06-20 08:00:00,55.0,0.59675,8,6,6
Netherlands,2017-08-30 17:00:00,2017-08-30 19:00:00,42.4,0.46003999999999995,19,2,8
Netherlands,2019-04-09 22:00:00,2019-04-10 00:00:00,36.5,0.39602499999999996,0,2,4
Netherlands,2021-07-02 13:00:00,2021-07-02 15:00:00,81.6,0.8853599999999999,15,4,7
Netherlands,2018-01-19 11:00:00,2018-01-19 12:00:00,44.41,0.48184849999999996,12,4,1
Netherlands,2015-02-06 19:00:00,2015-02-06 20:00:00,45.0,0.48825,20,4,2
Netherlands,2021-02-01 23:00:00,2021-02-02 00:00:00,46.13,0.5005105000000001,0,1,2
Netherlands,2019-07-03 21:00:00,2019-07-03 23:00:00,33.41,0.3624985,23,2,7
Netherlands,2021-07-21 12:00:00,2021-07-21 14:00:00,73.14,0.793569,14,2,7
Netherlands,2017-04-22 11:00:00,2017-04-22 13:00:00,29.37,0.31866449999999996,13,5,4
Netherlands,2016-05-25 19:00:00,2016-05-25 21:00:00,35.49,0.38506650000000003,21,2,5
Netherlands,2018-05-04 20:00:00,2018-05-04 22:00:00,42.2,0.45787,22,4,5
Netherlands,2019-07-26 16:00:00,2019-07-26 18:00:00,52.07,0.5649595,18,4,7
Netherlands,2018-02-24 10:00:00,2018-02-24 11:00:00,39.23,0.42564549999999995,11,5,2
Netherlands,2020-08-24 08:00:00,2020-08-24 10:00:00,47.1,0.511035,10,0,8
Netherlands,2018-12-23 17:00:00,2018-12-23 18:00:00,74.72,0.810712,18,6,12
Netherlands,16/05/2024 01:00,2024-05-16 03:00:00,69.75,0.7567875000000001,3,3,5
Netherlands,2018-02-23 10:00:00,2018-02-23 11:00:00,48.0,0.5207999999999999,11,4,2
Netherlands,2018-02-01 08:00:00,2018-02-01 09:00:00,48.92,0.5307820000000001,9,3,2
Netherlands,2019-05-07 23:00:00,2019-05-08 01:00:00,39.03,0.4234755,1,2,5
Netherlands,2022-08-23 12:00:00,2022-08-23 14:00:00,549.32,5.960122,14,1,8
Netherlands,2022-07-12 17:00:00,2022-07-12 19:00:00,463.37,5.0275644999999995,19,1,7
Netherlands,2021-05-23 08:00:00,2021-05-23 10:00:00,6.58,0.071393,10,6,5
Netherlands,06/04/2024 05:00,2024-04-06 07:00:00,51.19,0.5554115,7,5,4
Netherlands,2019-02-24 08:00:00,2019-02-24 09:00:00,39.79,0.4317215,9,6,2
Netherlands,11/05/2024 07:00,2024-05-11 09:00:00,6.72,0.07291199999999999,9,5,5
Netherlands,2015-05-13 07:00:00,2015-05-13 09:00:00,58.0,0.6293,9,2,5
Netherlands,2017-01-13 18:00:00,2017-01-13 19:00:00,44.94,0.48759899999999995,19,4,1
Netherlands,01/09/2024 00:00,2024-09-01 02:00:00,80.37,0.8720145,2,6,9
Netherlands,2020-04-09 03:00:00,2020-04-09 05:00:00,22.31,0.2420635,5,3,4
Netherlands,2023-03-02 19:00:00,2023-03-02 20:00:00,152.08,1.650068,20,3,3
Netherlands,2017-04-13 07:00:00,2017-04-13 09:00:00,45.0,0.48825,9,3,4
Netherlands,2022-11-03 03:00:00,2022-11-03 04:00:00,33.49,0.36336650000000004,4,3,11
Netherlands,2016-05-04 14:00:00,2016-05-04 16:00:00,23.88,0.25909799999999994,16,2,5
Netherlands,2020-01-30 17:00:00,2020-01-30 18:00:00,43.01,0.4666584999999999,18,3,1
Netherlands,01/09/2024 09:00,2024-09-01 11:00:00,-4.83,-0.052405499999999994,11,6,9
Netherlands,2021-11-02 22:00:00,2021-11-02 23:00:00,167.0,1.81195,23,1,11
Netherlands,18/05/2024 14:00,2024-05-18 16:00:00,-0.03,-0.00032549999999999994,16,5,5
Netherlands,2020-12-13 08:00:00,2020-12-13 09:00:00,45.16,0.4899859999999999,9,6,12
Netherlands,2015-02-11 01:00:00,2015-02-11 02:00:00,36.41,0.3950484999999999,2,2,2
Netherlands,2015-07-24 00:00:00,2015-07-24 02:00:00,34.36,0.37280599999999997,2,4,7
Netherlands,2018-02-22 01:00:00,2018-02-22 02:00:00,39.21,0.4254285,2,3,2
Netherlands,2019-04-10 08:00:00,2019-04-10 10:00:00,44.68,0.484778,10,2,4
Netherlands,2020-10-06 16:00:00,2020-10-06 18:00:00,44.92,0.487382,18,1,10
Netherlands,2015-12-03 19:00:00,2015-12-03 20:00:00,37.44,0.406224,20,3,12
Netherlands,2022-07-24 11:00:00,2022-07-24 13:00:00,-87.42,-0.948507,13,6,7
Netherlands,2020-08-02 15:00:00,2020-08-02 17:00:00,22.1,0.239785,17,6,8
Netherlands,2020-08-29 21:00:00,2020-08-29 23:00:00,39.26,0.42597099999999993,23,5,8
Netherlands,2020-04-04 12:00:00,2020-04-04 14:00:00,10.0,0.1085,14,5,4
Netherlands,2018-12-20 09:00:00,2018-12-20 10:00:00,66.6,0.7226099999999999,10,3,12
Netherlands,2017-11-03 18:00:00,2017-11-03 19:00:00,43.9,0.47631499999999993,19,4,11
Netherlands,2022-07-18 01:00:00,2022-07-18 03:00:00,282.44,3.0644739999999997,3,0,7
Netherlands,2020-02-27 09:00:00,2020-02-27 10:00:00,40.15,0.4356275,10,3,2
Netherlands,2016-10-09 03:00:00,2016-10-09 05:00:00,28.09,0.3047765,5,6,10
Netherlands,2017-01-08 09:00:00,2017-01-08 10:00:00,55.02,0.596967,10,6,1
Netherlands,2022-10-05 21:00:00,2022-10-05 23:00:00,93.22,1.011437,23,2,10
Netherlands,2020-06-12 06:00:00,2020-06-12 08:00:00,26.01,0.28220850000000003,8,4,6
Netherlands,2020-06-06 21:00:00,2020-06-06 23:00:00,21.4,0.23218999999999998,23,5,6
Netherlands,2019-06-20 13:00:00,2019-06-20 15:00:00,33.93,0.3681405,15,3,6
Netherlands,2015-12-01 07:00:00,2015-12-01 08:00:00,51.27,0.5562795,8,1,12
Netherlands,2016-06-08 04:00:00,2016-06-08 06:00:00,28.59,0.3102015,6,2,6
Netherlands,2017-08-01 00:00:00,2017-08-01 02:00:00,27.3,0.296205,2,1,8
Netherlands,2022-05-30 23:00:00,2022-05-31 01:00:00,183.0,1.98555,1,1,5
Netherlands,2015-04-30 11:00:00,2015-04-30 13:00:00,49.94,0.5418489999999999,13,3,4
Netherlands,2018-10-25 20:00:00,2018-10-25 22:00:00,59.09,0.6411264999999999,22,3,10
Netherlands,2016-07-28 22:00:00,2016-07-29 00:00:00,28.21,0.30607850000000003,0,4,7
Netherlands,2018-06-10 13:00:00,2018-06-10 15:00:00,33.43,0.36271549999999997,15,6,6
Netherlands,2018-07-15 17:00:00,2018-07-15 19:00:00,54.25,0.5886125,19,6,7
Netherlands,2020-12-25 10:00:00,2020-12-25 11:00:00,45.06,0.48890100000000003,11,4,12
Netherlands,2015-10-01 00:00:00,2015-10-01 02:00:00,33.65,0.36510249999999994,2,3,10
Netherlands,20/06/2024 02:00,2024-06-20 04:00:00,83.6,0.90706,4,3,6
Netherlands,2019-12-20 05:00:00,2019-12-20 06:00:00,34.1,0.369985,6,4,12
Netherlands,2016-01-29 23:00:00,2016-01-30 00:00:00,14.08,0.152768,0,5,1
Netherlands,2022-07-10 03:00:00,2022-07-10 05:00:00,197.2,2.13962,5,6,7
Netherlands,2015-12-10 15:00:00,2015-12-10 16:00:00,44.94,0.48759899999999995,16,3,12
Netherlands,2019-05-28 06:00:00,2019-05-28 08:00:00,56.83,0.6166055,8,1,5
Netherlands,2019-07-05 23:00:00,2019-07-06 01:00:00,34.1,0.369985,1,5,7
Netherlands,2019-06-26 06:00:00,2019-06-26 08:00:00,59.44,0.6449239999999999,8,2,6
Netherlands,2018-08-30 02:00:00,2018-08-30 04:00:00,48.4,0.5251399999999999,4,3,8
Netherlands,2018-06-03 20:00:00,2018-06-03 22:00:00,64.9,0.704165,22,6,6
Netherlands,2017-01-12 04:00:00,2017-01-12 05:00:00,23.75,0.2576875,5,3,1
Netherlands,2015-12-04 20:00:00,2015-12-04 21:00:00,37.44,0.406224,21,4,12
Netherlands,2021-07-21 05:00:00,2021-07-21 07:00:00,106.56,1.1561759999999999,7,2,7
Netherlands,2021-01-03 15:00:00,2021-01-03 16:00:00,57.67,0.6257195,16,6,1
Netherlands,2018-11-26 03:00:00,2018-11-26 04:00:00,45.6,0.49476,4,0,11
Netherlands,2020-06-27 11:00:00,2020-06-27 13:00:00,21.56,0.233926,13,5,6
Netherlands,2021-03-09 02:00:00,2021-03-09 03:00:00,43.09,0.4675265,3,1,3
Netherlands,2022-07-12 08:00:00,2022-07-12 10:00:00,300.0,3.255,10,1,7
Netherlands,2022-11-12 21:00:00,2022-11-12 22:00:00,161.27,1.7497795,22,5,11
Netherlands,2016-11-23 11:00:00,2016-11-23 12:00:00,50.76,0.550746,12,2,11
Netherlands,2019-03-11 16:00:00,2019-03-11 17:00:00,46.28,0.502138,17,0,3
Netherlands,2021-02-16 16:00:00,2021-02-16 17:00:00,54.77,0.5942545,17,1,2
Netherlands,2019-05-30 15:00:00,2019-05-30 17:00:00,29.1,0.315735,17,3,5
Netherlands,27/12/2024 13:00,2024-12-27 14:00:00,120.12,1.303302,14,4,12
Netherlands,2020-02-04 17:00:00,2020-02-04 18:00:00,41.3,0.448105,18,1,2
Netherlands,2019-08-07 07:00:00,2019-08-07 09:00:00,44.98,0.48803299999999994,9,2,8
Netherlands,2017-10-16 02:00:00,2017-10-16 04:00:00,28.0,0.3038,4,0,10
Netherlands,2019-12-02 13:00:00,2019-12-02 14:00:00,49.71,0.5393534999999999,14,0,12
Netherlands,2020-01-24 11:00:00,2020-01-24 12:00:00,56.61,0.6142185,12,4,1
Netherlands,2022-07-30 16:00:00,2022-07-30 18:00:00,425.3,4.614505,18,5,7
Netherlands,2021-08-29 21:00:00,2021-08-29 23:00:00,86.57,0.9392844999999999,23,6,8
Netherlands,2020-05-05 17:00:00,2020-05-05 19:00:00,27.58,0.299243,19,1,5
Netherlands,03/07/2024 21:00,2024-07-03 23:00:00,69.37,0.7526645,23,2,7
Netherlands,2021-07-23 05:00:00,2021-07-23 07:00:00,105.63,1.1460854999999999,7,4,7
Netherlands,2017-10-12 03:00:00,2017-10-12 05:00:00,31.0,0.33635,5,3,10
Netherlands,2019-12-14 16:00:00,2019-12-14 17:00:00,40.67,0.4412695,17,5,12
Netherlands,2022-09-01 03:00:00,2022-09-01 05:00:00,532.8,5.780879999999999,5,3,9
Netherlands,2021-05-13 13:00:00,2021-05-13 15:00:00,48.0,0.5207999999999999,15,3,5
Netherlands,2018-01-15 13:00:00,2018-01-15 14:00:00,44.9,0.48716499999999996,14,0,1
Netherlands,2018-07-08 10:00:00,2018-07-08 12:00:00,39.9,0.43291499999999994,12,6,7
Netherlands,21/12/2023 19:00,2023-12-21 20:00:00,89.0,0.96565,20,3,12
Netherlands,2021-05-24 09:00:00,2021-05-24 11:00:00,42.85,0.4649225,11,0,5
Netherlands,2022-12-18 13:00:00,2022-12-18 14:00:00,229.5,2.490075,14,6,12
Netherlands,2016-01-14 22:00:00,2016-01-14 23:00:00,25.99,0.28199149999999995,23,3,1
Netherlands,2019-03-17 16:00:00,2019-03-17 17:00:00,39.81,0.43193850000000006,17,6,3
Netherlands,2021-12-14 15:00:00,2021-12-14 16:00:00,373.4,4.05139,16,1,12
Netherlands,2017-11-26 16:00:00,2017-11-26 17:00:00,61.0,0.66185,17,6,11
Netherlands,2023-03-06 18:00:00,2023-03-06 19:00:00,150.3,1.6307550000000002,19,0,3
Netherlands,2018-03-05 11:00:00,2018-03-05 12:00:00,70.57,0.7656845,12,0,3
Netherlands,2015-07-19 12:00:00,2015-07-19 14:00:00,31.4,0.34069,14,6,7
Netherlands,2019-11-14 04:00:00,2019-11-14 05:00:00,38.14,0.413819,5,3,11
Netherlands,2023-09-14 11:00:00,2023-09-14 13:00:00,83.14,0.902069,13,3,9
Netherlands,2022-06-28 10:00:00,2022-06-28 12:00:00,229.6,2.49116,12,1,6
Netherlands,08/08/2024 18:00,2024-08-08 20:00:00,138.77,1.5056545000000001,20,3,8
Netherlands,2015-03-30 09:00:00,2015-03-30 11:00:00,53.01,0.5751585,11,0,3
Netherlands,2016-05-16 21:00:00,2016-05-16 23:00:00,37.31,0.40481350000000005,23,0,5
Netherlands,12/05/2024 18:00,2024-05-12 20:00:00,83.74,0.9085789999999999,20,6,5
Netherlands,2015-12-06 12:00:00,2015-12-06 13:00:00,39.94,0.433349,13,6,12
Netherlands,2023-09-12 04:00:00,2023-09-12 06:00:00,138.76,1.5055459999999998,6,1,9
Netherlands,2016-03-01 22:00:00,2016-03-01 23:00:00,17.73,0.1923705,23,1,3
Netherlands,2018-06-24 11:00:00,2018-06-24 13:00:00,42.73,0.46362049999999994,13,6,6
Netherlands,2017-07-24 23:00:00,2017-07-25 01:00:00,28.96,0.314216,1,1,7
Netherlands,2022-11-28 16:00:00,2022-11-28 17:00:00,415.58,4.509042999999999,17,0,11
Netherlands,30/07/2024 06:00,2024-07-30 08:00:00,98.41,1.0677485,8,1,7
Netherlands,2021-08-31 01:00:00,2021-08-31 03:00:00,88.94,0.9649989999999999,3,1,8
Netherlands,2015-07-14 04:00:00,2015-07-14 06:00:00,45.12,0.489552,6,1,7
Netherlands,2016-07-09 08:00:00,2016-07-09 10:00:00,39.59,0.42955150000000003,10,5,7
Netherlands,2022-05-22 07:00:00,2022-05-22 09:00:00,149.96,1.6270660000000001,9,6,5
Netherlands,2018-02-25 01:00:00,2018-02-25 02:00:00,42.0,0.4557,2,6,2
Netherlands,2019-06-12 10:00:00,2019-06-12 12:00:00,45.98,0.4988829999999999,12,2,6
Netherlands,2016-04-15 08:00:00,2016-04-15 10:00:00,30.98,0.33613299999999996,10,4,4
Netherlands,2016-07-29 11:00:00,2016-07-29 13:00:00,30.01,0.32560849999999997,13,4,7
Netherlands,2021-02-14 03:00:00,2021-02-14 04:00:00,42.37,0.4597144999999999,4,6,2
Netherlands,05/02/2024 02:00,2024-02-05 03:00:00,0.22,0.002387,3,0,2
Netherlands,2023-09-09 13:00:00,2023-09-09 15:00:00,57.89,0.6281065,15,5,9
Netherlands,2019-09-25 12:00:00,2019-09-25 14:00:00,39.17,0.4249945,14,2,9
Netherlands,2019-05-14 00:00:00,2019-05-14 02:00:00,35.32,0.383222,2,1,5
Netherlands,2016-03-21 14:00:00,2016-03-21 15:00:00,24.51,0.2659335,15,0,3
Netherlands,2020-08-14 03:00:00,2020-08-14 05:00:00,32.1,0.348285,5,4,8
Netherlands,21/10/2024 03:00,2024-10-21 05:00:00,3.45,0.0374325,5,0,10
Netherlands,2015-07-10 09:00:00,2015-07-10 11:00:00,44.94,0.48759899999999995,11,4,7
Netherlands,2023-03-16 07:00:00,2023-03-16 08:00:00,138.03,1.4976254999999998,8,3,3
Netherlands,2015-02-15 10:00:00,2015-02-15 11:00:00,43.27,0.46947950000000005,11,6,2
Netherlands,10/01/2024 23:00,2024-01-11 00:00:00,91.75,0.9954875,0,3,1
Netherlands,24/11/2023 07:00,2023-11-24 08:00:00,126.57,1.3732845,8,4,11
Netherlands,2020-01-26 13:00:00,2020-01-26 14:00:00,36.03,0.3909255,14,6,1
Netherlands,2015-07-28 06:00:00,2015-07-28 08:00:00,31.0,0.33635,8,1,7
Netherlands,03/10/2023 07:00,2023-10-03 09:00:00,135.3,1.468005,9,1,10
Netherlands,2016-07-29 01:00:00,2016-07-29 03:00:00,24.58,0.26669299999999996,3,4,7
Netherlands,2018-10-28 09:00:00,2018-10-28 10:00:00,47.5,0.515375,10,6,10
Netherlands,2015-05-17 05:00:00,2015-05-17 07:00:00,18.71,0.2030035,7,6,5
Netherlands,2019-10-08 22:00:00,2019-10-09 00:00:00,24.19,0.2624615,0,2,10
Netherlands,2020-06-04 11:00:00,2020-06-04 13:00:00,28.93,0.31389049999999996,13,3,6
Netherlands,2016-05-12 16:00:00,2016-05-12 18:00:00,37.44,0.406224,18,3,5
Netherlands,2016-07-18 22:00:00,2016-07-19 00:00:00,27.59,0.2993515,0,1,7
Netherlands,2019-06-26 22:00:00,2019-06-27 00:00:00,28.0,0.3038,0,3,6
Netherlands,2018-11-23 03:00:00,2018-11-23 04:00:00,50.96,0.552916,4,4,11
Netherlands,2022-11-09 21:00:00,2022-11-09 22:00:00,128.51,1.3943335,22,2,11
Netherlands,2015-06-14 06:00:00,2015-06-14 08:00:00,15.66,0.169911,8,6,6
Netherlands,2017-09-12 08:00:00,2017-09-12 10:00:00,46.96,0.509516,10,1,9
Netherlands,2017-01-21 02:00:00,2017-01-21 03:00:00,41.78,0.45331299999999997,3,5,1
Netherlands,2020-11-04 20:00:00,2020-11-04 21:00:00,36.3,0.39385499999999996,21,2,11
Netherlands,2023-05-01 15:00:00,2023-05-01 17:00:00,89.95,0.9759575,17,0,5
Netherlands,2023-09-14 15:00:00,2023-09-14 17:00:00,113.0,1.2260499999999999,17,3,9
Netherlands,2022-12-21 18:00:00,2022-12-21 19:00:00,225.96,2.4516660000000003,19,2,12
Netherlands,2016-09-02 10:00:00,2016-09-02 12:00:00,24.94,0.270599,12,4,9
Netherlands,2023-05-18 22:00:00,2023-05-19 00:00:00,93.02,1.009267,0,4,5
Netherlands,2020-08-01 19:00:00,2020-08-01 21:00:00,37.78,0.409913,21,5,8
Netherlands,2022-09-15 09:00:00,2022-09-15 11:00:00,375.02,4.068967,11,3,9
Netherlands,28/11/2023 15:00,2023-11-28 16:00:00,164.01,1.7795085,16,1,11
Netherlands,2019-07-03 03:00:00,2019-07-03 05:00:00,29.0,0.31465,5,2,7
Netherlands,2019-11-08 22:00:00,2019-11-08 23:00:00,39.34,0.426839,23,4,11
Netherlands,2018-12-20 19:00:00,2018-12-20 20:00:00,57.42,0.623007,20,3,12
Netherlands,2018-12-15 17:00:00,2018-12-15 18:00:00,60.2,0.6531699999999999,18,5,12
Netherlands,2016-08-13 22:00:00,2016-08-14 00:00:00,23.44,0.254324,0,6,8
Netherlands,2018-12-18 22:00:00,2018-12-18 23:00:00,50.43,0.5471655,23,1,12
Netherlands,2016-05-22 12:00:00,2016-05-22 14:00:00,38.2,0.41447,14,6,5
Netherlands,2017-03-06 12:00:00,2017-03-06 13:00:00,39.9,0.43291499999999994,13,0,3
Netherlands,2018-05-19 14:00:00,2018-05-19 16:00:00,43.4,0.47089,16,5,5
Netherlands,2020-10-16 05:00:00,2020-10-16 07:00:00,53.63,0.5818854999999999,7,4,10
Netherlands,2021-05-15 07:00:00,2021-05-15 09:00:00,60.09,0.6519765,9,5,5
Netherlands,2023-04-07 01:00:00,2023-04-07 03:00:00,108.6,1.17831,3,4,4
Netherlands,2022-03-09 09:00:00,2022-03-09 10:00:00,348.91,3.7856735,10,2,3
Netherlands,2020-01-28 12:00:00,2020-01-28 13:00:00,30.0,0.3255,13,1,1
Netherlands,2017-06-06 11:00:00,2017-06-06 13:00:00,28.5,0.30922499999999997,13,1,6
Netherlands,2017-12-08 01:00:00,2017-12-08 02:00:00,26.69,0.2895865,2,4,12
Netherlands,23/09/2024 17:00,2024-09-23 19:00:00,283.29,3.0736965,19,0,9
Netherlands,2021-12-12 13:00:00,2021-12-12 14:00:00,258.01,2.7994085,14,6,12
Netherlands,2016-03-04 19:00:00,2016-03-04 20:00:00,31.22,0.33873699999999995,20,4,3
Netherlands,2019-07-25 10:00:00,2019-07-25 12:00:00,47.16,0.511686,12,3,7
Netherlands,2019-09-10 23:00:00,2019-09-11 01:00:00,30.23,0.3279955,1,2,9
Netherlands,2021-07-08 17:00:00,2021-07-08 19:00:00,112.92,1.225182,19,3,7
Netherlands,2021-08-26 23:00:00,2021-08-27 01:00:00,80.72,0.875812,1,4,8
Netherlands,2023-04-08 11:00:00,2023-04-08 13:00:00,77.0,0.8354499999999999,13,5,4
Netherlands,2021-02-25 22:00:00,2021-02-25 23:00:00,45.0,0.48825,23,3,2
Netherlands,2022-06-28 11:00:00,2022-06-28 13:00:00,163.0,1.7685499999999998,13,1,6
Netherlands,2015-05-15 19:00:00,2015-05-15 21:00:00,57.08,0.619318,21,4,5
Netherlands,2021-05-19 09:00:00,2021-05-19 11:00:00,81.96,0.8892659999999999,11,2,5
Netherlands,2022-10-28 10:00:00,2022-10-28 12:00:00,94.3,1.023155,12,4,10
Netherlands,2019-12-26 14:00:00,2019-12-26 15:00:00,37.49,0.40676650000000003,15,3,12
Netherlands,2016-06-04 11:00:00,2016-06-04 13:00:00,22.78,0.24716300000000002,13,5,6
Netherlands,2015-01-06 08:00:00,2015-01-06 09:00:00,50.87,0.5519394999999999,9,1,1
Netherlands,2020-06-21 10:00:00,2020-06-21 12:00:00,18.62,0.202027,12,6,6
Netherlands,2022-11-16 10:00:00,2022-11-16 11:00:00,163.78,1.777013,11,2,11
Netherlands,2017-06-19 10:00:00,2017-06-19 12:00:00,34.96,0.379316,12,0,6
Netherlands,2016-11-15 05:00:00,2016-11-15 06:00:00,36.6,0.39711,6,1,11
Netherlands,2020-12-01 08:00:00,2020-12-01 09:00:00,60.35,0.6547975,9,1,12
Netherlands,19/07/2024 11:00,2024-07-19 13:00:00,37.09,0.4024265,13,4,7
Netherlands,2020-01-09 13:00:00,2020-01-09 14:00:00,32.9,0.356965,14,3,1
Netherlands,2021-06-16 09:00:00,2021-06-16 11:00:00,75.67,0.8210195,11,2,6
Netherlands,2019-09-09 05:00:00,2019-09-09 07:00:00,62.53,0.6784505000000001,7,0,9
Netherlands,2022-07-25 22:00:00,2022-07-26 00:00:00,293.12,3.180352,0,1,7
Netherlands,24/10/2024 07:00,2024-10-24 09:00:00,114.77,1.2452545,9,3,10
Netherlands,2015-07-28 21:00:00,2015-07-28 23:00:00,57.0,0.6184499999999999,23,1,7
Netherlands,2020-06-18 02:00:00,2020-06-18 04:00:00,22.92,0.24868200000000001,4,3,6
Netherlands,2023-04-30 10:00:00,2023-04-30 12:00:00,-99.6,-1.08066,12,6,4
Netherlands,2019-10-17 07:00:00,2019-10-17 09:00:00,54.03,0.5862255000000001,9,3,10
Netherlands,05/04/2024 15:00,2024-04-05 17:00:00,6.0,0.06509999999999999,17,4,4
Netherlands,2018-02-12 20:00:00,2018-02-12 21:00:00,39.43,0.42781549999999996,21,0,2
Netherlands,2017-05-15 03:00:00,2017-05-15 05:00:00,29.77,0.3230045,5,0,5
Netherlands,2020-04-17 05:00:00,2020-04-17 07:00:00,23.65,0.25660249999999996,7,4,4
Netherlands,2018-05-05 02:00:00,2018-05-05 04:00:00,32.48,0.35240799999999994,4,5,5
Netherlands,2021-09-05 20:00:00,2021-09-05 22:00:00,149.9,1.626415,22,6,9
Netherlands,2015-03-14 16:00:00,2015-03-14 17:00:00,48.97,0.5313245,17,5,3
Netherlands,2016-03-31 06:00:00,2016-03-31 08:00:00,40.96,0.444416,8,3,3
Netherlands,2015-01-04 03:00:00,2015-01-04 04:00:00,28.04,0.304234,4,6,1
Netherlands,2017-07-26 22:00:00,2017-07-27 00:00:00,28.75,0.3119375,0,3,7
Netherlands,2018-02-10 06:00:00,2018-02-10 07:00:00,40.02,0.434217,7,5,2
Netherlands,18/11/2023 05:00,2023-11-18 06:00:00,86.19,0.9351615,6,5,11
Netherlands,2020-08-22 06:00:00,2020-08-22 08:00:00,29.91,0.3245235,8,5,8
Netherlands,2018-11-20 14:00:00,2018-11-20 15:00:00,68.86,0.747131,15,1,11
Netherlands,2019-02-05 05:00:00,2019-02-05 06:00:00,54.13,0.5873105000000001,6,1,2
Netherlands,2015-02-04 17:00:00,2015-02-04 18:00:00,75.87,0.8231895,18,2,2
Netherlands,16/04/2024 14:00,2024-04-16 16:00:00,51.67,0.5606195,16,1,4
Netherlands,2019-06-04 05:00:00,2019-06-04 07:00:00,41.9,0.45461499999999994,7,1,6
Netherlands,2019-01-14 12:00:00,2019-01-14 13:00:00,51.57,0.5595344999999999,13,0,1
Netherlands,2022-06-13 03:00:00,2022-06-13 05:00:00,156.8,1.70128,5,0,6
Netherlands,2022-12-17 15:00:00,2022-12-17 16:00:00,305.13,3.3106605,16,5,12
Netherlands,2021-08-10 10:00:00,2021-08-10 12:00:00,84.6,0.9179099999999999,12,1,8
Netherlands,2021-07-06 05:00:00,2021-07-06 07:00:00,96.0,1.0415999999999999,7,1,7
Netherlands,2022-06-02 19:00:00,2022-06-02 21:00:00,228.94,2.483999,21,3,6
Netherlands,01/08/2024 00:00,2024-08-01 02:00:00,86.76,0.941346,2,3,8
Netherlands,2015-03-30 20:00:00,2015-03-30 22:00:00,47.04,0.510384,22,0,3
Netherlands,2021-10-28 16:00:00,2021-10-28 18:00:00,220.69,2.3944865,18,3,10
Netherlands,2018-11-06 02:00:00,2018-11-06 03:00:00,43.53,0.4723005,3,1,11
Netherlands,2018-12-28 17:00:00,2018-12-28 18:00:00,70.16,0.761236,18,4,12
Netherlands,09/12/2023 16:00,2023-12-09 17:00:00,83.44,0.9053239999999999,17,5,12
Netherlands,2018-08-15 13:00:00,2018-08-15 15:00:00,48.8,0.52948,15,2,8
Netherlands,2019-06-28 19:00:00,2019-06-28 21:00:00,54.25,0.5886125,21,4,6
Netherlands,2019-12-08 06:00:00,2019-12-08 07:00:00,2.22,0.024087,7,6,12
Netherlands,2020-07-02 23:00:00,2020-07-03 01:00:00,35.0,0.37975,1,4,7
Netherlands,2018-07-30 00:00:00,2018-07-30 02:00:00,45.04,0.48868399999999995,2,0,7
Netherlands,2017-05-07 13:00:00,2017-05-07 15:00:00,26.24,0.28470399999999996,15,6,5
Netherlands,2021-11-26 04:00:00,2021-11-26 05:00:00,152.57,1.6553844999999998,5,4,11
Netherlands,2017-02-05 09:00:00,2017-02-05 10:00:00,60.1,0.652085,10,6,2
Netherlands,2020-06-11 16:00:00,2020-06-11 18:00:00,26.08,0.28296799999999994,18,3,6
Netherlands,2020-01-07 00:00:00,2020-01-07 01:00:00,30.98,0.33613299999999996,1,1,1
Netherlands,2020-12-03 20:00:00,2020-12-03 21:00:00,35.5,0.385175,21,3,12
Netherlands,07/03/2024 06:00,2024-03-07 07:00:00,103.2,1.11972,7,3,3
Netherlands,2022-10-13 02:00:00,2022-10-13 04:00:00,195.02,2.115967,4,3,10
Netherlands,2022-02-28 04:00:00,2022-02-28 05:00:00,217.0,2.35445,5,0,2
Netherlands,2018-08-24 10:00:00,2018-08-24 12:00:00,50.4,0.5468399999999999,12,4,8
Netherlands,2022-07-19 08:00:00,2022-07-19 10:00:00,298.86,3.242631,10,1,7
Netherlands,2021-03-20 09:00:00,2021-03-20 10:00:00,47.07,0.5107095,10,5,3
Netherlands,2020-03-14 02:00:00,2020-03-14 03:00:00,28.88,0.31334799999999996,3,5,3
Netherlands,2018-12-23 04:00:00,2018-12-23 05:00:00,43.92,0.47653199999999996,5,6,12
Netherlands,2017-07-05 22:00:00,2017-07-06 00:00:00,30.34,0.32918899999999995,0,3,7
Netherlands,2015-02-23 00:00:00,2015-02-23 01:00:00,32.42,0.351757,1,0,2
Netherlands,10/11/2023 16:00,2023-11-10 17:00:00,135.15,1.4663775000000001,17,4,11
Netherlands,2017-05-10 22:00:00,2017-05-11 00:00:00,31.16,0.338086,0,3,5
Netherlands,2022-03-17 17:00:00,2022-03-17 18:00:00,287.32,3.117422,18,3,3
Netherlands,19/04/2024 23:00,2024-04-20 01:00:00,56.49,0.6129165000000001,1,5,4
Netherlands,2015-03-12 16:00:00,2015-03-12 17:00:00,42.01,0.4558085,17,3,3
Netherlands,2019-03-20 08:00:00,2019-03-20 09:00:00,46.36,0.503006,9,2,3
Netherlands,2018-10-11 20:00:00,2018-10-11 22:00:00,60.14,0.652519,22,3,10
Netherlands,2018-09-30 17:00:00,2018-09-30 19:00:00,74.21,0.8051784999999999,19,6,9
Netherlands,2020-11-25 23:00:00,2020-11-26 00:00:00,34.03,0.3692255,0,3,11
Netherlands,2023-06-16 22:00:00,2023-06-17 00:00:00,130.81,1.4192885,0,5,6
Netherlands,27/12/2023 17:00,2023-12-27 18:00:00,74.38,0.8070229999999999,18,2,12
Netherlands,2018-11-17 16:00:00,2018-11-17 17:00:00,77.71,0.8431534999999999,17,5,11
Netherlands,19/06/2024 16:00,2024-06-19 18:00:00,79.78,0.865613,18,2,6
Netherlands,2018-10-27 01:00:00,2018-10-27 03:00:00,40.5,0.439425,3,5,10
Netherlands,2021-04-06 03:00:00,2021-04-06 05:00:00,30.23,0.3279955,5,1,4
Netherlands,2021-09-03 08:00:00,2021-09-03 10:00:00,112.0,1.2152,10,4,9
Netherlands,2021-05-22 15:00:00,2021-05-22 17:00:00,57.64,0.625394,17,5,5
Netherlands,2022-06-17 21:00:00,2022-06-17 23:00:00,259.79,2.8187215,23,4,6
Netherlands,2017-09-04 12:00:00,2017-09-04 14:00:00,40.59,0.4404015,14,0,9
Netherlands,2020-05-06 12:00:00,2020-05-06 14:00:00,16.41,0.1780485,14,2,5
Netherlands,2019-01-20 17:00:00,2019-01-20 18:00:00,69.43,0.7533155,18,6,1
Netherlands,2015-10-29 23:00:00,2015-10-30 00:00:00,36.72,0.398412,0,4,10
Netherlands,2017-03-28 13:00:00,2017-03-28 15:00:00,30.0,0.3255,15,1,3
Netherlands,2020-03-10 04:00:00,2020-03-10 05:00:00,15.8,0.17143,5,1,3
Netherlands,2018-02-10 09:00:00,2018-02-10 10:00:00,49.29,0.5347964999999999,10,5,2
Netherlands,2017-01-28 19:00:00,2017-01-28 20:00:00,40.57,0.44018450000000003,20,5,1
Netherlands,2023-02-25 10:00:00,2023-02-25 11:00:00,54.9,0.595665,11,5,2
Netherlands,2017-02-03 12:00:00,2017-02-03 13:00:00,53.67,0.5823195,13,4,2
Netherlands,11/11/2023 06:00,2023-11-11 07:00:00,88.0,0.9548,7,5,11
Netherlands,2019-09-27 11:00:00,2019-09-27 13:00:00,32.7,0.354795,13,4,9
Netherlands,2016-01-04 01:00:00,2016-01-04 02:00:00,14.94,0.162099,2,0,1
Netherlands,2022-05-20 09:00:00,2022-05-20 11:00:00,201.6,2.1873599999999995,11,4,5
Netherlands,2015-08-12 22:00:00,2015-08-13 00:00:00,28.87,0.3132395,0,3,8
Netherlands,2021-05-22 18:00:00,2021-05-22 20:00:00,81.0,0.87885,20,5,5
Netherlands,2015-10-02 17:00:00,2015-10-02 19:00:00,55.0,0.59675,19,4,10
Netherlands,29/07/2024 04:00,2024-07-29 06:00:00,130.9,1.420265,6,0,7
Netherlands,2019-11-02 23:00:00,2019-11-03 00:00:00,21.0,0.22785,0,6,11
Netherlands,2022-05-12 19:00:00,2022-05-12 21:00:00,233.17,2.5298944999999997,21,3,5
Netherlands,25/05/2024 00:00,2024-05-25 02:00:00,90.21,0.9787784999999999,2,5,5
Netherlands,2017-10-21 19:00:00,2017-10-21 21:00:00,32.0,0.3472,21,5,10
Netherlands,2015-11-17 08:00:00,2015-11-17 09:00:00,41.06,0.44550100000000004,9,1,11
Netherlands,2018-08-16 02:00:00,2018-08-16 04:00:00,46.51,0.5046335,4,3,8
Netherlands,2017-11-06 12:00:00,2017-11-06 13:00:00,43.79,0.4751215,13,0,11
Netherlands,2017-01-05 13:00:00,2017-01-05 14:00:00,50.99,0.5532414999999999,14,3,1
Netherlands,2019-05-12 19:00:00,2019-05-12 21:00:00,40.87,0.44343949999999993,21,6,5
Netherlands,2020-10-13 00:00:00,2020-10-13 02:00:00,31.0,0.33635,2,1,10
Netherlands,2016-11-03 10:00:00,2016-11-03 11:00:00,62.43,0.6773655,11,3,11
Netherlands,2023-09-01 13:00:00,2023-09-01 15:00:00,92.55,1.0041674999999999,15,4,9
Netherlands,2019-06-05 22:00:00,2019-06-06 00:00:00,28.5,0.30922499999999997,0,3,6
Netherlands,2018-08-09 06:00:00,2018-08-09 08:00:00,65.99,0.7159915,8,3,8
Netherlands,2021-03-04 11:00:00,2021-03-04 12:00:00,55.0,0.59675,12,3,3
Netherlands,2015-07-04 01:00:00,2015-07-04 03:00:00,32.09,0.34817650000000006,3,5,7
Netherlands,2017-08-02 06:00:00,2017-08-02 08:00:00,36.57,0.3967845,8,2,8
Netherlands,31/12/2024 15:00,2024-12-31 16:00:00,94.9,1.029665,16,1,12
Netherlands,2017-07-29 03:00:00,2017-07-29 05:00:00,11.89,0.1290065,5,5,7
Netherlands,2018-02-19 19:00:00,2018-02-19 20:00:00,59.9,0.6499149999999999,20,0,2
Netherlands,2015-09-21 00:00:00,2015-09-21 02:00:00,30.19,0.3275615,2,0,9
Netherlands,2020-08-01 06:00:00,2020-08-01 08:00:00,22.86,0.24803099999999997,8,5,8
Netherlands,24/03/2024 19:00,2024-03-24 20:00:00,67.11,0.7281435,20,6,3
Netherlands,2021-04-10 00:00:00,2021-04-10 02:00:00,53.29,0.5781965,2,5,4
Netherlands,2021-03-25 17:00:00,2021-03-25 18:00:00,72.15,0.7828275,18,3,3
Netherlands,2018-08-02 14:00:00,2018-08-02 16:00:00,63.07,0.6843094999999999,16,3,8
Netherlands,2022-09-25 02:00:00,2022-09-25 04:00:00,194.4,2.10924,4,6,9
Netherlands,2023-09-05 21:00:00,2023-09-05 23:00:00,96.03,1.0419255,23,1,9
Netherlands,27/10/2024 14:00,2024-10-27 15:00:00,101.88,1.1053979999999999,15,6,10
Netherlands,2016-05-30 05:00:00,2016-05-30 07:00:00,34.94,0.37909899999999996,7,0,5
Netherlands,2020-02-08 11:00:00,2020-02-08 12:00:00,32.47,0.3522995,12,5,2
Netherlands,2019-03-27 02:00:00,2019-03-27 03:00:00,33.37,0.36206449999999996,3,2,3
Netherlands,2015-08-02 00:00:00,2015-08-02 02:00:00,28.57,0.3099845,2,6,8
Netherlands,2017-06-16 23:00:00,2017-06-17 01:00:00,35.41,0.38419849999999994,1,5,6
Netherlands,2018-12-29 12:00:00,2018-12-29 13:00:00,54.91,0.5957734999999998,13,5,12
Netherlands,2019-04-13 01:00:00,2019-04-13 03:00:00,40.11,0.43519349999999996,3,5,4
Netherlands,2017-03-31 12:00:00,2017-03-31 14:00:00,29.6,0.32116,14,4,3
Netherlands,2016-07-31 05:00:00,2016-07-31 07:00:00,21.99,0.23859149999999996,7,6,7
Netherlands,2018-11-15 02:00:00,2018-11-15 03:00:00,50.29,0.5456464999999999,3,3,11
Netherlands,2020-08-14 05:00:00,2020-08-14 07:00:00,33.87,0.36748949999999997,7,4,8
Netherlands,2022-05-30 22:00:00,2022-05-31 00:00:00,200.91,2.1798735,0,1,5
Netherlands,2019-03-13 09:00:00,2019-03-13 10:00:00,45.27,0.4911795,10,2,3
Netherlands,2016-04-12 05:00:00,2016-04-12 07:00:00,36.0,0.39059999999999995,7,1,4
Netherlands,2016-07-21 15:00:00,2016-07-21 17:00:00,50.12,0.5438019999999999,17,3,7
Netherlands,2018-07-08 16:00:00,2018-07-08 18:00:00,43.71,0.4742535,18,6,7
Netherlands,2020-12-18 08:00:00,2020-12-18 09:00:00,51.63,0.5601855,9,4,12
Netherlands,2019-10-03 14:00:00,2019-10-03 16:00:00,40.4,0.43833999999999995,16,3,10
Netherlands,2023-04-30 21:00:00,2023-04-30 23:00:00,108.71,1.1795034999999998,23,6,4
Netherlands,2018-12-06 17:00:00,2018-12-06 18:00:00,56.0,0.6076,18,3,12
Netherlands,2019-05-21 20:00:00,2019-05-21 22:00:00,41.49,0.45016649999999997,22,1,5
Netherlands,22/09/2024 19:00,2024-09-22 21:00:00,109.35,1.1864475,21,6,9
Netherlands,2019-07-11 10:00:00,2019-07-11 12:00:00,51.42,0.557907,12,3,7
Netherlands,2016-06-29 03:00:00,2016-06-29 05:00:00,19.72,0.21396199999999999,5,2,6
Netherlands,2015-04-08 00:00:00,2015-04-08 02:00:00,31.38,0.34047299999999997,2,2,4
Netherlands,2023-07-18 10:00:00,2023-07-18 12:00:00,75.0,0.81375,12,1,7
Netherlands,2022-03-09 22:00:00,2022-03-09 23:00:00,407.23,4.4184455,23,2,3
Netherlands,2017-12-05 17:00:00,2017-12-05 18:00:00,49.9,0.541415,18,1,12
Netherlands,2015-10-04 12:00:00,2015-10-04 14:00:00,33.36,0.36195599999999994,14,6,10
Netherlands,2023-07-14 23:00:00,2023-07-15 01:00:00,51.94,0.563549,1,5,7
Netherlands,2017-09-13 18:00:00,2017-09-13 20:00:00,39.9,0.43291499999999994,20,2,9
Netherlands,2018-11-26 01:00:00,2018-11-26 02:00:00,47.95,0.5202575,2,0,11
Netherlands,2015-03-28 13:00:00,2015-03-28 14:00:00,34.73,0.3768205,14,5,3
Netherlands,2019-02-28 05:00:00,2019-02-28 06:00:00,42.45,0.46058250000000006,6,3,2
Netherlands,2021-04-03 20:00:00,2021-04-03 22:00:00,51.48,0.558558,22,5,4
Netherlands,2021-12-24 16:00:00,2021-12-24 17:00:00,391.92,4.252332,17,4,12
Netherlands,2023-01-24 19:00:00,2023-01-24 20:00:00,207.29,2.2490965,20,1,1
Netherlands,2015-10-25 07:00:00,2015-10-25 08:00:00,35.85,0.3889725,8,6,10
Netherlands,2015-09-18 07:00:00,2015-09-18 09:00:00,50.83,0.5515055,9,4,9
Netherlands,2017-11-10 22:00:00,2017-11-10 23:00:00,34.9,0.378665,23,4,11
Netherlands,2021-08-20 19:00:00,2021-08-20 21:00:00,124.93,1.3554905000000002,21,4,8
Netherlands,2022-03-06 17:00:00,2022-03-06 18:00:00,435.08,4.720617999999999,18,6,3
Netherlands,2019-12-17 23:00:00,2019-12-18 00:00:00,33.93,0.3681405,0,2,12
Netherlands,2021-05-03 04:00:00,2021-05-03 06:00:00,72.56,0.787276,6,0,5
Netherlands,2017-06-18 15:00:00,2017-06-18 17:00:00,29.9,0.32441499999999995,17,6,6
Netherlands,2015-08-18 23:00:00,2015-08-19 01:00:00,37.04,0.40188399999999996,1,2,8
Netherlands,2015-01-20 17:00:00,2015-01-20 18:00:00,66.65,0.7231525000000001,18,1,1
Netherlands,2015-10-06 23:00:00,2015-10-07 01:00:00,25.19,0.27331150000000004,1,2,10
Netherlands,2015-08-26 00:00:00,2015-08-26 02:00:00,32.94,0.35739899999999997,2,2,8
Netherlands,2017-10-22 21:00:00,2017-10-22 23:00:00,32.0,0.3472,23,6,10
Netherlands,2023-08-20 17:00:00,2023-08-20 19:00:00,128.8,1.39748,19,6,8
Netherlands,2017-11-13 00:00:00,2017-11-13 01:00:00,34.4,0.37323999999999996,1,0,11
Netherlands,2021-11-26 17:00:00,2021-11-26 18:00:00,206.0,2.2351,18,4,11
Netherlands,2016-06-15 14:00:00,2016-06-15 16:00:00,44.22,0.47978699999999996,16,2,6
Netherlands,2019-05-22 17:00:00,2019-05-22 19:00:00,47.47,0.5150494999999999,19,2,5
Netherlands,2015-06-04 20:00:00,2015-06-04 22:00:00,52.44,0.568974,22,3,6
Netherlands,26/12/2023 14:00,2023-12-26 15:00:00,74.2,0.8050700000000001,15,1,12
Netherlands,25/09/2024 12:00,2024-09-25 14:00:00,85.0,0.92225,14,2,9
Netherlands,2023-09-12 01:00:00,2023-09-12 03:00:00,101.58,1.102143,3,1,9
Netherlands,2018-12-10 20:00:00,2018-12-10 21:00:00,50.5,0.547925,21,0,12
Netherlands,2018-09-01 15:00:00,2018-09-01 17:00:00,61.52,0.667492,17,5,9
Netherlands,2022-06-12 09:00:00,2022-06-12 11:00:00,29.9,0.32441499999999995,11,6,6
Netherlands,2019-06-11 05:00:00,2019-06-11 07:00:00,47.07,0.5107095,7,1,6
Netherlands,2015-05-03 07:00:00,2015-05-03 09:00:00,30.99,0.33624149999999997,9,6,5
Netherlands,2020-04-02 11:00:00,2020-04-02 13:00:00,18.25,0.19801249999999998,13,3,4
Netherlands,2021-10-24 21:00:00,2021-10-24 23:00:00,134.9,1.463665,23,6,10
Netherlands,2018-02-14 06:00:00,2018-02-14 07:00:00,49.47,0.5367495,7,2,2
Netherlands,2019-03-31 21:00:00,2019-03-31 23:00:00,37.51,0.4069835,23,6,3
Netherlands,2021-06-19 02:00:00,2021-06-19 04:00:00,67.3,0.7302049999999999,4,5,6
Netherlands,2018-03-17 04:00:00,2018-03-17 05:00:00,36.96,0.40101600000000004,5,5,3
Netherlands,2023-08-13 00:00:00,2023-08-13 02:00:00,78.8,0.8549799999999999,2,6,8
Netherlands,2016-06-13 22:00:00,2016-06-14 00:00:00,26.27,0.2850295,0,1,6
Netherlands,2020-01-22 16:00:00,2020-01-22 17:00:00,62.07,0.6734595,17,2,1
Netherlands,2019-04-22 14:00:00,2019-04-22 16:00:00,38.0,0.4123,16,0,4
Netherlands,2020-04-22 09:00:00,2020-04-22 11:00:00,6.1,0.066185,11,2,4
Netherlands,2016-04-29 07:00:00,2016-04-29 09:00:00,38.01,0.41240849999999996,9,4,4
Netherlands,2017-06-18 17:00:00,2017-06-18 19:00:00,37.48,0.40665799999999996,19,6,6
Netherlands,24/06/2024 20:00,2024-06-24 22:00:00,117.4,1.27379,22,0,6
Netherlands,2019-07-06 13:00:00,2019-07-06 15:00:00,27.16,0.294686,15,5,7
Netherlands,2023-01-27 12:00:00,2023-01-27 13:00:00,180.0,1.953,13,4,1
Netherlands,2019-04-13 23:00:00,2019-04-14 01:00:00,40.0,0.434,1,6,4
Netherlands,2020-03-21 14:00:00,2020-03-21 15:00:00,5.7,0.061845,15,5,3
Netherlands,2020-02-19 19:00:00,2020-02-19 20:00:00,36.94,0.40079899999999996,20,2,2
Netherlands,2016-01-18 02:00:00,2016-01-18 03:00:00,23.9,0.259315,3,0,1
Netherlands,2015-09-19 06:00:00,2015-09-19 08:00:00,32.0,0.3472,8,5,9
Netherlands,2015-01-20 20:00:00,2015-01-20 21:00:00,42.73,0.46362049999999994,21,1,1
Netherlands,2018-01-24 11:00:00,2018-01-24 12:00:00,47.0,0.50995,12,2,1
Netherlands,2016-07-27 05:00:00,2016-07-27 07:00:00,36.43,0.3952655,7,2,7
Netherlands,2023-03-29 00:00:00,2023-03-29 02:00:00,95.4,1.0350899999999998,2,2,3
Netherlands,2022-04-21 10:00:00,2022-04-21 12:00:00,176.23,1.9120955,12,3,4
Netherlands,16/11/2024 22:00,2024-11-16 23:00:00,95.96,1.041166,23,5,11
Netherlands,04/09/2024 12:00,2024-09-04 14:00:00,89.25,0.9683624999999999,14,2,9
Netherlands,2019-12-22 02:00:00,2019-12-22 03:00:00,28.5,0.30922499999999997,3,6,12
Netherlands,2018-01-17 04:00:00,2018-01-17 05:00:00,25.71,0.2789535,5,2,1
Netherlands,2023-03-28 16:00:00,2023-03-28 18:00:00,136.87,1.4850395,18,1,3
Netherlands,2020-07-26 18:00:00,2020-07-26 20:00:00,32.67,0.3544695,20,6,7
Netherlands,14/07/2024 23:00,2024-07-15 01:00:00,68.8,0.7464799999999999,1,0,7
Netherlands,2018-09-12 15:00:00,2018-09-12 17:00:00,83.89,0.9102065,17,2,9
Netherlands,2021-05-11 19:00:00,2021-05-11 21:00:00,79.62,0.8638770000000001,21,1,5
Netherlands,2023-01-15 21:00:00,2023-01-15 22:00:00,160.0,1.736,22,6,1
Netherlands,2021-03-20 22:00:00,2021-03-20 23:00:00,44.2,0.47957,23,5,3
Netherlands,11/04/2024 01:00,2024-04-11 03:00:00,9.99,0.10839149999999999,3,3,4
Netherlands,2015-06-08 14:00:00,2015-06-08 16:00:00,35.34,0.38343900000000003,16,0,6
Netherlands,2021-12-01 03:00:00,2021-12-01 04:00:00,86.95,0.9434075000000001,4,2,12
Netherlands,2015-09-08 06:00:00,2015-09-08 08:00:00,46.34,0.502789,8,1,9
Netherlands,2019-02-18 14:00:00,2019-02-18 15:00:00,47.35,0.5137474999999999,15,0,2
Netherlands,2023-01-05 18:00:00,2023-01-05 19:00:00,177.98,1.9310829999999999,19,3,1
Netherlands,2017-06-17 22:00:00,2017-06-18 00:00:00,35.99,0.39049150000000005,0,6,6
Netherlands,2016-09-15 01:00:00,2016-09-15 03:00:00,21.13,0.22926049999999998,3,3,9
Netherlands,2015-03-25 15:00:00,2015-03-25 16:00:00,44.93,0.4874905,16,2,3
Netherlands,2016-01-29 20:00:00,2016-01-29 21:00:00,29.38,0.318773,21,4,1
Netherlands,2019-06-28 08:00:00,2019-06-28 10:00:00,43.99,0.4772915,10,4,6
Netherlands,2020-03-30 18:00:00,2020-03-30 20:00:00,35.02,0.37996700000000005,20,0,3
Netherlands,2015-06-05 18:00:00,2015-06-05 20:00:00,48.14,0.522319,20,4,6
Netherlands,2017-08-13 16:00:00,2017-08-13 18:00:00,28.39,0.3080315,18,6,8
Netherlands,2019-02-04 13:00:00,2019-02-04 14:00:00,45.4,0.49259,14,0,2
Netherlands,2015-08-15 07:00:00,2015-08-15 09:00:00,49.96,0.542066,9,5,8
Netherlands,2021-07-15 07:00:00,2021-07-15 09:00:00,100.95,1.0953074999999999,9,3,7
Netherlands,2020-11-06 04:00:00,2020-11-06 05:00:00,32.4,0.35153999999999996,5,4,11
Netherlands,03/09/2024 08:00,2024-09-03 10:00:00,98.88,1.072848,10,1,9
Netherlands,2018-05-07 19:00:00,2018-05-07 21:00:00,51.64,0.560294,21,0,5
Netherlands,2016-07-06 02:00:00,2016-07-06 04:00:00,23.44,0.254324,4,2,7
Netherlands,2017-05-07 07:00:00,2017-05-07 09:00:00,30.06,0.32615099999999997,9,6,5
Netherlands,2016-08-02 09:00:00,2016-08-02 11:00:00,38.09,0.4132765,11,1,8
Netherlands,2020-10-24 06:00:00,2020-10-24 08:00:00,36.84,0.399714,8,5,10
Netherlands,2019-01-11 00:00:00,2019-01-11 01:00:00,44.2,0.47957,1,4,1
Netherlands,2015-09-22 12:00:00,2015-09-22 14:00:00,37.86,0.410781,14,1,9
Netherlands,22/07/2024 16:00,2024-07-22 18:00:00,79.9,0.8669150000000001,18,0,7
Netherlands,2022-09-23 15:00:00,2022-09-23 17:00:00,422.09,4.5796765,17,4,9
Netherlands,2021-11-04 12:00:00,2021-11-04 13:00:00,155.0,1.68175,13,3,11
Netherlands,2019-06-19 22:00:00,2019-06-20 00:00:00,30.8,0.33418000000000003,0,3,6
Netherlands,2016-09-26 00:00:00,2016-09-26 02:00:00,23.42,0.25410699999999997,2,0,9
Netherlands,2021-06-26 16:00:00,2021-06-26 18:00:00,82.32,0.893172,18,5,6
Netherlands,08/11/2024 18:00,2024-11-08 19:00:00,127.39,1.3821815,19,4,11
Netherlands,2015-08-23 17:00:00,2015-08-23 19:00:00,33.7,0.36564500000000005,19,6,8
Netherlands,2021-07-05 16:00:00,2021-07-05 18:00:00,105.21,1.1415285,18,0,7
Netherlands,28/04/2024 06:00,2024-04-28 08:00:00,-0.07,-0.0007595000000000001,8,6,4
Netherlands,2015-05-06 07:00:00,2015-05-06 09:00:00,37.44,0.406224,9,2,5
Netherlands,2018-12-07 06:00:00,2018-12-07 07:00:00,62.74,0.680729,7,4,12
Netherlands,2015-02-03 20:00:00,2015-02-03 21:00:00,44.25,0.4801125,21,1,2
Netherlands,2022-06-05 22:00:00,2022-06-06 00:00:00,209.1,2.2687349999999995,0,0,6
Netherlands,03/11/2024 03:00,2024-11-03 04:00:00,86.0,0.9331,4,6,11
Netherlands,2017-05-07 18:00:00,2017-05-07 20:00:00,32.13,0.3486105,20,6,5
Netherlands,2016-08-15 08:00:00,2016-08-15 10:00:00,28.65,0.3108525,10,0,8
Netherlands,2015-05-30 18:00:00,2015-05-30 20:00:00,39.94,0.433349,20,5,5
Netherlands,2015-08-16 19:00:00,2015-08-16 21:00:00,42.03,0.45602550000000003,21,6,8
Netherlands,16/05/2024 12:00,2024-05-16 14:00:00,1.38,0.014972999999999998,14,3,5
Netherlands,15/04/2024 10:00,2024-04-15 12:00:00,42.17,0.4575445,12,0,4
Netherlands,2021-03-30 17:00:00,2021-03-30 19:00:00,70.52,0.765142,19,1,3
Netherlands,2020-11-05 15:00:00,2020-11-05 16:00:00,45.84,0.49736400000000003,16,3,11
Netherlands,2018-11-04 08:00:00,2018-11-04 09:00:00,49.99,0.5423914999999999,9,6,11
Netherlands,2021-07-03 16:00:00,2021-07-03 18:00:00,95.44,1.035524,18,5,7
Netherlands,2021-12-17 21:00:00,2021-12-17 22:00:00,294.96,3.200316,22,4,12
Netherlands,2016-04-23 11:00:00,2016-04-23 13:00:00,21.36,0.231756,13,5,4
Netherlands,2015-07-10 13:00:00,2015-07-10 15:00:00,50.0,0.5425,15,4,7
Netherlands,2015-03-05 17:00:00,2015-03-05 18:00:00,66.24,0.7187039999999999,18,3,3
Netherlands,12/03/2024 17:00,2024-03-12 18:00:00,84.0,0.9114,18,1,3
Netherlands,2017-01-29 08:00:00,2017-01-29 09:00:00,40.78,0.442463,9,6,1
Netherlands,2016-08-20 11:00:00,2016-08-20 13:00:00,22.09,0.23967650000000001,13,5,8
Netherlands,2022-12-01 21:00:00,2022-12-01 22:00:00,319.14,3.462669,22,3,12
Netherlands,2022-01-23 16:00:00,2022-01-23 17:00:00,214.95,2.3322075,17,6,1
Netherlands,2020-01-01 19:00:00,2020-01-01 20:00:00,42.62,0.462427,20,2,1
Netherlands,2019-05-17 02:00:00,2019-05-17 04:00:00,34.0,0.36889999999999995,4,4,5
Netherlands,2016-01-31 04:00:00,2016-01-31 05:00:00,15.93,0.17284049999999998,5,6,1
Netherlands,2022-07-04 19:00:00,2022-07-04 21:00:00,383.29,4.1586965,21,0,7
Netherlands,15/12/2024 18:00,2024-12-15 19:00:00,73.0,0.7920499999999999,19,6,12
Netherlands,30/10/2023 07:00,2023-10-30 08:00:00,111.0,1.2043499999999998,8,0,10
Netherlands,13/02/2024 04:00,2024-02-13 05:00:00,63.59,0.6899515,5,1,2
Netherlands,2022-11-26 03:00:00,2022-11-26 04:00:00,197.99,2.1481915,4,5,11
Netherlands,2017-07-21 01:00:00,2017-07-21 03:00:00,27.07,0.2937095,3,4,7
Netherlands,2016-12-26 17:00:00,2016-12-26 18:00:00,56.19,0.6096615,18,0,12
Netherlands,2016-08-09 22:00:00,2016-08-10 00:00:00,23.35,0.2533475,0,2,8
Netherlands,2018-11-25 14:00:00,2018-11-25 15:00:00,54.61,0.5925185000000001,15,6,11
Netherlands,2018-07-11 06:00:00,2018-07-11 08:00:00,57.51,0.6239834999999999,8,2,7
Netherlands,2015-01-20 01:00:00,2015-01-20 02:00:00,31.9,0.34611499999999995,2,1,1
Netherlands,2018-04-23 16:00:00,2018-04-23 18:00:00,39.72,0.430962,18,0,4
Netherlands,23/11/2024 23:00,2024-11-24 00:00:00,4.66,0.050561,0,6,11
Netherlands,01/04/2024 06:00,2024-04-01 08:00:00,58.71,0.6370035000000001,8,0,4
Netherlands,2019-10-25 00:00:00,2019-10-25 02:00:00,25.2,0.27341999999999994,2,4,10
Netherlands,2021-05-19 21:00:00,2021-05-19 23:00:00,80.05,0.8685424999999999,23,2,5
Netherlands,2023-09-23 13:00:00,2023-09-23 15:00:00,71.2,0.77252,15,5,9
Netherlands,2016-06-22 14:00:00,2016-06-22 16:00:00,39.22,0.425537,16,2,6
Netherlands,2023-06-11 07:00:00,2023-06-11 09:00:00,15.9,0.17251499999999997,9,6,6
Netherlands,2022-04-26 14:00:00,2022-04-26 16:00:00,197.1,2.138535,16,1,4
Netherlands,2023-07-04 21:00:00,2023-07-04 23:00:00,124.09,1.3463765,23,1,7
Netherlands,13/04/2024 09:00,2024-04-13 11:00:00,-10.16,-0.110236,11,5,4
Netherlands,2019-08-01 02:00:00,2019-08-01 04:00:00,33.86,0.36738099999999996,4,3,8
Netherlands,16/11/2024 21:00,2024-11-16 22:00:00,117.62,1.276177,22,5,11
Netherlands,04/02/2024 10:00,2024-02-04 11:00:00,26.67,0.2893695,11,6,2
Netherlands,2018-11-13 10:00:00,2018-11-13 11:00:00,64.5,0.6998249999999999,11,1,11
Netherlands,2016-08-24 18:00:00,2016-08-24 20:00:00,39.26,0.42597099999999993,20,2,8
Netherlands,2017-04-28 18:00:00,2017-04-28 20:00:00,42.99,0.4664415,20,4,4
Netherlands,2015-06-03 04:00:00,2015-06-03 06:00:00,31.54,0.342209,6,2,6
Netherlands,2022-09-11 07:00:00,2022-09-11 09:00:00,402.13,4.3631104999999994,9,6,9
Netherlands,2015-01-02 15:00:00,2015-01-02 16:00:00,46.7,0.506695,16,4,1
Netherlands,2015-04-21 04:00:00,2015-04-21 06:00:00,40.57,0.44018450000000003,6,1,4
Netherlands,2023-05-06 21:00:00,2023-05-06 23:00:00,92.38,1.0023229999999999,23,5,5
Netherlands,2016-11-14 07:00:00,2016-11-14 08:00:00,64.18,0.6963530000000001,8,0,11
Netherlands,2019-10-16 04:00:00,2019-10-16 06:00:00,38.68,0.419678,6,2,10
Netherlands,2016-08-03 21:00:00,2016-08-03 23:00:00,27.03,0.2932755,23,2,8
Netherlands,05/11/2023 15:00,2023-11-05 16:00:00,63.09,0.6845265,16,6,11
Netherlands,2016-07-05 15:00:00,2016-07-05 17:00:00,37.0,0.40145,17,1,7
Netherlands,2016-05-22 19:00:00,2016-05-22 21:00:00,26.11,0.2832935,21,6,5
Netherlands,2017-12-10 09:00:00,2017-12-10 10:00:00,52.01,0.5643085,10,6,12
Netherlands,2023-09-19 20:00:00,2023-09-19 22:00:00,66.81,0.7248885,22,1,9
Netherlands,2017-05-11 05:00:00,2017-05-11 07:00:00,43.1,0.46763499999999997,7,3,5
Netherlands,2018-09-22 13:00:00,2018-09-22 15:00:00,49.62,0.538377,15,5,9
Netherlands,2022-05-28 20:00:00,2022-05-28 22:00:00,176.49,1.9149165000000001,22,5,5
Netherlands,2022-05-01 22:00:00,2022-05-02 00:00:00,206.46,2.240091,0,0,5
Netherlands,2018-04-28 03:00:00,2018-04-28 05:00:00,30.82,0.334397,5,5,4
Netherlands,2019-07-12 16:00:00,2019-07-12 18:00:00,50.81,0.5512885,18,4,7
Netherlands,2019-07-05 20:00:00,2019-07-05 22:00:00,42.07,0.4564595,22,4,7
Netherlands,2015-12-17 10:00:00,2015-12-17 11:00:00,40.87,0.44343949999999993,11,3,12
Netherlands,2017-12-11 00:00:00,2017-12-11 01:00:00,57.6,0.6249600000000001,1,0,12
Netherlands,2020-02-27 17:00:00,2020-02-27 18:00:00,57.44,0.6232239999999999,18,3,2
Netherlands,2022-06-17 02:00:00,2022-06-17 04:00:00,206.86,2.244431,4,4,6
Netherlands,2023-04-22 20:00:00,2023-04-22 22:00:00,121.04,1.3132840000000001,22,5,4
Netherlands,03/07/2024 22:00,2024-07-04 00:00:00,58.5,0.634725,0,3,7
Netherlands,2020-12-07 03:00:00,2020-12-07 04:00:00,33.0,0.35805000000000003,4,0,12
Netherlands,2022-11-26 01:00:00,2022-11-26 02:00:00,200.1,2.171085,2,5,11
Netherlands,2015-09-02 08:00:00,2015-09-02 10:00:00,37.99,0.41219150000000004,10,2,9
Netherlands,2018-09-02 21:00:00,2018-09-02 23:00:00,56.17,0.6094445,23,6,9
Netherlands,2016-02-10 13:00:00,2016-02-10 14:00:00,27.44,0.297724,14,2,2
Netherlands,2022-01-02 02:00:00,2022-01-02 03:00:00,34.94,0.37909899999999996,3,6,1
Netherlands,2022-01-13 08:00:00,2022-01-13 09:00:00,191.95,2.0826575,9,3,1
Netherlands,2022-06-13 05:00:00,2022-06-13 07:00:00,211.16,2.291086,7,0,6
Netherlands,2017-02-04 09:00:00,2017-02-04 10:00:00,51.97,0.5638745000000001,10,5,2
Netherlands,2017-09-21 15:00:00,2017-09-21 17:00:00,43.48,0.4717579999999999,17,3,9
Netherlands,2019-09-05 21:00:00,2019-09-05 23:00:00,30.95,0.3358075,23,3,9
Netherlands,2015-05-04 00:00:00,2015-05-04 02:00:00,22.01,0.2388085,2,0,5
Netherlands,2015-01-07 12:00:00,2015-01-07 13:00:00,51.46,0.558341,13,2,1
Netherlands,2019-02-22 22:00:00,2019-02-22 23:00:00,39.6,0.42966000000000004,23,4,2
Netherlands,2015-04-09 09:00:00,2015-04-09 11:00:00,41.35,0.4486475,11,3,4
Netherlands,2022-03-03 18:00:00,2022-03-03 19:00:00,405.05,4.394792499999999,19,3,3
Netherlands,26/10/2024 09:00,2024-10-26 11:00:00,78.19,0.8483615,11,5,10
Netherlands,2021-09-30 03:00:00,2021-09-30 05:00:00,125.9,1.3660150000000002,5,3,9
Netherlands,2015-09-04 00:00:00,2015-09-04 02:00:00,35.8,0.38842999999999994,2,4,9
Netherlands,2018-11-06 14:00:00,2018-11-06 15:00:00,64.34,0.6980890000000001,15,1,11
Netherlands,2022-07-06 20:00:00,2022-07-06 22:00:00,379.35,4.1159475,22,2,7
Netherlands,28/11/2023 21:00,2023-11-28 22:00:00,116.84,1.267714,22,1,11
Netherlands,2022-11-26 04:00:00,2022-11-26 05:00:00,211.94,2.299549,5,5,11
Netherlands,11/01/2024 07:00,2024-01-11 08:00:00,141.0,1.52985,8,3,1
Netherlands,2023-01-03 03:00:00,2023-01-03 04:00:00,113.63,1.2328854999999999,4,1,1
Netherlands,2016-09-19 15:00:00,2016-09-19 17:00:00,39.22,0.425537,17,0,9
Netherlands,2021-07-24 12:00:00,2021-07-24 14:00:00,63.1,0.684635,14,5,7
Netherlands,2015-08-05 15:00:00,2015-08-05 17:00:00,37.54,0.407309,17,2,8
Netherlands,2017-05-01 11:00:00,2017-05-01 13:00:00,36.0,0.39059999999999995,13,0,5
Netherlands,2023-06-07 09:00:00,2023-06-07 11:00:00,85.69,0.9297365,11,2,6
Netherlands,2015-04-28 07:00:00,2015-04-28 09:00:00,55.04,0.5971839999999999,9,1,4
Netherlands,2017-08-17 21:00:00,2017-08-17 23:00:00,31.7,0.343945,23,3,8
Netherlands,2017-03-09 01:00:00,2017-03-09 02:00:00,30.12,0.32680200000000004,2,3,3
Netherlands,2015-03-05 00:00:00,2015-03-05 01:00:00,41.12,0.44615199999999994,1,3,3
Netherlands,29/05/2024 06:00,2024-05-29 08:00:00,85.64,0.929194,8,2,5
Netherlands,2018-02-25 14:00:00,2018-02-25 15:00:00,35.63,0.3865855,15,6,2
Netherlands,2016-01-22 03:00:00,2016-01-22 04:00:00,23.92,0.259532,4,4,1
Netherlands,2018-02-13 23:00:00,2018-02-14 00:00:00,35.5,0.385175,0,2,2
Netherlands,2020-12-17 12:00:00,2020-12-17 13:00:00,42.1,0.45678500000000005,13,3,12
Netherlands,13/11/2024 08:00,2024-11-13 09:00:00,213.91,2.3209234999999997,9,2,11
Netherlands,2022-09-22 04:00:00,2022-09-22 06:00:00,435.1,4.720835,6,3,9
Netherlands,2016-02-03 04:00:00,2016-02-03 05:00:00,17.55,0.1904175,5,2,2
Netherlands,2019-12-13 10:00:00,2019-12-13 11:00:00,41.65,0.4519025,11,4,12
Netherlands,2019-03-07 18:00:00,2019-03-07 19:00:00,46.49,0.5044164999999999,19,3,3
Netherlands,15/02/2024 00:00,2024-02-15 01:00:00,60.55,0.6569674999999999,1,3,2
Netherlands,2017-09-27 17:00:00,2017-09-27 19:00:00,54.86,0.595231,19,2,9
Netherlands,2020-05-04 02:00:00,2020-05-04 04:00:00,19.69,0.2136365,4,0,5
Netherlands,2015-08-02 18:00:00,2015-08-02 20:00:00,33.57,0.36423449999999996,20,6,8
Netherlands,2020-05-15 11:00:00,2020-05-15 13:00:00,18.63,0.20213549999999997,13,4,5
Netherlands,23/09/2024 12:00,2024-09-23 14:00:00,70.42,0.764057,14,0,9
Netherlands,2017-07-31 03:00:00,2017-07-31 05:00:00,26.57,0.2882845,5,0,7
Netherlands,2018-11-11 11:00:00,2018-11-11 12:00:00,65.77,0.7136044999999999,12,6,11
Netherlands,2021-05-21 07:00:00,2021-05-21 09:00:00,53.41,0.5794984999999999,9,4,5
Netherlands,2018-12-31 20:00:00,2018-12-31 21:00:00,47.48,0.5151579999999999,21,0,12
Netherlands,2022-06-18 08:00:00,2022-06-18 10:00:00,149.97,1.6271744999999997,10,5,6
Netherlands,2015-02-22 13:00:00,2015-02-22 14:00:00,34.94,0.37909899999999996,14,6,2
Netherlands,2018-03-13 18:00:00,2018-03-13 19:00:00,157.92,1.7134319999999998,19,1,3
Netherlands,2017-08-17 15:00:00,2017-08-17 17:00:00,35.32,0.383222,17,3,8
Netherlands,2021-07-28 11:00:00,2021-07-28 13:00:00,60.79,0.6595715,13,2,7
Netherlands,2016-04-13 19:00:00,2016-04-13 21:00:00,31.31,0.33971349999999995,21,2,4
Netherlands,2018-03-14 06:00:00,2018-03-14 07:00:00,68.7,0.745395,7,2,3
Netherlands,2015-11-03 13:00:00,2015-11-03 14:00:00,37.11,0.4026435,14,1,11
Netherlands,2018-04-11 16:00:00,2018-04-11 18:00:00,38.62,0.419027,18,2,4
Netherlands,2019-07-03 11:00:00,2019-07-03 13:00:00,30.14,0.327019,13,2,7
Netherlands,2023-07-19 22:00:00,2023-07-20 00:00:00,98.26,1.066121,0,3,7
Netherlands,2021-10-09 23:00:00,2021-10-10 01:00:00,132.2,1.43437,1,6,10
Netherlands,2018-01-01 18:00:00,2018-01-01 19:00:00,32.0,0.3472,19,0,1
Netherlands,2020-11-05 00:00:00,2020-11-05 01:00:00,32.0,0.3472,1,3,11
Netherlands,2018-05-16 20:00:00,2018-05-16 22:00:00,37.73,0.4093704999999999,22,2,5
Netherlands,2018-09-03 05:00:00,2018-09-03 07:00:00,72.0,0.7811999999999999,7,0,9
Netherlands,2018-07-01 20:00:00,2018-07-01 22:00:00,57.8,0.62713,22,6,7
Netherlands,2017-01-14 19:00:00,2017-01-14 20:00:00,40.26,0.43682099999999996,20,5,1
Netherlands,2022-07-20 05:00:00,2022-07-20 07:00:00,393.32,4.267522,7,2,7
Netherlands,2015-12-29 13:00:00,2015-12-29 14:00:00,35.47,0.38484949999999996,14,1,12
Netherlands,2017-08-28 07:00:00,2017-08-28 09:00:00,44.97,0.4879245,9,0,8
Netherlands,2015-11-14 18:00:00,2015-11-14 19:00:00,46.67,0.5063695,19,5,11
Netherlands,2015-05-18 21:00:00,2015-05-18 23:00:00,44.99,0.4881415,23,0,5
Netherlands,2019-07-26 11:00:00,2019-07-26 13:00:00,42.75,0.46383749999999996,13,4,7
Netherlands,2020-01-29 22:00:00,2020-01-29 23:00:00,27.59,0.2993515,23,2,1
Netherlands,2019-09-28 09:00:00,2019-09-28 11:00:00,32.42,0.351757,11,5,9
Netherlands,2018-11-30 09:00:00,2018-11-30 10:00:00,68.19,0.7398615,10,4,11
Netherlands,2019-03-21 04:00:00,2019-03-21 05:00:00,35.93,0.3898405,5,3,3
Netherlands,2015-09-07 01:00:00,2015-09-07 03:00:00,17.05,0.1849925,3,0,9
Netherlands,2016-10-20 16:00:00,2016-10-20 18:00:00,51.62,0.560077,18,3,10
Netherlands,2016-11-05 14:00:00,2016-11-05 15:00:00,38.88,0.421848,15,5,11
Netherlands,2022-10-18 03:00:00,2022-10-18 05:00:00,144.03,1.5627255,5,1,10
Netherlands,2019-05-13 06:00:00,2019-05-13 08:00:00,53.01,0.5751585,8,0,5
Netherlands,15/11/2024 08:00,2024-11-15 09:00:00,149.97,1.6271744999999997,9,4,11
Netherlands,2017-08-25 22:00:00,2017-08-26 00:00:00,34.75,0.37703749999999997,0,5,8
Netherlands,2021-10-02 10:00:00,2021-10-02 12:00:00,107.72,1.1687619999999999,12,5,10
Netherlands,2016-10-22 05:00:00,2016-10-22 07:00:00,38.06,0.412951,7,5,10
Netherlands,2021-04-07 19:00:00,2021-04-07 21:00:00,75.36,0.8176559999999999,21,2,4
Netherlands,2021-04-24 01:00:00,2021-04-24 03:00:00,56.86,0.6169309999999999,3,5,4
Netherlands,2018-08-04 09:00:00,2018-08-04 11:00:00,51.68,0.560728,11,5,8
Netherlands,2019-01-07 19:00:00,2019-01-07 20:00:00,51.0,0.55335,20,0,1
Netherlands,2020-09-11 21:00:00,2020-09-11 23:00:00,44.35,0.4811975,23,4,9
Netherlands,2018-12-15 09:00:00,2018-12-15 10:00:00,68.51,0.7433335000000001,10,5,12
Netherlands,2019-03-02 15:00:00,2019-03-02 16:00:00,41.91,0.45472349999999995,16,5,3
Netherlands,2021-10-07 22:00:00,2021-10-08 00:00:00,176.61,1.9162185000000003,0,4,10
Netherlands,2019-04-19 06:00:00,2019-04-19 08:00:00,49.36,0.5355559999999999,8,4,4
Netherlands,2023-02-14 02:00:00,2023-02-14 03:00:00,132.12,1.433502,3,1,2
Netherlands,2019-05-19 04:00:00,2019-05-19 06:00:00,33.37,0.36206449999999996,6,6,5
Netherlands,2019-02-16 13:00:00,2019-02-16 14:00:00,37.21,0.4037285,14,5,2
Netherlands,2016-01-21 00:00:00,2016-01-21 01:00:00,28.0,0.3038,1,3,1
Netherlands,2022-10-28 18:00:00,2022-10-28 20:00:00,111.71,1.2120535,20,4,10
Netherlands,2015-03-05 10:00:00,2015-03-05 11:00:00,50.95,0.5528075,11,3,3
Netherlands,2017-06-19 16:00:00,2017-06-19 18:00:00,45.6,0.49476,18,0,6
Netherlands,2023-02-27 02:00:00,2023-02-27 03:00:00,125.03,1.3565755,3,0,2
Netherlands,2020-06-28 04:00:00,2020-06-28 06:00:00,12.45,0.1350825,6,6,6
Netherlands,2015-03-02 17:00:00,2015-03-02 18:00:00,59.99,0.6508915,18,0,3
Netherlands,2017-10-04 13:00:00,2017-10-04 15:00:00,30.9,0.335265,15,2,10
Netherlands,2016-06-16 16:00:00,2016-06-16 18:00:00,47.44,0.514724,18,3,6
Netherlands,2018-02-22 09:00:00,2018-02-22 10:00:00,50.54,0.5483589999999999,10,3,2
Netherlands,2021-09-02 05:00:00,2021-09-02 07:00:00,164.91,1.7892735,7,3,9
Netherlands,2020-02-26 01:00:00,2020-02-26 02:00:00,24.35,0.2641975,2,2,2
Netherlands,2016-06-05 11:00:00,2016-06-05 13:00:00,20.81,0.22578849999999998,13,6,6
Netherlands,2021-08-25 22:00:00,2021-08-26 00:00:00,86.66,0.940261,0,3,8
Netherlands,22/01/2024 13:00,2024-01-22 14:00:00,58.55,0.6352674999999999,14,0,1
Netherlands,2018-10-17 16:00:00,2018-10-17 18:00:00,89.94,0.975849,18,2,10
Netherlands,2022-08-31 16:00:00,2022-08-31 18:00:00,585.1,6.348335,18,2,8
Netherlands,2022-08-24 15:00:00,2022-08-24 17:00:00,672.33,7.2947805,17,2,8
Netherlands,2015-08-27 23:00:00,2015-08-28 01:00:00,34.94,0.37909899999999996,1,4,8
Netherlands,2020-06-04 01:00:00,2020-06-04 03:00:00,18.52,0.20094199999999998,3,3,6
Netherlands,24/03/2024 02:00,2024-03-24 03:00:00,13.47,0.1461495,3,6,3
Netherlands,2023-05-14 05:00:00,2023-05-14 07:00:00,73.87,0.8014895,7,6,5
Netherlands,2022-05-22 18:00:00,2022-05-22 20:00:00,225.55,2.4472175000000003,20,6,5
Netherlands,2016-06-15 00:00:00,2016-06-15 02:00:00,25.01,0.2713585,2,2,6
Netherlands,2020-08-22 04:00:00,2020-08-22 06:00:00,23.53,0.2553005,6,5,8
Netherlands,2020-09-20 02:00:00,2020-09-20 04:00:00,34.21,0.37117849999999997,4,6,9
Netherlands,2019-01-12 04:00:00,2019-01-12 05:00:00,42.6,0.46220999999999995,5,5,1
Netherlands,2019-05-11 20:00:00,2019-05-11 22:00:00,57.7,0.626045,22,5,5
Netherlands,2019-11-22 08:00:00,2019-11-22 09:00:00,49.9,0.541415,9,4,11
Netherlands,2022-05-14 19:00:00,2022-05-14 21:00:00,241.87,2.6242894999999997,21,5,5
Netherlands,11/04/2024 05:00,2024-04-11 07:00:00,68.23,0.7402955000000001,7,3,4
Netherlands,25/05/2024 04:00,2024-05-25 06:00:00,90.68,0.983878,6,5,5
Netherlands,2020-09-11 20:00:00,2020-09-11 22:00:00,49.83,0.5406555,22,4,9
Netherlands,2018-12-23 15:00:00,2018-12-23 16:00:00,63.72,0.6913619999999999,16,6,12
Netherlands,2015-09-24 08:00:00,2015-09-24 10:00:00,34.96,0.379316,10,3,9
Netherlands,2020-09-18 03:00:00,2020-09-18 05:00:00,36.9,0.40036499999999997,5,4,9
Netherlands,2018-03-30 18:00:00,2018-03-30 20:00:00,58.11,0.6304934999999999,20,4,3
Netherlands,2022-06-01 11:00:00,2022-06-01 13:00:00,184.48,2.0016079999999996,13,2,6
Netherlands,2022-01-05 18:00:00,2022-01-05 19:00:00,251.03,2.7236754999999997,19,2,1
Netherlands,2021-06-19 07:00:00,2021-06-19 09:00:00,69.44,0.753424,9,5,6
Netherlands,16/12/2023 15:00,2023-12-16 16:00:00,83.9,0.9103150000000001,16,5,12
Netherlands,2020-10-08 23:00:00,2020-10-09 01:00:00,32.6,0.35370999999999997,1,4,10
Netherlands,2018-12-23 19:00:00,2018-12-23 20:00:00,60.92,0.660982,20,6,12
Netherlands,28/01/2024 21:00,2024-01-28 22:00:00,59.66,0.647311,22,6,1
Netherlands,2022-01-22 18:00:00,2022-01-22 19:00:00,180.0,1.953,19,5,1
Netherlands,2016-02-09 02:00:00,2016-02-09 03:00:00,10.05,0.1090425,3,1,2
Netherlands,2021-07-12 17:00:00,2021-07-12 19:00:00,120.49,1.3073165,19,0,7
Netherlands,2019-04-19 05:00:00,2019-04-19 07:00:00,42.97,0.4662245,7,4,4
Netherlands,2022-10-18 08:00:00,2022-10-18 10:00:00,193.51,2.0995834999999996,10,1,10
Netherlands,2015-09-21 17:00:00,2015-09-21 19:00:00,52.45,0.5690824999999999,19,0,9
Netherlands,2018-06-01 12:00:00,2018-06-01 14:00:00,61.88,0.671398,14,4,6
Netherlands,2022-07-22 10:00:00,2022-07-22 12:00:00,276.3,2.997855,12,4,7
Netherlands,2021-10-23 05:00:00,2021-10-23 07:00:00,176.3,1.912855,7,5,10
Netherlands,2020-03-18 15:00:00,2020-03-18 16:00:00,28.62,0.310527,16,2,3
Netherlands,2016-04-01 12:00:00,2016-04-01 14:00:00,24.07,0.2611595,14,4,4
Netherlands,2019-03-29 07:00:00,2019-03-29 08:00:00,47.62,0.5166769999999999,8,4,3
Netherlands,2015-03-06 14:00:00,2015-03-06 15:00:00,44.94,0.48759899999999995,15,4,3
Netherlands,2021-11-13 06:00:00,2021-11-13 07:00:00,155.31,1.6851135,7,5,11
Netherlands,2016-09-07 07:00:00,2016-09-07 09:00:00,48.06,0.521451,9,2,9
Netherlands,2019-07-30 07:00:00,2019-07-30 09:00:00,53.46,0.5800409999999999,9,1,7
Netherlands,2023-08-31 05:00:00,2023-08-31 07:00:00,135.61,1.4713685,7,3,8
Netherlands,30/11/2023 21:00,2023-11-30 22:00:00,124.67,1.3526695,22,3,11
Netherlands,2017-02-06 06:00:00,2017-02-06 07:00:00,74.95,0.8132075,7,0,2
Netherlands,2019-06-02 22:00:00,2019-06-03 00:00:00,26.8,0.29078,0,0,6
Netherlands,2021-04-17 14:00:00,2021-04-17 16:00:00,50.13,0.5439105,16,5,4
Netherlands,2016-03-17 10:00:00,2016-03-17 11:00:00,29.23,0.31714549999999997,11,3,3
Netherlands,2017-04-26 02:00:00,2017-04-26 04:00:00,30.44,0.330274,4,2,4
Netherlands,2021-12-03 14:00:00,2021-12-03 15:00:00,164.9,1.789165,15,4,12
Netherlands,2022-07-04 23:00:00,2022-07-05 01:00:00,319.3,3.464405,1,1,7
Netherlands,2017-11-20 13:00:00,2017-11-20 14:00:00,45.53,0.4940005,14,0,11
Netherlands,2020-02-25 02:00:00,2020-02-25 03:00:00,20.0,0.217,3,1,2
Netherlands,2022-03-02 21:00:00,2022-03-02 22:00:00,265.78,2.8837129999999997,22,2,3
Netherlands,29/10/2024 12:00,2024-10-29 13:00:00,113.46,1.2310409999999998,13,1,10
Netherlands,2015-04-06 18:00:00,2015-04-06 20:00:00,43.0,0.46655,20,0,4
Netherlands,2018-10-18 22:00:00,2018-10-19 00:00:00,50.89,0.5521564999999999,0,4,10
Netherlands,28/10/2024 21:00,2024-10-28 22:00:00,108.58,1.1780929999999998,22,0,10
Netherlands,2019-09-05 02:00:00,2019-09-05 04:00:00,22.94,0.248899,4,3,9
Netherlands,2016-09-03 19:00:00,2016-09-03 21:00:00,37.6,0.40796,21,5,9
Netherlands,2019-12-07 08:00:00,2019-12-07 09:00:00,41.95,0.45515750000000005,9,5,12
Netherlands,25/12/2023 09:00,2023-12-25 10:00:00,25.0,0.27125,10,0,12
Netherlands,2021-11-21 11:00:00,2021-11-21 12:00:00,180.0,1.953,12,6,11
Netherlands,2022-05-15 07:00:00,2022-05-15 09:00:00,110.6,1.20001,9,6,5
Netherlands,2018-11-03 15:00:00,2018-11-03 16:00:00,61.41,0.6662985,16,5,11
Netherlands,2015-07-05 02:00:00,2015-07-05 04:00:00,32.46,0.352191,4,6,7
Netherlands,2015-05-11 12:00:00,2015-05-11 14:00:00,41.0,0.44484999999999997,14,0,5
Netherlands,2015-08-28 21:00:00,2015-08-28 23:00:00,43.45,0.47143250000000003,23,4,8
Netherlands,2020-03-17 23:00:00,2020-03-18 00:00:00,22.02,0.238917,0,2,3
Netherlands,2017-04-24 05:00:00,2017-04-24 07:00:00,40.89,0.4436565,7,0,4
Netherlands,2022-08-18 13:00:00,2022-08-18 15:00:00,491.0,5.327349999999999,15,3,8
Netherlands,2016-05-27 06:00:00,2016-05-27 08:00:00,35.48,0.38495799999999997,8,4,5
Netherlands,2021-02-22 14:00:00,2021-02-22 15:00:00,51.49,0.5586665000000001,15,0,2
Netherlands,01/08/2024 20:00,2024-08-01 22:00:00,111.73,1.2122705,22,3,8
Netherlands,03/04/2024 12:00,2024-04-03 14:00:00,58.9,0.639065,14,2,4
Netherlands,2017-04-25 13:00:00,2017-04-25 15:00:00,31.59,0.3427515,15,1,4
Netherlands,13/11/2023 14:00,2023-11-13 15:00:00,80.13,0.8694105,15,0,11
Netherlands,2021-09-10 18:00:00,2021-09-10 20:00:00,159.31,1.7285135,20,4,9
Netherlands,2021-08-25 18:00:00,2021-08-25 20:00:00,150.1,1.6285849999999997,20,2,8
Netherlands,2018-02-18 13:00:00,2018-02-18 14:00:00,34.38,0.37302300000000005,14,6,2
Netherlands,2020-09-09 22:00:00,2020-09-10 00:00:00,28.98,0.314433,0,3,9
Netherlands,2019-06-15 17:00:00,2019-06-15 19:00:00,40.1,0.435085,19,5,6
Netherlands,2018-10-26 23:00:00,2018-10-27 01:00:00,42.58,0.46199299999999993,1,5,10
Netherlands,26/06/2024 02:00,2024-06-26 04:00:00,91.69,0.9948364999999999,4,2,6
Netherlands,2018-07-31 13:00:00,2018-07-31 15:00:00,53.1,0.576135,15,1,7
Netherlands,2021-12-13 18:00:00,2021-12-13 19:00:00,270.0,2.9295,19,0,12
Netherlands,2020-10-02 20:00:00,2020-10-02 22:00:00,35.07,0.3805095,22,4,10
Netherlands,09/07/2024 12:00,2024-07-09 14:00:00,4.34,0.047089,14,1,7
Netherlands,2021-06-13 23:00:00,2021-06-14 01:00:00,64.78,0.7028629999999999,1,0,6
Netherlands,2017-03-11 13:00:00,2017-03-11 14:00:00,30.03,0.3258255,14,5,3
Netherlands,2015-04-08 10:00:00,2015-04-08 12:00:00,50.0,0.5425,12,2,4
Netherlands,02/05/2024 08:00,2024-05-02 10:00:00,-10.0,-0.1085,10,3,5
Netherlands,2017-11-01 20:00:00,2017-11-01 21:00:00,34.9,0.378665,21,2,11
Netherlands,21/06/2024 11:00,2024-06-21 13:00:00,81.9,0.888615,13,4,6
Netherlands,01/11/2023 02:00,2023-11-01 03:00:00,48.7,0.528395,3,2,11
Netherlands,2023-07-05 23:00:00,2023-07-06 01:00:00,84.0,0.9114,1,3,7
Netherlands,2015-04-08 01:00:00,2015-04-08 03:00:00,31.38,0.34047299999999997,3,2,4
Netherlands,2020-10-08 22:00:00,2020-10-09 00:00:00,39.4,0.4274899999999999,0,4,10
Netherlands,2021-12-05 04:00:00,2021-12-05 05:00:00,112.77,1.2235544999999999,5,6,12
Netherlands,31/03/2024 09:00,2024-03-31 11:00:00,27.84,0.30206399999999994,11,6,3
Netherlands,2020-09-10 20:00:00,2020-09-10 22:00:00,49.89,0.5413065,22,3,9
Netherlands,21/01/2024 20:00,2024-01-21 21:00:00,57.0,0.6184499999999999,21,6,1
Netherlands,2023-04-30 17:00:00,2023-04-30 19:00:00,119.75,1.2992875,19,6,4
Netherlands,2021-07-25 15:00:00,2021-07-25 17:00:00,68.6,0.7443099999999999,17,6,7
Netherlands,2022-02-16 21:00:00,2022-02-16 22:00:00,153.9,1.669815,22,2,2
Netherlands,2019-10-17 18:00:00,2019-10-17 20:00:00,54.34,0.589589,20,3,10
Netherlands,2022-09-17 02:00:00,2022-09-17 04:00:00,75.86,0.8230810000000001,4,5,9
Netherlands,2019-12-03 17:00:00,2019-12-03 18:00:00,49.9,0.541415,18,1,12
Netherlands,2021-12-11 07:00:00,2021-12-11 08:00:00,266.62,2.8928269999999996,8,5,12
Netherlands,2019-01-02 15:00:00,2019-01-02 16:00:00,69.95,0.7589575,16,2,1
Netherlands,2023-05-01 07:00:00,2023-05-01 09:00:00,101.2,1.09802,9,0,5
Netherlands,2017-12-11 18:00:00,2017-12-11 19:00:00,41.0,0.44484999999999997,19,0,12
Netherlands,21/03/2024 14:00,2024-03-21 15:00:00,59.08,0.6410179999999999,15,3,3
Netherlands,2022-05-09 20:00:00,2022-05-09 22:00:00,237.08,2.572318,22,0,5
Netherlands,2015-10-21 08:00:00,2015-10-21 10:00:00,49.05,0.5321925,10,2,10
Netherlands,04/02/2024 15:00,2024-02-04 16:00:00,41.2,0.44702000000000003,16,6,2
Netherlands,2015-02-04 15:00:00,2015-02-04 16:00:00,49.92,0.541632,16,2,2
Netherlands,2023-02-22 14:00:00,2023-02-22 15:00:00,150.9,1.6372650000000002,15,2,2
Netherlands,2018-05-11 23:00:00,2018-05-12 01:00:00,36.4,0.39494,1,5,5
Netherlands,2018-09-28 17:00:00,2018-09-28 19:00:00,65.62,0.711977,19,4,9
Netherlands,2022-12-21 06:00:00,2022-12-21 07:00:00,253.16,2.746786,7,2,12
Netherlands,2017-12-19 05:00:00,2017-12-19 06:00:00,53.1,0.576135,6,1,12
Netherlands,2015-10-07 04:00:00,2015-10-07 06:00:00,34.3,0.37215499999999996,6,2,10
Netherlands,2022-01-03 18:00:00,2022-01-03 19:00:00,192.0,2.0831999999999997,19,0,1
Netherlands,2021-10-05 18:00:00,2021-10-05 20:00:00,185.92,2.017232,20,1,10
Netherlands,2017-04-14 21:00:00,2017-04-14 23:00:00,34.69,0.37638649999999996,23,4,4
Netherlands,2015-05-18 01:00:00,2015-05-18 03:00:00,28.04,0.304234,3,0,5
Netherlands,2015-02-13 13:00:00,2015-02-13 14:00:00,47.8,0.51863,14,4,2
Netherlands,2017-09-11 21:00:00,2017-09-11 23:00:00,37.16,0.40318599999999993,23,0,9
Netherlands,2020-09-25 17:00:00,2020-09-25 19:00:00,44.81,0.4861885,19,4,9
Netherlands,03/07/2024 07:00,2024-07-03 09:00:00,98.0,1.0633,9,2,7
Netherlands,2017-12-14 15:00:00,2017-12-14 16:00:00,57.0,0.6184499999999999,16,3,12
Netherlands,2022-01-11 16:00:00,2022-01-11 17:00:00,316.4,3.4329399999999994,17,1,1
Netherlands,2021-12-26 03:00:00,2021-12-26 04:00:00,126.66,1.374261,4,6,12
Netherlands,2023-07-03 13:00:00,2023-07-03 15:00:00,-10.0,-0.1085,15,0,7
Netherlands,30/11/2023 07:00,2023-11-30 08:00:00,219.27,2.3790795,8,3,11
Netherlands,2017-04-01 18:00:00,2017-04-01 20:00:00,39.6,0.42966000000000004,20,5,4
Netherlands,30/09/2024 12:00,2024-09-30 14:00:00,15.0,0.16275,14,0,9
Netherlands,2022-08-03 10:00:00,2022-08-03 12:00:00,92.0,0.9982,12,2,8
Netherlands,2020-12-30 08:00:00,2020-12-30 09:00:00,56.26,0.6104209999999999,9,2,12
Netherlands,2015-10-29 07:00:00,2015-10-29 08:00:00,56.03,0.6079254999999999,8,3,10
Netherlands,2020-10-17 09:00:00,2020-10-17 11:00:00,43.53,0.4723005,11,5,10
Netherlands,2022-06-08 04:00:00,2022-06-08 06:00:00,197.42,2.1420069999999996,6,2,6
Netherlands,2022-02-21 11:00:00,2022-02-21 12:00:00,192.57,2.0893844999999995,12,0,2
Netherlands,2018-06-11 21:00:00,2018-06-11 23:00:00,46.55,0.5050674999999999,23,0,6
Netherlands,2015-06-28 04:00:00,2015-06-28 06:00:00,15.08,0.16361799999999999,6,6,6
Netherlands,25/03/2024 03:00,2024-03-25 04:00:00,67.03,0.7272755,4,0,3
Netherlands,2019-08-09 01:00:00,2019-08-09 03:00:00,27.52,0.29859199999999997,3,4,8
Netherlands,2020-10-27 05:00:00,2020-10-27 06:00:00,40.5,0.439425,6,1,10
Netherlands,2015-01-05 14:00:00,2015-01-05 15:00:00,43.1,0.46763499999999997,15,0,1
Netherlands,2019-11-12 01:00:00,2019-11-12 02:00:00,34.3,0.37215499999999996,2,1,11
Netherlands,2023-07-19 10:00:00,2023-07-19 12:00:00,77.22,0.8378369999999999,12,2,7
Netherlands,2017-03-31 05:00:00,2017-03-31 07:00:00,37.95,0.4117575,7,4,3
Netherlands,2023-05-06 02:00:00,2023-05-06 04:00:00,89.93,0.9757405,4,5,5
Netherlands,2016-08-22 16:00:00,2016-08-22 18:00:00,36.59,0.3970015,18,0,8
Netherlands,2023-03-30 13:00:00,2023-03-30 15:00:00,8.53,0.09255049999999998,15,3,3
Netherlands,13/12/2023 15:00,2023-12-13 16:00:00,100.78,1.093463,16,2,12
Netherlands,2022-08-18 11:00:00,2022-08-18 13:00:00,444.0,4.817399999999999,13,3,8
Netherlands,2023-08-02 02:00:00,2023-08-02 04:00:00,69.99,0.7593915,4,2,8
Netherlands,30/04/2024 15:00,2024-04-30 17:00:00,65.52,0.710892,17,1,4
Netherlands,2022-12-17 22:00:00,2022-12-17 23:00:00,262.4,2.8470399999999993,23,5,12
Netherlands,2018-06-23 11:00:00,2018-06-23 13:00:00,48.78,0.529263,13,5,6
Netherlands,2022-04-21 16:00:00,2022-04-21 18:00:00,204.96,2.223816,18,3,4
Netherlands,2016-01-18 14:00:00,2016-01-18 15:00:00,49.33,0.5352305,15,0,1
Netherlands,2016-01-22 21:00:00,2016-01-22 22:00:00,24.53,0.2661505,22,4,1
Netherlands,2016-02-01 06:00:00,2016-02-01 07:00:00,35.9,0.389515,7,0,2
Netherlands,2015-11-18 20:00:00,2015-11-18 21:00:00,31.4,0.34069,21,2,11
Netherlands,2016-05-19 15:00:00,2016-05-19 17:00:00,32.35,0.3509975,17,3,5
Netherlands,2015-09-23 13:00:00,2015-09-23 15:00:00,44.13,0.47881049999999997,15,2,9
Netherlands,2016-07-30 19:00:00,2016-07-30 21:00:00,32.09,0.34817650000000006,21,5,7
Netherlands,2023-08-06 17:00:00,2023-08-06 19:00:00,72.61,0.7878185,19,6,8
Netherlands,2022-07-06 12:00:00,2022-07-06 14:00:00,172.44,1.870974,14,2,7
Netherlands,2017-05-30 12:00:00,2017-05-30 14:00:00,30.3,0.328755,14,1,5
Netherlands,2019-03-24 14:00:00,2019-03-24 15:00:00,23.79,0.25812149999999995,15,6,3
Netherlands,28/10/2023 21:00,2023-10-28 23:00:00,17.62,0.19117699999999999,23,5,10
Netherlands,2023-08-22 04:00:00,2023-08-22 06:00:00,126.78,1.3755629999999999,6,1,8
Netherlands,2019-01-26 00:00:00,2019-01-26 01:00:00,54.88,0.595448,1,5,1
Netherlands,2017-09-10 01:00:00,2017-09-10 03:00:00,27.99,0.30369149999999995,3,6,9
Netherlands,31/01/2024 18:00,2024-01-31 19:00:00,69.2,0.75082,19,2,1
Netherlands,2021-11-30 08:00:00,2021-11-30 09:00:00,200.0,2.17,9,1,11
Netherlands,2020-09-21 08:00:00,2020-09-21 10:00:00,43.04,0.46698399999999995,10,0,9
Netherlands,2017-09-06 04:00:00,2017-09-06 06:00:00,36.32,0.394072,6,2,9
Netherlands,2021-11-18 20:00:00,2021-11-18 21:00:00,200.1,2.171085,21,3,11
Netherlands,2021-04-25 15:00:00,2021-04-25 17:00:00,19.17,0.20799450000000003,17,6,4
Netherlands,2021-01-23 01:00:00,2021-01-23 02:00:00,44.38,0.48152300000000003,2,5,1
Netherlands,2015-09-17 18:00:00,2015-09-17 20:00:00,43.58,0.47284299999999996,20,3,9
Netherlands,2017-06-08 04:00:00,2017-06-08 06:00:00,32.77,0.3555545,6,3,6
Netherlands,2022-06-07 13:00:00,2022-06-07 15:00:00,163.87,1.7779895,15,1,6
Netherlands,2016-05-25 17:00:00,2016-05-25 19:00:00,36.61,0.39721850000000003,19,2,5
Netherlands,04/04/2024 09:00,2024-04-04 11:00:00,63.06,0.6842010000000001,11,3,4
Netherlands,2022-10-15 05:00:00,2022-10-15 07:00:00,159.8,1.7338300000000002,7,5,10
Netherlands,2015-01-13 12:00:00,2015-01-13 13:00:00,49.74,0.539679,13,1,1
Netherlands,2023-08-16 11:00:00,2023-08-16 13:00:00,84.51,0.9169335,13,2,8
Netherlands,2019-03-25 07:00:00,2019-03-25 08:00:00,41.18,0.446803,8,0,3
Netherlands,27/01/2024 20:00,2024-01-27 21:00:00,75.96,0.824166,21,5,1
Netherlands,2016-09-23 09:00:00,2016-09-23 11:00:00,33.08,0.35891799999999996,11,4,9
Netherlands,2015-08-31 07:00:00,2015-08-31 09:00:00,51.51,0.5588834999999999,9,0,8
Netherlands,2018-03-02 00:00:00,2018-03-02 01:00:00,39.94,0.433349,1,4,3
Netherlands,2020-12-22 14:00:00,2020-12-22 15:00:00,46.0,0.4991,15,1,12
Netherlands,2023-06-03 14:00:00,2023-06-03 16:00:00,0.01,0.0001085,16,5,6
Netherlands,2020-01-15 20:00:00,2020-01-15 21:00:00,29.9,0.32441499999999995,21,2,1
Netherlands,2023-09-19 14:00:00,2023-09-19 16:00:00,0.0,0.0,16,1,9
Netherlands,2018-04-01 10:00:00,2018-04-01 12:00:00,35.2,0.38192000000000004,12,6,4
Netherlands,2016-01-19 11:00:00,2016-01-19 12:00:00,58.98,0.639933,12,1,1
Netherlands,2017-07-27 09:00:00,2017-07-27 11:00:00,38.48,0.41750799999999993,11,3,7
Netherlands,2023-09-13 10:00:00,2023-09-13 12:00:00,90.9,0.986265,12,2,9
Netherlands,2016-12-09 00:00:00,2016-12-09 01:00:00,27.21,0.2952285,1,4,12
Netherlands,2021-12-19 18:00:00,2021-12-19 19:00:00,253.6,2.75156,19,6,12
Netherlands,2019-12-14 15:00:00,2019-12-14 16:00:00,36.35,0.39439749999999996,16,5,12
Netherlands,2016-01-12 03:00:00,2016-01-12 04:00:00,15.22,0.165137,4,1,1
Netherlands,2017-06-18 13:00:00,2017-06-18 15:00:00,27.4,0.29728999999999994,15,6,6
Netherlands,2017-09-27 14:00:00,2017-09-27 16:00:00,43.7,0.47414500000000004,16,2,9
Netherlands,2020-06-09 22:00:00,2020-06-10 00:00:00,26.09,0.2830765,0,2,6
Netherlands,2016-04-21 02:00:00,2016-04-21 04:00:00,19.84,0.21526399999999998,4,3,4
Netherlands,2017-08-06 00:00:00,2017-08-06 02:00:00,18.03,0.1956255,2,6,8
Netherlands,10/05/2024 14:00,2024-05-10 16:00:00,59.71,0.6478535,16,4,5
Netherlands,2015-01-12 02:00:00,2015-01-12 03:00:00,25.77,0.2796045,3,0,1
Netherlands,2019-11-02 07:00:00,2019-11-02 08:00:00,36.59,0.3970015,8,5,11
Netherlands,2023-08-14 03:00:00,2023-08-14 05:00:00,105.3,1.1425049999999999,5,0,8
Netherlands,2020-05-22 03:00:00,2020-05-22 05:00:00,14.5,0.157325,5,4,5
Netherlands,2018-01-16 21:00:00,2018-01-16 22:00:00,38.0,0.4123,22,1,1
Netherlands,2019-09-23 13:00:00,2019-09-23 15:00:00,40.59,0.4404015,15,0,9
Netherlands,2019-07-04 09:00:00,2019-07-04 11:00:00,30.89,0.33515649999999997,11,3,7
Netherlands,2016-10-31 00:00:00,2016-10-31 01:00:00,34.94,0.37909899999999996,1,0,10
Netherlands,2019-04-11 04:00:00,2019-04-11 06:00:00,47.91,0.5198235,6,3,4
Netherlands,2020-08-09 19:00:00,2020-08-09 21:00:00,38.99,0.42304149999999996,21,6,8
Netherlands,2021-07-29 00:00:00,2021-07-29 02:00:00,44.79,0.4859715,2,3,7
Netherlands,2019-11-04 06:00:00,2019-11-04 07:00:00,43.56,0.47262600000000005,7,0,11
Netherlands,2023-01-18 22:00:00,2023-01-18 23:00:00,111.46,1.209341,23,2,1
Netherlands,11/01/2024 15:00,2024-01-11 16:00:00,132.62,1.4389269999999998,16,3,1
Netherlands,2017-01-03 15:00:00,2017-01-03 16:00:00,40.9,0.44376499999999997,16,1,1
Netherlands,2016-10-26 02:00:00,2016-10-26 04:00:00,35.0,0.37975,4,2,10
Netherlands,2020-05-26 03:00:00,2020-05-26 05:00:00,21.6,0.23436,5,1,5
Netherlands,2016-07-13 00:00:00,2016-07-13 02:00:00,26.05,0.28264249999999996,2,2,7
Netherlands,2019-10-22 12:00:00,2019-10-22 14:00:00,42.0,0.4557,14,1,10
Netherlands,2019-03-07 06:00:00,2019-03-07 07:00:00,48.32,0.524272,7,3,3
Netherlands,2019-07-02 11:00:00,2019-07-02 13:00:00,40.1,0.435085,13,1,7
Netherlands,2016-05-26 11:00:00,2016-05-26 13:00:00,39.18,0.425103,13,3,5
Netherlands,2021-09-23 02:00:00,2021-09-23 04:00:00,70.06,0.7601509999999999,4,3,9
Netherlands,21/03/2024 00:00,2024-03-21 01:00:00,73.7,0.7996449999999999,1,3,3
Netherlands,2023-05-13 19:00:00,2023-05-13 21:00:00,113.48,1.231258,21,5,5
Netherlands,2020-11-02 04:00:00,2020-11-02 05:00:00,0.12,0.0013019999999999998,5,0,11
Netherlands,2023-04-11 11:00:00,2023-04-11 13:00:00,-18.0,-0.19529999999999997,13,1,4
Netherlands,2020-02-07 11:00:00,2020-02-07 12:00:00,37.16,0.40318599999999993,12,4,2
Netherlands,2016-12-21 20:00:00,2016-12-21 21:00:00,37.22,0.403837,21,2,12
Netherlands,2022-08-17 05:00:00,2022-08-17 07:00:00,593.9,6.443815,7,2,8
Netherlands,2022-03-21 11:00:00,2022-03-21 12:00:00,156.99,1.7033415,12,0,3
Netherlands,06/05/2024 07:00,2024-05-06 09:00:00,89.19,0.9677114999999998,9,0,5
Netherlands,29/12/2024 05:00,2024-12-29 06:00:00,98.16,1.0650359999999999,6,6,12
Netherlands,2018-06-30 15:00:00,2018-06-30 17:00:00,45.5,0.49367500000000003,17,5,6
Netherlands,2017-04-25 04:00:00,2017-04-25 06:00:00,37.03,0.4017755,6,1,4
Netherlands,2021-07-29 08:00:00,2021-07-29 10:00:00,9.83,0.1066555,10,3,7
Netherlands,2020-04-10 17:00:00,2020-04-10 19:00:00,31.43,0.34101549999999997,19,4,4
Netherlands,2016-10-30 23:00:00,2016-10-31 00:00:00,35.36,0.383656,0,0,10
Netherlands,2016-04-15 09:00:00,2016-04-15 11:00:00,30.0,0.3255,11,4,4
Netherlands,2016-05-04 18:00:00,2016-05-04 20:00:00,32.0,0.3472,20,2,5
Netherlands,2017-07-04 16:00:00,2017-07-04 18:00:00,40.0,0.434,18,1,7
Netherlands,2016-12-23 03:00:00,2016-12-23 04:00:00,29.72,0.32246199999999997,4,4,12
Netherlands,2021-11-02 11:00:00,2021-11-02 12:00:00,215.95,2.3430575,12,1,11
Netherlands,2015-10-31 14:00:00,2015-10-31 15:00:00,36.96,0.40101600000000004,15,5,10
Netherlands,2017-10-11 04:00:00,2017-10-11 06:00:00,38.93,0.4223905,6,2,10
Netherlands,2022-08-20 14:00:00,2022-08-20 16:00:00,348.37,3.7798145,16,5,8
Netherlands,2021-04-23 12:00:00,2021-04-23 14:00:00,38.73,0.42022049999999994,14,4,4
Netherlands,2023-01-22 21:00:00,2023-01-22 22:00:00,157.25,1.7061624999999998,22,6,1
Netherlands,21/10/2024 07:00,2024-10-21 09:00:00,103.9,1.127315,9,0,10
Netherlands,2018-04-06 10:00:00,2018-04-06 12:00:00,32.6,0.35370999999999997,12,4,4
Netherlands,2022-07-02 23:00:00,2022-07-03 01:00:00,241.15,2.6164775,1,6,7
Netherlands,2020-01-15 11:00:00,2020-01-15 12:00:00,30.64,0.332444,12,2,1
Netherlands,2023-05-12 21:00:00,2023-05-12 23:00:00,97.82,1.061347,23,4,5
Netherlands,2021-11-29 01:00:00,2021-11-29 02:00:00,155.63,1.6885854999999999,2,0,11
Netherlands,2018-10-30 04:00:00,2018-10-30 05:00:00,42.39,0.4599315,5,1,10
Netherlands,2020-10-19 12:00:00,2020-10-19 14:00:00,35.19,0.38181149999999997,14,0,10
Netherlands,2016-12-05 04:00:00,2016-12-05 05:00:00,33.85,0.3672725,5,0,12
Netherlands,2022-05-04 23:00:00,2022-05-05 01:00:00,208.44,2.261574,1,3,5
Netherlands,23/08/2024 17:00,2024-08-23 19:00:00,98.85,1.0725224999999998,19,4,8
Netherlands,2023-05-18 20:00:00,2023-05-18 22:00:00,109.61,1.1892684999999998,22,3,5
Netherlands,2016-11-12 07:00:00,2016-11-12 08:00:00,41.74,0.45287900000000003,8,5,11
Netherlands,2018-09-11 15:00:00,2018-09-11 17:00:00,85.66,0.929411,17,1,9
Netherlands,2018-04-13 09:00:00,2018-04-13 11:00:00,64.92,0.704382,11,4,4
Netherlands,2017-08-03 04:00:00,2017-08-03 06:00:00,28.58,0.31009299999999995,6,3,8
Netherlands,2018-03-10 17:00:00,2018-03-10 18:00:00,42.04,0.456134,18,5,3
Netherlands,2017-03-16 13:00:00,2017-03-16 14:00:00,30.19,0.3275615,14,3,3
Netherlands,2019-06-08 04:00:00,2019-06-08 06:00:00,23.5,0.254975,6,5,6
Netherlands,2015-06-30 16:00:00,2015-06-30 18:00:00,43.9,0.47631499999999993,18,1,6
Netherlands,2022-12-17 16:00:00,2022-12-17 17:00:00,335.42,3.639307,17,5,12
Netherlands,2021-11-19 01:00:00,2021-11-19 02:00:00,171.02,1.855567,2,4,11
Netherlands,2020-11-14 22:00:00,2020-11-14 23:00:00,21.55,0.23381749999999998,23,5,11
Netherlands,2016-11-20 13:00:00,2016-11-20 14:00:00,35.32,0.383222,14,6,11
Netherlands,2020-11-27 15:00:00,2020-11-27 16:00:00,84.04,0.911834,16,4,11
Netherlands,2015-07-14 23:00:00,2015-07-15 01:00:00,39.09,0.4241265,1,2,7
Netherlands,2018-03-13 05:00:00,2018-03-13 06:00:00,41.94,0.455049,6,1,3
Netherlands,2019-01-18 08:00:00,2019-01-18 09:00:00,74.4,0.80724,9,4,1
Netherlands,2016-10-28 19:00:00,2016-10-28 21:00:00,45.92,0.498232,21,4,10
Netherlands,2021-12-20 04:00:00,2021-12-20 05:00:00,294.0,3.1899,5,0,12
Netherlands,2015-01-23 15:00:00,2015-01-23 16:00:00,45.18,0.490203,16,4,1
Netherlands,2017-11-26 04:00:00,2017-11-26 05:00:00,33.8,0.36672999999999994,5,6,11
Netherlands,2019-09-16 13:00:00,2019-09-16 15:00:00,48.91,0.5306735,15,0,9
Netherlands,2015-05-01 13:00:00,2015-05-01 15:00:00,38.0,0.4123,15,4,5
Netherlands,2022-08-25 15:00:00,2022-08-25 17:00:00,686.8,7.4517799999999985,17,3,8
Netherlands,2016-04-24 02:00:00,2016-04-24 04:00:00,12.79,0.13877149999999996,4,6,4
Netherlands,2019-01-16 18:00:00,2019-01-16 19:00:00,50.92,0.5524819999999999,19,2,1
Netherlands,12/08/2024 06:00,2024-08-12 08:00:00,99.39,1.0783814999999999,8,0,8
Netherlands,2016-08-27 15:00:00,2016-08-27 17:00:00,28.41,0.3082485,17,5,8
Netherlands,11/03/2024 03:00,2024-03-11 04:00:00,60.1,0.652085,4,0,3
Netherlands,2021-04-01 06:00:00,2021-04-01 08:00:00,67.0,0.72695,8,3,4
Netherlands,2016-03-02 15:00:00,2016-03-02 16:00:00,28.56,0.309876,16,2,3
Netherlands,2016-06-26 02:00:00,2016-06-26 04:00:00,19.79,0.21472149999999998,4,6,6
Netherlands,2021-07-06 22:00:00,2021-07-07 00:00:00,82.34,0.893389,0,2,7
Netherlands,15/11/2024 15:00,2024-11-15 16:00:00,133.19,1.4451114999999999,16,4,11
Netherlands,13/07/2024 07:00,2024-07-13 09:00:00,20.97,0.2275245,9,5,7
Netherlands,2021-07-09 23:00:00,2021-07-10 01:00:00,80.86,0.877331,1,5,7
Netherlands,2018-09-07 06:00:00,2018-09-07 08:00:00,80.0,0.868,8,4,9
Netherlands,16/02/2024 23:00,2024-02-17 00:00:00,68.5,0.743225,0,5,2
Netherlands,2023-02-11 10:00:00,2023-02-11 11:00:00,130.6,1.4170099999999999,11,5,2
Netherlands,2021-09-07 05:00:00,2021-09-07 07:00:00,165.0,1.79025,7,1,9
Netherlands,2021-07-07 15:00:00,2021-07-07 17:00:00,100.29,1.0881465000000001,17,2,7
Netherlands,2023-04-01 03:00:00,2023-04-01 05:00:00,70.0,0.7595,5,5,4
Netherlands,2021-11-20 10:00:00,2021-11-20 11:00:00,188.0,2.0398,11,5,11
Netherlands,2017-03-26 13:00:00,2017-03-26 15:00:00,26.58,0.28839299999999995,15,6,3
Netherlands,2022-02-02 23:00:00,2022-02-03 00:00:00,155.66,1.6889109999999998,0,3,2
Netherlands,2017-05-04 09:00:00,2017-05-04 11:00:00,50.87,0.5519394999999999,11,3,5
Netherlands,2022-05-09 04:00:00,2022-05-09 06:00:00,240.0,2.604,6,0,5
Netherlands,2017-03-13 01:00:00,2017-03-13 02:00:00,27.93,0.3030405,2,0,3
Netherlands,2019-02-25 22:00:00,2019-02-25 23:00:00,40.4,0.43833999999999995,23,0,2
Netherlands,2017-04-27 21:00:00,2017-04-27 23:00:00,32.0,0.3472,23,3,4
Netherlands,2017-11-07 13:00:00,2017-11-07 14:00:00,56.93,0.6176904999999999,14,1,11
Netherlands,2017-08-23 02:00:00,2017-08-23 04:00:00,28.06,0.30445099999999997,4,2,8
Netherlands,28/07/2024 12:00,2024-07-28 14:00:00,-60.0,-0.651,14,6,7
Netherlands,2016-11-25 16:00:00,2016-11-25 17:00:00,54.94,0.5960989999999999,17,4,11
Netherlands,2023-07-30 07:00:00,2023-07-30 09:00:00,8.48,0.09200799999999999,9,6,7
Netherlands,2019-09-20 08:00:00,2019-09-20 10:00:00,49.48,0.536858,10,4,9
Netherlands,2015-02-03 16:00:00,2015-02-03 17:00:00,60.07,0.6517595,17,1,2
Netherlands,12/07/2024 05:00,2024-07-12 07:00:00,106.09,1.1510764999999998,7,4,7
Netherlands,2018-01-21 19:00:00,2018-01-21 20:00:00,47.79,0.5185215,20,6,1
Netherlands,2022-08-30 21:00:00,2022-08-30 23:00:00,556.19,6.0346615,23,1,8
Netherlands,2016-02-15 03:00:00,2016-02-15 04:00:00,12.68,0.137578,4,0,2
Netherlands,2022-12-12 23:00:00,2022-12-13 00:00:00,305.7,3.316845,0,1,12
Netherlands,2019-12-12 11:00:00,2019-12-12 12:00:00,49.0,0.53165,12,3,12
Netherlands,2019-11-06 13:00:00,2019-11-06 14:00:00,57.28,0.6214879999999999,14,2,11
Netherlands,2023-01-11 03:00:00,2023-01-11 04:00:00,0.0,0.0,4,2,1
Netherlands,2022-11-03 16:00:00,2022-11-03 17:00:00,134.32,1.457372,17,3,11
Netherlands,2018-08-26 08:00:00,2018-08-26 10:00:00,51.94,0.563549,10,6,8
Netherlands,2019-05-12 09:00:00,2019-05-12 11:00:00,38.2,0.41447,11,6,5
Netherlands,2022-02-06 05:00:00,2022-02-06 06:00:00,36.0,0.39059999999999995,6,6,2
Netherlands,2017-09-18 04:00:00,2017-09-18 06:00:00,43.89,0.47620650000000003,6,0,9
Netherlands,2022-05-19 08:00:00,2022-05-19 10:00:00,198.22,2.150687,10,3,5
Netherlands,2016-01-15 05:00:00,2016-01-15 06:00:00,27.32,0.29642199999999996,6,4,1
Netherlands,2015-05-26 16:00:00,2015-05-26 18:00:00,39.99,0.4338915,18,1,5
Netherlands,05/11/2023 18:00,2023-11-05 19:00:00,59.21,0.6424285,19,6,11
Netherlands,2015-06-25 19:00:00,2015-06-25 21:00:00,39.4,0.4274899999999999,21,3,6
Netherlands,2020-08-08 01:00:00,2020-08-08 03:00:00,29.52,0.32029199999999997,3,5,8
Netherlands,2015-01-31 10:00:00,2015-01-31 11:00:00,47.0,0.50995,11,5,1
Netherlands,2017-11-06 06:00:00,2017-11-06 07:00:00,37.88,0.410998,7,0,11
Netherlands,2020-11-01 18:00:00,2020-11-01 19:00:00,50.02,0.542717,19,6,11
Netherlands,2015-10-23 02:00:00,2015-10-23 04:00:00,30.32,0.328972,4,4,10
Netherlands,2018-09-29 14:00:00,2018-09-29 16:00:00,57.78,0.626913,16,5,9
Netherlands,21/11/2024 01:00,2024-11-21 02:00:00,86.8,0.94178,2,3,11
Netherlands,2016-03-20 21:00:00,2016-03-20 22:00:00,31.48,0.341558,22,6,3
Netherlands,2018-12-07 21:00:00,2018-12-07 22:00:00,46.03,0.4994255,22,4,12
Netherlands,2020-09-24 05:00:00,2020-09-24 07:00:00,49.55,0.5376175,7,3,9
Netherlands,2020-04-13 00:00:00,2020-04-13 02:00:00,1.72,0.018661999999999998,2,0,4
Netherlands,28/04/2024 11:00,2024-04-28 13:00:00,-63.89,-0.6932065000000001,13,6,4
Netherlands,2019-01-08 18:00:00,2019-01-08 19:00:00,48.38,0.524923,19,1,1
Netherlands,2022-07-12 07:00:00,2022-07-12 09:00:00,342.0,3.7106999999999997,9,1,7
Netherlands,2016-08-04 06:00:00,2016-08-04 08:00:00,33.05,0.3585925,8,3,8
Netherlands,2018-12-15 15:00:00,2018-12-15 16:00:00,59.39,0.6443814999999999,16,5,12
Netherlands,2023-06-23 03:00:00,2023-06-23 05:00:00,94.56,1.0259759999999998,5,4,6
Netherlands,2019-05-04 15:00:00,2019-05-04 17:00:00,39.2,0.42532,17,5,5
Netherlands,2016-05-08 07:00:00,2016-05-08 09:00:00,15.01,0.1628585,9,6,5
Netherlands,11/08/2024 01:00,2024-08-11 03:00:00,101.46,1.100841,3,6,8
Netherlands,2021-07-18 16:00:00,2021-07-18 18:00:00,58.02,0.6295170000000001,18,6,7
Netherlands,2023-08-29 09:00:00,2023-08-29 11:00:00,95.3,1.0340049999999998,11,1,8
Netherlands,2023-09-09 21:00:00,2023-09-09 23:00:00,103.16,1.1192859999999998,23,5,9
Netherlands,2023-04-23 02:00:00,2023-04-23 04:00:00,86.64,0.940044,4,6,4
Netherlands,2016-02-23 01:00:00,2016-02-23 02:00:00,21.12,0.22915200000000002,2,1,2
Netherlands,2022-06-29 23:00:00,2022-06-30 01:00:00,272.58,2.957493,1,3,6
Netherlands,2018-07-16 21:00:00,2018-07-16 23:00:00,51.84,0.5624640000000001,23,0,7
Netherlands,2022-07-24 12:00:00,2022-07-24 14:00:00,-46.04,-0.499534,14,6,7
Netherlands,2022-03-14 08:00:00,2022-03-14 09:00:00,277.73,3.0133705,9,0,3
Netherlands,2017-11-03 23:00:00,2017-11-04 00:00:00,52.4,0.5685399999999999,0,5,11
Netherlands,2021-01-10 11:00:00,2021-01-10 12:00:00,46.3,0.502355,12,6,1
Netherlands,2017-06-24 13:00:00,2017-06-24 15:00:00,28.66,0.310961,15,5,6
Netherlands,25/08/2024 21:00,2024-08-25 23:00:00,92.49,1.0035165,23,6,8
Netherlands,05/07/2024 08:00,2024-07-05 10:00:00,2.96,0.032116,10,4,7
Netherlands,2023-09-27 10:00:00,2023-09-27 12:00:00,90.2,0.9786699999999999,12,2,9
Netherlands,2019-02-08 07:00:00,2019-02-08 08:00:00,57.83,0.6274554999999999,8,4,2
Netherlands,2018-01-08 17:00:00,2018-01-08 18:00:00,37.5,0.406875,18,0,1
Netherlands,2022-01-05 11:00:00,2022-01-05 12:00:00,198.63,2.1551354999999996,12,2,1
Netherlands,2022-02-26 12:00:00,2022-02-26 13:00:00,178.97,1.9418244999999998,13,5,2
Netherlands,2021-04-26 12:00:00,2021-04-26 14:00:00,42.49,0.4610165,14,0,4
Netherlands,2018-05-28 06:00:00,2018-05-28 08:00:00,59.9,0.6499149999999999,8,0,5
Netherlands,2015-09-25 17:00:00,2015-09-25 19:00:00,46.7,0.506695,19,4,9
Netherlands,2018-01-17 16:00:00,2018-01-17 17:00:00,55.43,0.6014155,17,2,1
Netherlands,2022-11-17 07:00:00,2022-11-17 08:00:00,223.0,2.4195499999999996,8,3,11
Netherlands,2015-06-06 23:00:00,2015-06-07 01:00:00,29.36,0.318556,1,6,6
Netherlands,2016-08-27 08:00:00,2016-08-27 10:00:00,31.29,0.3394965,10,5,8
Netherlands,2019-05-09 18:00:00,2019-05-09 20:00:00,55.0,0.59675,20,3,5
Netherlands,03/10/2023 08:00,2023-10-03 10:00:00,119.92,1.301132,10,1,10
Netherlands,2017-01-19 18:00:00,2017-01-19 19:00:00,91.37,0.9913645,19,3,1
Netherlands,2017-12-05 08:00:00,2017-12-05 09:00:00,59.9,0.6499149999999999,9,1,12
Netherlands,2020-09-05 23:00:00,2020-09-06 01:00:00,31.0,0.33635,1,6,9
Netherlands,2023-03-29 14:00:00,2023-03-29 16:00:00,105.9,1.1490150000000001,16,2,3
Netherlands,2017-10-15 06:00:00,2017-10-15 08:00:00,34.22,0.371287,8,6,10
Netherlands,2020-03-29 01:00:00,2020-03-29 03:00:00,6.6,0.07161,3,6,3
Netherlands,2021-03-08 02:00:00,2021-03-08 03:00:00,43.02,0.466767,3,0,3
Netherlands,2020-10-14 05:00:00,2020-10-14 07:00:00,49.5,0.537075,7,2,10
Netherlands,2015-12-09 22:00:00,2015-12-09 23:00:00,26.61,0.2887185,23,2,12
Netherlands,2019-10-12 16:00:00,2019-10-12 18:00:00,41.98,0.45548299999999997,18,5,10
Netherlands,2015-05-18 00:00:00,2015-05-18 02:00:00,29.93,0.3247405,2,0,5
Netherlands,2016-02-23 23:00:00,2016-02-24 00:00:00,23.99,0.2602915,0,2,2
Netherlands,2019-09-13 15:00:00,2019-09-13 17:00:00,42.48,0.460908,17,4,9
Netherlands,02/12/2023 10:00,2023-12-02 11:00:00,126.24,1.369704,11,5,12
Netherlands,2018-03-11 15:00:00,2018-03-11 16:00:00,27.4,0.29728999999999994,16,6,3
Netherlands,12/08/2024 12:00,2024-08-12 14:00:00,-10.06,-0.109151,14,0,8
Netherlands,2019-03-30 20:00:00,2019-03-30 21:00:00,40.53,0.4397505,21,5,3
Netherlands,2020-12-01 00:00:00,2020-12-01 01:00:00,34.0,0.36889999999999995,1,1,12
Netherlands,2017-01-04 06:00:00,2017-01-04 07:00:00,32.6,0.35370999999999997,7,2,1
Netherlands,2022-06-18 00:00:00,2022-06-18 02:00:00,215.17,2.3345944999999997,2,5,6
Netherlands,2021-03-06 15:00:00,2021-03-06 16:00:00,40.27,0.4369295,16,5,3
Netherlands,2018-03-08 05:00:00,2018-03-08 06:00:00,41.47,0.4499495,6,3,3
Netherlands,2022-12-04 08:00:00,2022-12-04 09:00:00,293.19,3.1811115,9,6,12
Netherlands,10/01/2024 04:00,2024-01-10 05:00:00,77.9,0.845215,5,2,1
Netherlands,2016-10-17 23:00:00,2016-10-18 01:00:00,31.53,0.34210050000000003,1,1,10
Netherlands,2015-12-16 11:00:00,2015-12-16 12:00:00,42.32,0.45917199999999997,12,2,12
Netherlands,2022-07-01 23:00:00,2022-07-02 01:00:00,255.0,2.76675,1,5,7
Netherlands,2023-06-06 17:00:00,2023-06-06 19:00:00,78.24,0.8489039999999999,19,1,6
Netherlands,2020-11-13 11:00:00,2020-11-13 12:00:00,43.99,0.4772915,12,4,11
Netherlands,2015-09-25 23:00:00,2015-09-26 01:00:00,50.21,0.5447785,1,5,9
Netherlands,22/09/2024 05:00,2024-09-22 07:00:00,98.2,1.06547,7,6,9
Netherlands,2019-11-23 09:00:00,2019-11-23 10:00:00,52.09,0.5651765000000001,10,5,11
Netherlands,2016-02-21 20:00:00,2016-02-21 21:00:00,17.37,0.1884645,21,6,2
Netherlands,2017-08-14 02:00:00,2017-08-14 04:00:00,25.28,0.27428800000000003,4,0,8
Netherlands,2020-02-23 21:00:00,2020-02-23 22:00:00,31.8,0.34502999999999995,22,6,2
Netherlands,2022-10-18 18:00:00,2022-10-18 20:00:00,198.58,2.1545929999999998,20,1,10
Netherlands,2015-10-07 12:00:00,2015-10-07 14:00:00,45.94,0.498449,14,2,10
Netherlands,2019-07-16 19:00:00,2019-07-16 21:00:00,49.19,0.5337115,21,1,7
Netherlands,2017-08-19 11:00:00,2017-08-19 13:00:00,28.0,0.3038,13,5,8
Netherlands,2021-02-11 14:00:00,2021-02-11 15:00:00,71.93,0.7804405000000001,15,3,2
Netherlands,2019-04-20 07:00:00,2019-04-20 09:00:00,37.7,0.409045,9,5,4
Netherlands,2017-08-06 12:00:00,2017-08-06 14:00:00,19.9,0.21591499999999997,14,6,8
Netherlands,2018-05-16 06:00:00,2018-05-16 08:00:00,75.0,0.81375,8,2,5
Netherlands,2019-06-18 04:00:00,2019-06-18 06:00:00,40.16,0.43573599999999996,6,1,6
Netherlands,2016-09-12 09:00:00,2016-09-12 11:00:00,48.21,0.5230785,11,0,9
Netherlands,2021-08-31 07:00:00,2021-08-31 09:00:00,135.84,1.473864,9,1,8
Netherlands,2017-04-06 15:00:00,2017-04-06 17:00:00,32.12,0.348502,17,3,4
Netherlands,2016-11-21 00:00:00,2016-11-21 01:00:00,32.12,0.348502,1,0,11
Netherlands,2019-11-21 12:00:00,2019-11-21 13:00:00,56.92,0.617582,13,3,11
Netherlands,2023-06-01 23:00:00,2023-06-02 01:00:00,79.4,0.86149,1,4,6
Netherlands,2018-12-16 09:00:00,2018-12-16 10:00:00,77.84,0.844564,10,6,12
Netherlands,2022-09-26 12:00:00,2022-09-26 14:00:00,169.3,1.836905,14,0,9
Netherlands,2018-11-26 15:00:00,2018-11-26 16:00:00,100.02,1.0852169999999999,16,0,11
Netherlands,2018-01-06 05:00:00,2018-01-06 06:00:00,30.0,0.3255,6,5,1
Netherlands,2017-10-21 08:00:00,2017-10-21 10:00:00,47.71,0.5176535,10,5,10
Netherlands,2018-08-06 20:00:00,2018-08-06 22:00:00,71.61,0.7769685,22,0,8
Netherlands,2018-03-11 21:00:00,2018-03-11 22:00:00,32.59,0.35360150000000007,22,6,3
Netherlands,2017-07-30 07:00:00,2017-07-30 09:00:00,23.66,0.256711,9,6,7
Netherlands,2023-05-08 15:00:00,2023-05-08 17:00:00,97.05,1.0529924999999998,17,0,5
Netherlands,2020-09-03 12:00:00,2020-09-03 14:00:00,30.47,0.3305995,14,3,9
Netherlands,2017-11-16 14:00:00,2017-11-16 15:00:00,52.7,0.5717949999999999,15,3,11
Netherlands,27/12/2024 09:00,2024-12-27 10:00:00,120.1,1.3030849999999998,10,4,12
Netherlands,2020-01-14 19:00:00,2020-01-14 20:00:00,30.0,0.3255,20,1,1
Netherlands,2015-04-30 12:00:00,2015-04-30 14:00:00,45.88,0.497798,14,3,4
Netherlands,2022-01-30 18:00:00,2022-01-30 19:00:00,187.8,2.03763,19,6,1
Netherlands,2020-05-18 11:00:00,2020-05-18 13:00:00,13.94,0.151249,13,0,5
Netherlands,2017-01-24 18:00:00,2017-01-24 19:00:00,92.94,1.0083989999999998,19,1,1
Netherlands,2018-02-16 16:00:00,2018-02-16 17:00:00,46.5,0.504525,17,4,2
Netherlands,2019-04-02 23:00:00,2019-04-03 01:00:00,31.5,0.341775,1,2,4
Netherlands,2022-07-15 07:00:00,2022-07-15 09:00:00,331.95,3.6016575,9,4,7
Netherlands,2021-08-18 02:00:00,2021-08-18 04:00:00,68.31,0.7411635,4,2,8
Netherlands,2022-08-11 11:00:00,2022-08-11 13:00:00,269.86,2.9279810000000004,13,3,8
Netherlands,2018-09-18 20:00:00,2018-09-18 22:00:00,68.81,0.7465885,22,1,9
Netherlands,2016-10-17 07:00:00,2016-10-17 09:00:00,47.25,0.5126625,9,0,10
Netherlands,2017-12-01 14:00:00,2017-12-01 15:00:00,64.19,0.6964615,15,4,12
Netherlands,2018-08-09 18:00:00,2018-08-09 20:00:00,52.36,0.568106,20,3,8
Netherlands,2022-10-21 18:00:00,2022-10-21 20:00:00,129.66,1.4068109999999998,20,4,10
Netherlands,2015-10-16 23:00:00,2015-10-17 01:00:00,34.07,0.3696595,1,5,10
Netherlands,2019-07-05 05:00:00,2019-07-05 07:00:00,42.89,0.4653565,7,4,7
Netherlands,2018-04-25 00:00:00,2018-04-25 02:00:00,18.8,0.20398,2,2,4
Netherlands,2020-12-18 04:00:00,2020-12-18 05:00:00,35.83,0.3887555,5,4,12
Netherlands,14/01/2024 13:00,2024-01-14 14:00:00,79.15,0.8587775000000001,14,6,1
Netherlands,2017-06-28 01:00:00,2017-06-28 03:00:00,26.02,0.282317,3,2,6
Netherlands,2022-11-01 20:00:00,2022-11-01 21:00:00,78.6,0.85281,21,1,11
Netherlands,2023-09-12 15:00:00,2023-09-12 17:00:00,139.57,1.5143345,17,1,9
Netherlands,2017-10-14 20:00:00,2017-10-14 22:00:00,39.07,0.4239095,22,5,10
Netherlands,2021-08-23 05:00:00,2021-08-23 07:00:00,111.29,1.2074965,7,0,8
Netherlands,2022-03-29 15:00:00,2022-03-29 17:00:00,246.53,2.6748505,17,1,3
Netherlands,2015-10-17 00:00:00,2015-10-17 02:00:00,33.49,0.36336650000000004,2,5,10
Netherlands,06/01/2024 16:00,2024-01-06 17:00:00,104.69,1.1358864999999998,17,5,1
Netherlands,2016-12-24 09:00:00,2016-12-24 10:00:00,51.23,0.5558454999999999,10,5,12
Netherlands,2017-04-23 07:00:00,2017-04-23 09:00:00,32.0,0.3472,9,6,4
Netherlands,2021-03-24 00:00:00,2021-03-24 01:00:00,44.8,0.4860799999999999,1,2,3
Netherlands,2019-09-11 17:00:00,2019-09-11 19:00:00,39.67,0.4304195,19,2,9
Netherlands,07/02/2024 13:00,2024-02-07 14:00:00,75.38,0.817873,14,2,2
Netherlands,2017-10-23 21:00:00,2017-10-23 23:00:00,37.4,0.40579,23,0,10
Netherlands,2020-03-12 01:00:00,2020-03-12 02:00:00,11.05,0.1198925,2,3,3
Netherlands,2017-11-29 03:00:00,2017-11-29 04:00:00,33.7,0.36564500000000005,4,2,11
Netherlands,2018-01-25 23:00:00,2018-01-26 00:00:00,37.23,0.4039454999999999,0,4,1
Netherlands,2017-12-07 16:00:00,2017-12-07 17:00:00,73.46,0.7970409999999999,17,3,12
Netherlands,2019-06-27 07:00:00,2019-06-27 09:00:00,36.5,0.39602499999999996,9,3,6
Netherlands,10/11/2023 10:00,2023-11-10 11:00:00,98.0,1.0633,11,4,11
Netherlands,2016-09-07 03:00:00,2016-09-07 05:00:00,23.68,0.256928,5,2,9
Netherlands,2019-09-13 14:00:00,2019-09-13 16:00:00,37.53,0.40720049999999997,16,4,9
Netherlands,2022-03-29 20:00:00,2022-03-29 22:00:00,211.31,2.2927134999999996,22,1,3
Netherlands,2018-01-07 14:00:00,2018-01-07 15:00:00,29.57,0.32083449999999997,15,6,1
Netherlands,2015-01-13 09:00:00,2015-01-13 10:00:00,55.95,0.6070575,10,1,1
Netherlands,2022-02-12 09:00:00,2022-02-12 10:00:00,115.88,1.257298,10,5,2
Netherlands,2018-02-17 19:00:00,2018-02-17 20:00:00,45.95,0.4985575,20,5,2
Netherlands,2019-04-30 01:00:00,2019-04-30 03:00:00,35.24,0.38235399999999997,3,1,4
Netherlands,2019-05-05 22:00:00,2019-05-06 00:00:00,52.33,0.5677804999999999,0,0,5
Netherlands,2020-07-12 13:00:00,2020-07-12 15:00:00,15.8,0.17143,15,6,7
Netherlands,2017-02-10 00:00:00,2017-02-10 01:00:00,37.71,0.4091535,1,4,2
Netherlands,2019-08-16 20:00:00,2019-08-16 22:00:00,36.76,0.3988459999999999,22,4,8
Netherlands,2015-01-27 03:00:00,2015-01-27 04:00:00,32.44,0.351974,4,1,1
Netherlands,2019-04-18 17:00:00,2019-04-18 19:00:00,49.31,0.5350135,19,3,4
Netherlands,2018-11-03 04:00:00,2018-11-03 05:00:00,44.81,0.4861885,5,5,11
Netherlands,2023-04-12 02:00:00,2023-04-12 04:00:00,45.5,0.49367500000000003,4,2,4
Netherlands,2020-01-25 07:00:00,2020-01-25 08:00:00,39.9,0.43291499999999994,8,5,1
Netherlands,27/11/2024 07:00,2024-11-27 08:00:00,166.0,1.8011,8,2,11
Netherlands,2023-06-14 07:00:00,2023-06-14 09:00:00,103.32,1.121022,9,2,6
Netherlands,01/11/2023 14:00,2023-11-01 15:00:00,63.51,0.6890835,15,2,11
Netherlands,2019-10-24 09:00:00,2019-10-24 11:00:00,46.93,0.5091905,11,3,10
Netherlands,2016-01-24 04:00:00,2016-01-24 05:00:00,23.41,0.2539985,5,6,1
Netherlands,2020-10-11 07:00:00,2020-10-11 09:00:00,36.64,0.397544,9,6,10
Netherlands,2018-01-31 00:00:00,2018-01-31 01:00:00,31.0,0.33635,1,2,1
Netherlands,14/09/2024 14:00,2024-09-14 16:00:00,10.33,0.1120805,16,5,9
Netherlands,2022-01-04 20:00:00,2022-01-04 21:00:00,154.99,1.6816415,21,1,1
Netherlands,11/02/2024 21:00,2024-02-11 22:00:00,68.39,0.7420315,22,6,2
Netherlands,2021-03-03 05:00:00,2021-03-03 06:00:00,58.99,0.6400415,6,2,3
Netherlands,2015-09-15 10:00:00,2015-09-15 12:00:00,45.54,0.49410899999999996,12,1,9
Netherlands,18/01/2024 13:00,2024-01-18 14:00:00,86.61,0.9397184999999999,14,3,1
Netherlands,2017-08-01 21:00:00,2017-08-01 23:00:00,31.69,0.3438365,23,1,8
Netherlands,2023-04-25 02:00:00,2023-04-25 04:00:00,91.8,0.99603,4,1,4
Netherlands,2015-04-24 20:00:00,2015-04-24 22:00:00,39.11,0.4243435,22,4,4
Netherlands,2019-07-13 00:00:00,2019-07-13 02:00:00,36.87,0.4000395,2,5,7
Netherlands,2017-03-09 03:00:00,2017-03-09 04:00:00,29.28,0.31768799999999997,4,3,3
Netherlands,2020-02-10 13:00:00,2020-02-10 14:00:00,27.4,0.29728999999999994,14,0,2
Netherlands,2020-09-17 07:00:00,2020-09-17 09:00:00,52.86,0.5735309999999999,9,3,9
Netherlands,2015-03-30 01:00:00,2015-03-30 03:00:00,22.61,0.24531849999999997,3,0,3
Netherlands,2018-07-25 10:00:00,2018-07-25 12:00:00,60.5,0.6564249999999999,12,2,7
Netherlands,2018-05-26 19:00:00,2018-05-26 21:00:00,44.68,0.484778,21,5,5
Netherlands,2020-08-11 15:00:00,2020-08-11 17:00:00,41.19,0.4469114999999999,17,1,8
Netherlands,2019-03-10 03:00:00,2019-03-10 04:00:00,54.4,0.59024,4,6,3
Netherlands,2017-03-13 17:00:00,2017-03-13 18:00:00,49.9,0.541415,18,0,3
Netherlands,2020-10-20 00:00:00,2020-10-20 02:00:00,26.97,0.29262449999999995,2,1,10
Netherlands,2021-02-14 01:00:00,2021-02-14 02:00:00,42.5,0.461125,2,6,2
Netherlands,12/09/2024 03:00,2024-09-12 05:00:00,84.6,0.9179099999999999,5,3,9
Netherlands,03/01/2024 00:00,2024-01-03 01:00:00,-1.61,-0.017468499999999998,1,2,1
Netherlands,2020-09-10 17:00:00,2020-09-10 19:00:00,78.01,0.8464085,19,3,9
Netherlands,2022-12-07 00:00:00,2022-12-07 01:00:00,293.7,3.186645,1,2,12
Netherlands,2020-01-22 00:00:00,2020-01-22 01:00:00,29.99,0.32539149999999994,1,2,1
Netherlands,2016-10-12 03:00:00,2016-10-12 05:00:00,28.04,0.304234,5,2,10
Netherlands,2016-09-14 03:00:00,2016-09-14 05:00:00,23.14,0.251069,5,2,9
Netherlands,2016-10-24 14:00:00,2016-10-24 16:00:00,57.68,0.6258279999999999,16,0,10
Netherlands,2015-08-29 06:00:00,2015-08-29 08:00:00,38.17,0.41414449999999997,8,5,8
Netherlands,2016-01-21 19:00:00,2016-01-21 20:00:00,48.6,0.52731,20,3,1
Netherlands,2018-01-10 05:00:00,2018-01-10 06:00:00,34.87,0.3783395,6,2,1
Netherlands,2021-11-19 20:00:00,2021-11-19 21:00:00,195.0,2.11575,21,4,11
Netherlands,2015-04-24 13:00:00,2015-04-24 15:00:00,39.94,0.433349,15,4,4
Netherlands,2020-10-08 07:00:00,2020-10-08 09:00:00,46.94,0.509299,9,3,10
Netherlands,2017-11-28 10:00:00,2017-11-28 11:00:00,43.95,0.4768575,11,1,11
Netherlands,2021-06-18 15:00:00,2021-06-18 17:00:00,83.85,0.9097724999999999,17,4,6
Netherlands,2015-04-21 08:00:00,2015-04-21 10:00:00,50.13,0.5439105,10,1,4
Netherlands,2020-06-09 10:00:00,2020-06-09 12:00:00,42.75,0.46383749999999996,12,1,6
Netherlands,2022-09-06 14:00:00,2022-09-06 16:00:00,434.52,4.714542,16,1,9
Netherlands,2020-05-28 08:00:00,2020-05-28 10:00:00,19.92,0.21613200000000002,10,3,5
Netherlands,2021-05-15 00:00:00,2021-05-15 02:00:00,64.0,0.6944,2,5,5
Netherlands,2016-08-05 10:00:00,2016-08-05 12:00:00,36.0,0.39059999999999995,12,4,8
Netherlands,2015-11-06 22:00:00,2015-11-06 23:00:00,32.1,0.348285,23,4,11
Netherlands,2020-08-29 20:00:00,2020-08-29 22:00:00,43.0,0.46655,22,5,8
Netherlands,2020-09-17 19:00:00,2020-09-17 21:00:00,53.16,0.5767859999999999,21,3,9
Netherlands,11/10/2023 01:00,2023-10-11 03:00:00,0.06,0.0006509999999999999,3,2,10
Netherlands,2021-12-31 04:00:00,2021-12-31 05:00:00,0.04,0.000434,5,4,12
Netherlands,2020-12-03 09:00:00,2020-12-03 10:00:00,62.57,0.6788845,10,3,12
Netherlands,2022-08-09 04:00:00,2022-08-09 06:00:00,382.92,4.154682,6,1,8
Netherlands,2017-11-11 02:00:00,2017-11-11 03:00:00,32.62,0.353927,3,5,11
Netherlands,2023-09-15 16:00:00,2023-09-15 18:00:00,149.2,1.61882,18,4,9
Netherlands,2020-12-02 22:00:00,2020-12-02 23:00:00,37.67,0.40871949999999996,23,2,12
Netherlands,2021-12-01 20:00:00,2021-12-01 21:00:00,239.9,2.602915,21,2,12
Netherlands,2021-09-23 12:00:00,2021-09-23 14:00:00,78.0,0.8462999999999999,14,3,9
Netherlands,2020-07-18 12:00:00,2020-07-18 14:00:00,16.7,0.181195,14,5,7
Netherlands,2022-11-06 13:00:00,2022-11-06 14:00:00,90.46,0.9814909999999999,14,6,11
Netherlands,2022-02-13 00:00:00,2022-02-13 01:00:00,170.0,1.8445,1,6,2
Netherlands,2017-03-28 14:00:00,2017-03-28 16:00:00,30.05,0.3260425,16,1,3
Netherlands,2016-12-09 13:00:00,2016-12-09 14:00:00,37.44,0.406224,14,4,12
Netherlands,2022-05-28 05:00:00,2022-05-28 07:00:00,72.0,0.7811999999999999,7,5,5
Netherlands,2019-03-06 08:00:00,2019-03-06 09:00:00,54.26,0.588721,9,2,3
Netherlands,09/09/2024 03:00,2024-09-09 05:00:00,85.31,0.9256135000000001,5,0,9
Netherlands,2019-10-29 17:00:00,2019-10-29 18:00:00,66.18,0.718053,18,1,10
Netherlands,2023-02-27 20:00:00,2023-02-27 21:00:00,160.3,1.7392550000000002,21,0,2
Netherlands,2016-07-14 12:00:00,2016-07-14 14:00:00,25.61,0.27786849999999996,14,3,7
Netherlands,14/10/2023 15:00,2023-10-14 17:00:00,68.13,0.7392104999999999,17,5,10
Netherlands,2019-06-04 14:00:00,2019-06-04 16:00:00,36.65,0.39765249999999996,16,1,6
Netherlands,2021-04-07 02:00:00,2021-04-07 04:00:00,39.52,0.428792,4,2,4
Netherlands,2021-08-23 16:00:00,2021-08-23 18:00:00,105.0,1.13925,18,0,8
Netherlands,03/01/2025 16:00,2025-01-03 17:00:00,149.93,1.6267405000000001,17,4,1
Netherlands,16/10/2024 23:00,2024-10-17 01:00:00,12.15,0.1318275,1,3,10
Netherlands,30/10/2024 06:00,2024-10-30 07:00:00,129.33,1.4032305,7,2,10
Netherlands,2022-11-06 01:00:00,2022-11-06 02:00:00,49.07,0.5324095,2,6,11
Netherlands,2023-04-27 08:00:00,2023-04-27 10:00:00,90.6,0.9830099999999998,10,3,4
Netherlands,18/05/2024 13:00,2024-05-18 15:00:00,-1.92,-0.020831999999999996,15,5,5
Netherlands,2019-04-01 17:00:00,2019-04-01 19:00:00,45.1,0.48933499999999996,19,0,4
Netherlands,2018-04-14 18:00:00,2018-04-14 20:00:00,47.4,0.5142899999999999,20,5,4
Netherlands,2020-05-23 20:00:00,2020-05-23 22:00:00,14.56,0.157976,22,5,5
Netherlands,2020-04-23 05:00:00,2020-04-23 07:00:00,40.99,0.4447415,7,3,4
Netherlands,2019-03-06 12:00:00,2019-03-06 13:00:00,47.59,0.5163515,13,2,3
Netherlands,2018-11-12 23:00:00,2018-11-13 00:00:00,48.0,0.5207999999999999,0,1,11
Netherlands,2019-02-13 08:00:00,2019-02-13 09:00:00,62.97,0.6832244999999999,9,2,2
Netherlands,2018-05-17 03:00:00,2018-05-17 05:00:00,32.4,0.35153999999999996,5,3,5
Netherlands,2019-06-22 05:00:00,2019-06-22 07:00:00,32.36,0.351106,7,5,6
Netherlands,2016-01-01 22:00:00,2016-01-01 23:00:00,24.57,0.2665845,23,4,1
Netherlands,2015-04-24 18:00:00,2015-04-24 20:00:00,41.52,0.450492,20,4,4
Netherlands,2019-03-17 18:00:00,2019-03-17 19:00:00,49.72,0.539462,19,6,3
Netherlands,2020-07-25 16:00:00,2020-07-25 18:00:00,28.9,0.313565,18,5,7
Netherlands,2022-08-15 20:00:00,2022-08-15 22:00:00,507.0,5.50095,22,0,8
Netherlands,2020-01-24 22:00:00,2020-01-24 23:00:00,33.5,0.363475,23,4,1
Netherlands,2023-09-29 06:00:00,2023-09-29 08:00:00,130.05,1.4110425,8,4,9
Netherlands,2019-11-27 13:00:00,2019-11-27 14:00:00,43.67,0.4738195,14,2,11
Netherlands,2017-09-06 22:00:00,2017-09-07 00:00:00,36.2,0.39277000000000006,0,3,9
Netherlands,2023-01-25 08:00:00,2023-01-25 09:00:00,225.0,2.44125,9,2,1
Netherlands,2019-11-27 00:00:00,2019-11-27 01:00:00,35.32,0.383222,1,2,11
Netherlands,2017-06-21 20:00:00,2017-06-21 22:00:00,44.05,0.47794249999999994,22,2,6
Netherlands,2022-06-03 08:00:00,2022-06-03 10:00:00,148.07,1.6065595,10,4,6
Netherlands,2022-06-10 04:00:00,2022-06-10 06:00:00,207.91,2.2558235,6,4,6
Netherlands,2015-02-16 22:00:00,2015-02-16 23:00:00,48.42,0.525357,23,0,2
Netherlands,24/02/2024 07:00,2024-02-24 08:00:00,64.4,0.69874,8,5,2
Netherlands,2018-08-24 06:00:00,2018-08-24 08:00:00,68.76,0.7460460000000001,8,4,8
Netherlands,29/03/2024 05:00,2024-03-29 06:00:00,22.02,0.238917,6,4,3
Netherlands,2017-03-01 02:00:00,2017-03-01 03:00:00,30.63,0.33233549999999995,3,2,3
Netherlands,2021-04-01 14:00:00,2021-04-01 16:00:00,42.97,0.4662245,16,3,4
Netherlands,2022-11-30 09:00:00,2022-11-30 10:00:00,474.71,5.150603499999999,10,2,11
Netherlands,2022-04-02 02:00:00,2022-04-02 04:00:00,227.6,2.46946,4,5,4
Netherlands,2015-04-03 15:00:00,2015-04-03 17:00:00,59.96,0.650566,17,4,4
Netherlands,2021-08-24 03:00:00,2021-08-24 05:00:00,85.01,0.9223585000000001,5,1,8
Netherlands,2018-12-21 13:00:00,2018-12-21 14:00:00,56.57,0.6137845,14,4,12
Netherlands,2020-12-03 21:00:00,2020-12-03 22:00:00,35.3,0.38300499999999993,22,3,12
Netherlands,2018-07-04 11:00:00,2018-07-04 13:00:00,71.22,0.772737,13,2,7
Netherlands,2017-03-29 22:00:00,2017-03-30 00:00:00,28.73,0.3117205,0,3,3
Netherlands,2016-01-30 01:00:00,2016-01-30 02:00:00,18.67,0.2025695,2,5,1
Netherlands,2015-04-02 05:00:00,2015-04-02 07:00:00,43.98,0.4771829999999999,7,3,4
Netherlands,2021-02-11 02:00:00,2021-02-11 03:00:00,50.04,0.5429339999999999,3,3,2
Netherlands,2023-01-14 07:00:00,2023-01-14 08:00:00,77.15,0.8370775,8,5,1
Netherlands,2017-08-22 17:00:00,2017-08-22 19:00:00,48.17,0.5226445,19,1,8
Netherlands,2016-02-28 12:00:00,2016-02-28 13:00:00,17.61,0.1910685,13,6,2
Netherlands,2023-04-14 08:00:00,2023-04-14 10:00:00,107.7,1.1685450000000002,10,4,4
Netherlands,2023-04-02 23:00:00,2023-04-03 01:00:00,112.72,1.223012,1,0,4
Netherlands,14/07/2024 05:00,2024-07-14 07:00:00,14.28,0.154938,7,6,7
Netherlands,2018-05-14 13:00:00,2018-05-14 15:00:00,38.8,0.42097999999999997,15,0,5
Netherlands,2019-04-02 01:00:00,2019-04-02 03:00:00,30.9,0.335265,3,1,4
Netherlands,2016-10-06 23:00:00,2016-10-07 01:00:00,27.99,0.30369149999999995,1,4,10
Netherlands,2015-12-18 22:00:00,2015-12-18 23:00:00,29.99,0.32539149999999994,23,4,12
Netherlands,2022-03-06 06:00:00,2022-03-06 07:00:00,324.97,3.5259245,7,6,3
Netherlands,2020-01-28 08:00:00,2020-01-28 09:00:00,44.33,0.4809804999999999,9,1,1
Netherlands,2023-05-04 22:00:00,2023-05-05 00:00:00,91.5,0.992775,0,4,5
Netherlands,2022-12-19 00:00:00,2022-12-19 01:00:00,106.17,1.1519445000000001,1,0,12
Netherlands,2019-04-16 18:00:00,2019-04-16 20:00:00,50.32,0.545972,20,1,4
Netherlands,06/11/2023 21:00,2023-11-06 22:00:00,99.27,1.0770794999999997,22,0,11
Netherlands,09/12/2024 06:00,2024-12-09 07:00:00,112.12,1.216502,7,0,12
Netherlands,2020-04-07 06:00:00,2020-04-07 08:00:00,31.32,0.339822,8,1,4
Netherlands,2019-10-02 14:00:00,2019-10-02 16:00:00,34.76,0.377146,16,2,10
Netherlands,2019-05-19 23:00:00,2019-05-20 01:00:00,35.0,0.37975,1,0,5
Netherlands,2022-06-11 22:00:00,2022-06-12 00:00:00,195.0,2.11575,0,6,6
Netherlands,2022-11-21 02:00:00,2022-11-21 03:00:00,145.77,1.5816045,3,0,11
Netherlands,2019-09-19 18:00:00,2019-09-19 20:00:00,60.66,0.658161,20,3,9
Netherlands,2023-07-04 01:00:00,2023-07-04 03:00:00,64.44,0.699174,3,1,7
Netherlands,2017-12-29 23:00:00,2017-12-30 00:00:00,30.0,0.3255,0,5,12
Netherlands,2019-12-07 03:00:00,2019-12-07 04:00:00,25.5,0.276675,4,5,12
Netherlands,2018-09-10 21:00:00,2018-09-10 23:00:00,58.94,0.6394989999999999,23,0,9
Netherlands,2016-09-28 15:00:00,2016-09-28 17:00:00,30.44,0.330274,17,2,9
Netherlands,2021-05-21 12:00:00,2021-05-21 14:00:00,-10.8,-0.11718,14,4,5
Netherlands,2022-11-17 19:00:00,2022-11-17 20:00:00,195.0,2.11575,20,3,11
Netherlands,08/05/2024 17:00,2024-05-08 19:00:00,120.52,1.3076419999999997,19,2,5
Netherlands,2017-10-05 20:00:00,2017-10-05 22:00:00,40.0,0.434,22,3,10
Netherlands,2023-05-21 07:00:00,2023-05-21 09:00:00,2.14,0.023219,9,6,5
Netherlands,2021-09-12 04:00:00,2021-09-12 06:00:00,161.0,1.74685,6,6,9
Netherlands,2017-03-28 03:00:00,2017-03-28 05:00:00,29.06,0.315301,5,1,3
Netherlands,2021-04-02 12:00:00,2021-04-02 14:00:00,31.0,0.33635,14,4,4
Netherlands,2017-11-22 00:00:00,2017-11-22 01:00:00,33.7,0.36564500000000005,1,2,11
Netherlands,2020-07-15 09:00:00,2020-07-15 11:00:00,37.48,0.40665799999999996,11,2,7
Netherlands,2021-03-17 00:00:00,2021-03-17 01:00:00,45.47,0.4933495,1,2,3
Netherlands,2021-12-22 22:00:00,2021-12-22 23:00:00,331.75,3.5994874999999995,23,2,12
Netherlands,2016-11-03 15:00:00,2016-11-03 16:00:00,57.7,0.626045,16,3,11
Netherlands,2016-02-25 14:00:00,2016-02-25 15:00:00,24.78,0.268863,15,3,2
Netherlands,2023-03-21 10:00:00,2023-03-21 11:00:00,106.67,1.1573695,11,1,3
Netherlands,2015-03-01 22:00:00,2015-03-01 23:00:00,30.7,0.333095,23,6,3
Netherlands,2017-08-22 22:00:00,2017-08-23 00:00:00,30.97,0.3360245,0,2,8
Netherlands,2020-02-22 01:00:00,2020-02-22 02:00:00,24.11,0.2615935,2,5,2
Netherlands,2022-07-15 02:00:00,2022-07-15 04:00:00,307.55,3.3369175,4,4,7
Netherlands,2023-02-07 00:00:00,2023-02-07 01:00:00,142.12,1.5420019999999999,1,1,2
Netherlands,2022-06-26 16:00:00,2022-06-26 18:00:00,289.1,3.1367350000000003,18,6,6
Netherlands,2015-07-15 09:00:00,2015-07-15 11:00:00,59.29,0.6432964999999999,11,2,7
Netherlands,2018-10-30 21:00:00,2018-10-30 22:00:00,45.4,0.49259,22,1,10
Netherlands,2019-02-08 19:00:00,2019-02-08 20:00:00,47.4,0.5142899999999999,20,4,2
Netherlands,2015-09-07 10:00:00,2015-09-07 12:00:00,47.44,0.514724,12,0,9
Netherlands,2023-06-14 05:00:00,2023-06-14 07:00:00,135.08,1.465618,7,2,6
Netherlands,2021-06-13 00:00:00,2021-06-13 02:00:00,85.1,0.9233349999999999,2,6,6
Netherlands,2018-12-28 18:00:00,2018-12-28 19:00:00,68.93,0.7478905000000001,19,4,12
Netherlands,2022-03-20 07:00:00,2022-03-20 08:00:00,140.1,1.520085,8,6,3
Netherlands,2022-11-18 20:00:00,2022-11-18 21:00:00,150.0,1.6275,21,4,11
Netherlands,2017-02-04 07:00:00,2017-02-04 08:00:00,42.32,0.45917199999999997,8,5,2
Netherlands,2022-12-10 02:00:00,2022-12-10 03:00:00,287.26,3.1167709999999995,3,5,12
Netherlands,2021-01-30 03:00:00,2021-01-30 04:00:00,34.86,0.378231,4,5,1
Netherlands,2023-04-30 12:00:00,2023-04-30 14:00:00,-34.9,-0.378665,14,6,4
Netherlands,2019-09-12 13:00:00,2019-09-12 15:00:00,32.72,0.355012,15,3,9
Netherlands,2016-07-10 09:00:00,2016-07-10 11:00:00,29.27,0.3175795,11,6,7
Netherlands,2018-10-18 08:00:00,2018-10-18 10:00:00,74.56,0.808976,10,3,10
Netherlands,2023-05-06 15:00:00,2023-05-06 17:00:00,90.3,0.9797549999999999,17,5,5
Netherlands,10/03/2024 03:00,2024-03-10 04:00:00,32.39,0.35143149999999995,4,6,3
Netherlands,2021-12-05 12:00:00,2021-12-05 13:00:00,217.0,2.35445,13,6,12
Netherlands,2020-11-06 18:00:00,2020-11-06 19:00:00,47.79,0.5185215,19,4,11
Netherlands,2017-06-01 23:00:00,2017-06-02 01:00:00,29.32,0.318122,1,4,6
Netherlands,06/01/2024 01:00,2024-01-06 02:00:00,76.13,0.8260105,2,5,1
Netherlands,2016-07-15 16:00:00,2016-07-15 18:00:00,31.92,0.346332,18,4,7
Netherlands,14/12/2024 05:00,2024-12-14 06:00:00,92.72,1.006012,6,5,12
Netherlands,2016-09-29 07:00:00,2016-09-29 09:00:00,35.01,0.3798585,9,3,9
Netherlands,2015-02-10 02:00:00,2015-02-10 03:00:00,33.9,0.367815,3,1,2
Netherlands,2020-10-19 08:00:00,2020-10-19 10:00:00,52.74,0.572229,10,0,10
Netherlands,25/09/2024 08:00,2024-09-25 10:00:00,97.0,1.05245,10,2,9
Netherlands,18/04/2024 05:00,2024-04-18 07:00:00,155.45,1.6866324999999998,7,3,4
Netherlands,2017-03-28 20:00:00,2017-03-28 22:00:00,33.56,0.36412600000000006,22,1,3
Netherlands,2017-02-03 21:00:00,2017-02-03 22:00:00,44.25,0.4801125,22,4,2
Netherlands,15/08/2024 22:00,2024-08-16 00:00:00,84.0,0.9114,0,4,8
Netherlands,2017-09-27 23:00:00,2017-09-28 01:00:00,38.72,0.420112,1,3,9
Netherlands,2021-07-17 19:00:00,2021-07-17 21:00:00,96.76,1.049846,21,5,7
Netherlands,2018-03-11 19:00:00,2018-03-11 20:00:00,45.1,0.48933499999999996,20,6,3
Netherlands,2020-08-09 09:00:00,2020-08-09 11:00:00,24.21,0.2626785,11,6,8
Netherlands,2022-02-08 18:00:00,2022-02-08 19:00:00,219.09,2.3771264999999997,19,1,2
Netherlands,2017-05-29 01:00:00,2017-05-29 03:00:00,25.6,0.27776,3,0,5
Netherlands,02/11/2024 09:00,2024-11-02 10:00:00,90.78,0.9849629999999999,10,5,11
Netherlands,2023-09-17 14:00:00,2023-09-17 16:00:00,80.68,0.875378,16,6,9
Netherlands,2015-03-27 19:00:00,2015-03-27 20:00:00,69.94,0.7588489999999999,20,4,3
Netherlands,2019-04-05 12:00:00,2019-04-05 14:00:00,38.54,0.418159,14,4,4
Netherlands,2021-12-07 04:00:00,2021-12-07 05:00:00,133.82,1.4519469999999999,5,1,12
Netherlands,16/10/2023 04:00,2023-10-16 06:00:00,139.56,1.5142259999999998,6,0,10
Netherlands,2016-08-23 10:00:00,2016-08-23 12:00:00,29.49,0.3199665,12,1,8
Netherlands,2019-05-26 02:00:00,2019-05-26 04:00:00,23.01,0.2496585,4,6,5
Netherlands,2022-12-20 18:00:00,2022-12-20 19:00:00,259.9,2.8199149999999995,19,1,12
Netherlands,18/12/2023 15:00,2023-12-18 16:00:00,95.41,1.0351985,16,0,12
Netherlands,2023-05-27 16:00:00,2023-05-27 18:00:00,84.85,0.9206224999999999,18,5,5
Netherlands,2022-09-08 07:00:00,2022-09-08 09:00:00,509.96,5.533066,9,3,9
Netherlands,2021-04-29 13:00:00,2021-04-29 15:00:00,45.0,0.48825,15,3,4
Netherlands,2021-09-08 12:00:00,2021-09-08 14:00:00,103.93,1.1276405,14,2,9
Netherlands,2017-05-08 13:00:00,2017-05-08 15:00:00,31.44,0.34112400000000004,15,0,5
Netherlands,2015-05-07 00:00:00,2015-05-07 02:00:00,26.0,0.28209999999999996,2,3,5
Netherlands,2018-05-08 11:00:00,2018-05-08 13:00:00,47.77,0.5183045,13,1,5
Netherlands,2016-10-03 10:00:00,2016-10-03 12:00:00,26.19,0.2841615,12,0,10
Netherlands,2023-04-02 00:00:00,2023-04-02 02:00:00,58.51,0.6348334999999999,2,6,4
Netherlands,2020-10-26 08:00:00,2020-10-26 09:00:00,49.09,0.5326265,9,0,10
Netherlands,2016-05-11 11:00:00,2016-05-11 13:00:00,32.44,0.351974,13,2,5
Netherlands,2020-10-13 21:00:00,2020-10-13 23:00:00,30.7,0.333095,23,1,10
Netherlands,2018-02-19 00:00:00,2018-02-19 01:00:00,33.76,0.366296,1,0,2
Netherlands,2023-04-24 02:00:00,2023-04-24 04:00:00,75.08,0.814618,4,0,4
Netherlands,2017-10-29 08:00:00,2017-10-29 09:00:00,29.0,0.31465,9,6,10
Netherlands,05/11/2024 00:00,2024-11-05 01:00:00,94.0,1.0199,1,1,11
Netherlands,2023-03-11 05:00:00,2023-03-11 06:00:00,146.1,1.5851849999999998,6,5,3
Netherlands,01/10/2023 13:00,2023-10-01 15:00:00,1.53,0.0166005,15,6,10
Netherlands,2017-09-20 11:00:00,2017-09-20 13:00:00,35.47,0.38484949999999996,13,2,9
Netherlands,2022-03-22 06:00:00,2022-03-22 07:00:00,287.34,3.1176389999999996,7,1,3
Netherlands,2016-01-01 01:00:00,2016-01-01 02:00:00,20.59,0.2234015,2,4,1
Netherlands,13/03/2024 20:00,2024-03-13 21:00:00,66.52,0.721742,21,2,3
Netherlands,2023-04-08 08:00:00,2023-04-08 10:00:00,108.07,1.1725594999999998,10,5,4
Netherlands,2019-08-13 22:00:00,2019-08-14 00:00:00,32.39,0.35143149999999995,0,2,8
Netherlands,2018-01-08 03:00:00,2018-01-08 04:00:00,12.91,0.1400735,4,0,1
Netherlands,2017-09-29 03:00:00,2017-09-29 05:00:00,31.91,0.3462235,5,4,9
Netherlands,2023-01-12 14:00:00,2023-01-12 15:00:00,108.66,1.178961,15,3,1
Netherlands,2015-03-07 16:00:00,2015-03-07 17:00:00,38.04,0.412734,17,5,3
Netherlands,2022-09-22 05:00:00,2022-09-22 07:00:00,536.03,5.8159255,7,3,9
Netherlands,03/02/2024 07:00,2024-02-03 08:00:00,46.91,0.5089735,8,5,2
Netherlands,2023-08-27 17:00:00,2023-08-27 19:00:00,120.25,1.3047125,19,6,8
Netherlands,2021-09-25 10:00:00,2021-09-25 12:00:00,111.58,1.2106430000000001,12,5,9
Netherlands,2016-08-03 06:00:00,2016-08-03 08:00:00,33.95,0.3683575,8,2,8
Netherlands,2017-10-20 04:00:00,2017-10-20 06:00:00,38.07,0.4130595,6,4,10
Netherlands,2018-02-14 10:00:00,2018-02-14 11:00:00,42.4,0.46003999999999995,11,2,2
Netherlands,2020-09-10 03:00:00,2020-09-10 05:00:00,33.32,0.361522,5,3,9
Netherlands,29/12/2024 00:00,2024-12-29 01:00:00,114.09,1.2378765,1,6,12
Netherlands,13/10/2024 07:00,2024-10-13 09:00:00,9.85,0.10687249999999998,9,6,10
Netherlands,2020-08-06 03:00:00,2020-08-06 05:00:00,27.06,0.293601,5,3,8
Netherlands,2022-05-27 11:00:00,2022-05-27 13:00:00,-100.09,-1.0859765,13,4,5
Netherlands,2016-08-21 14:00:00,2016-08-21 16:00:00,13.53,0.1468005,16,6,8
Netherlands,2020-12-29 18:00:00,2020-12-29 19:00:00,46.55,0.5050674999999999,19,1,12
Netherlands,16/02/2024 08:00,2024-02-16 09:00:00,68.0,0.7377999999999999,9,4,2
Netherlands,2021-09-21 23:00:00,2021-09-22 01:00:00,104.78,1.136863,1,2,9
Netherlands,2015-08-02 22:00:00,2015-08-03 00:00:00,31.2,0.33852,0,0,8
Netherlands,2015-09-15 07:00:00,2015-09-15 09:00:00,47.44,0.514724,9,1,9
Netherlands,2018-08-23 03:00:00,2018-08-23 05:00:00,51.76,0.561596,5,3,8
Netherlands,2018-08-01 10:00:00,2018-08-01 12:00:00,58.22,0.631687,12,2,8
Netherlands,2019-01-02 03:00:00,2019-01-02 04:00:00,46.01,0.49920849999999994,4,2,1
Netherlands,2022-12-03 05:00:00,2022-12-03 06:00:00,299.9,3.2539149999999997,6,5,12
Netherlands,2016-01-10 12:00:00,2016-01-10 13:00:00,22.8,0.24738,13,6,1
Netherlands,2018-07-22 02:00:00,2018-07-22 04:00:00,42.85,0.4649225,4,6,7
Netherlands,2019-08-18 16:00:00,2019-08-18 18:00:00,35.82,0.38864699999999996,18,6,8
Netherlands,2023-01-10 05:00:00,2023-01-10 06:00:00,138.13,1.4987104999999998,6,1,1
Netherlands,13/10/2023 09:00,2023-10-13 11:00:00,72.02,0.7814169999999999,11,4,10
Netherlands,2015-03-04 03:00:00,2015-03-04 04:00:00,34.14,0.370419,4,2,3
Netherlands,2021-05-05 07:00:00,2021-05-05 09:00:00,52.62,0.570927,9,2,5
Netherlands,2017-01-09 15:00:00,2017-01-09 16:00:00,52.5,0.569625,16,0,1
Netherlands,2016-08-24 22:00:00,2016-08-25 00:00:00,23.15,0.2511775,0,3,8
Netherlands,2020-01-14 21:00:00,2020-01-14 22:00:00,29.16,0.31638599999999995,22,1,1
Netherlands,2017-10-23 07:00:00,2017-10-23 09:00:00,34.0,0.36889999999999995,9,0,10
Netherlands,2019-01-02 12:00:00,2019-01-02 13:00:00,51.77,0.5617045,13,2,1
Netherlands,2020-12-28 15:00:00,2020-12-28 16:00:00,52.44,0.568974,16,0,12
Netherlands,2021-04-18 20:00:00,2021-04-18 22:00:00,73.4,0.7963899999999999,22,6,4
Netherlands,2021-04-22 06:00:00,2021-04-22 08:00:00,80.4,0.87234,8,3,4
Netherlands,16/11/2024 10:00,2024-11-16 11:00:00,111.41,1.2087984999999999,11,5,11
Netherlands,2016-08-29 21:00:00,2016-08-29 23:00:00,24.19,0.2624615,23,0,8
Netherlands,2016-04-11 09:00:00,2016-04-11 11:00:00,24.71,0.2681035,11,0,4
Netherlands,2021-04-26 02:00:00,2021-04-26 04:00:00,51.17,0.5551944999999999,4,0,4
Netherlands,2018-02-24 14:00:00,2018-02-24 15:00:00,31.7,0.343945,15,5,2
Netherlands,2018-08-15 19:00:00,2018-08-15 21:00:00,64.83,0.7034054999999999,21,2,8
Netherlands,2022-07-04 06:00:00,2022-07-04 08:00:00,385.17,4.1790945,8,0,7
Netherlands,10/03/2024 05:00,2024-03-10 06:00:00,33.91,0.36792349999999996,6,6,3
Netherlands,2018-09-23 13:00:00,2018-09-23 15:00:00,40.74,0.442029,15,6,9
Netherlands,14/03/2024 14:00,2024-03-14 15:00:00,54.82,0.594797,15,3,3
Netherlands,2021-01-12 00:00:00,2021-01-12 01:00:00,24.61,0.26701849999999994,1,1,1
Netherlands,2021-12-01 12:00:00,2021-12-01 13:00:00,203.0,2.2025499999999996,13,2,12
Netherlands,2020-01-29 05:00:00,2020-01-29 06:00:00,29.03,0.3149755,6,2,1
Netherlands,2023-05-14 00:00:00,2023-05-14 02:00:00,94.3,1.023155,2,6,5
Netherlands,2016-07-27 14:00:00,2016-07-27 16:00:00,32.7,0.354795,16,2,7
Netherlands,16/11/2024 12:00,2024-11-16 13:00:00,101.76,1.104096,13,5,11
Netherlands,2018-05-18 19:00:00,2018-05-18 21:00:00,54.67,0.5931695,21,4,5
Netherlands,2020-09-03 05:00:00,2020-09-03 07:00:00,55.98,0.6073829999999999,7,3,9
Netherlands,2020-07-29 19:00:00,2020-07-29 21:00:00,36.0,0.39059999999999995,21,2,7
Netherlands,2021-08-15 10:00:00,2021-08-15 12:00:00,52.95,0.5745075000000001,12,6,8
Netherlands,2020-01-31 06:00:00,2020-01-31 07:00:00,37.67,0.40871949999999996,7,4,1
Netherlands,2016-12-10 03:00:00,2016-12-10 04:00:00,21.0,0.22785,4,5,12
Netherlands,2020-01-12 19:00:00,2020-01-12 20:00:00,46.51,0.5046335,20,6,1
Netherlands,2018-08-30 20:00:00,2018-08-30 22:00:00,58.02,0.6295170000000001,22,3,8
Netherlands,2017-09-29 22:00:00,2017-09-30 00:00:00,33.86,0.36738099999999996,0,5,9
Netherlands,2019-10-18 01:00:00,2019-10-18 03:00:00,27.5,0.298375,3,4,10
Netherlands,2020-10-30 13:00:00,2020-10-30 14:00:00,38.38,0.416423,14,4,10
Netherlands,2020-05-09 01:00:00,2020-05-09 03:00:00,20.73,0.2249205,3,5,5
Netherlands,13/06/2024 01:00,2024-06-13 03:00:00,80.35,0.8717974999999999,3,3,6
Netherlands,2020-04-29 17:00:00,2020-04-29 19:00:00,28.07,0.30455950000000004,19,2,4
Netherlands,2017-02-03 04:00:00,2017-02-03 05:00:00,35.85,0.3889725,5,4,2
Netherlands,2022-04-13 11:00:00,2022-04-13 13:00:00,198.0,2.1483,13,2,4
Netherlands,2018-08-28 08:00:00,2018-08-28 10:00:00,73.58,0.7983429999999999,10,1,8
Netherlands,2019-08-10 05:00:00,2019-08-10 07:00:00,26.98,0.292733,7,5,8
Netherlands,2020-03-23 08:00:00,2020-03-23 09:00:00,15.84,0.17186400000000002,9,0,3
Netherlands,2021-05-25 21:00:00,2021-05-25 23:00:00,62.04,0.673134,23,1,5
Netherlands,2020-07-27 17:00:00,2020-07-27 19:00:00,38.61,0.41891849999999997,19,0,7
Netherlands,2020-12-16 07:00:00,2020-12-16 08:00:00,49.5,0.537075,8,2,12
Netherlands,2015-10-15 02:00:00,2015-10-15 04:00:00,32.08,0.348068,4,3,10
Netherlands,2021-07-05 06:00:00,2021-07-05 08:00:00,105.69,1.1467365,8,0,7
Netherlands,2019-06-19 11:00:00,2019-06-19 13:00:00,36.93,0.4006905,13,2,6
Netherlands,2023-04-20 08:00:00,2023-04-20 10:00:00,102.2,1.1088699999999998,10,3,4
Netherlands,01/09/2024 21:00,2024-09-01 23:00:00,91.51,0.9928835,23,6,9
Netherlands,13/05/2024 19:00,2024-05-13 21:00:00,100.0,1.085,21,0,5
Netherlands,12/07/2024 21:00,2024-07-12 23:00:00,79.43,0.8618155000000001,23,4,7
Netherlands,2016-02-05 19:00:00,2016-02-05 20:00:00,27.92,0.30293200000000003,20,4,2
Netherlands,2018-12-18 09:00:00,2018-12-18 10:00:00,69.68,0.756028,10,1,12
Netherlands,2020-01-22 09:00:00,2020-01-22 10:00:00,65.01,0.7053585,10,2,1
Netherlands,2016-04-22 02:00:00,2016-04-22 04:00:00,19.85,0.2153725,4,4,4
Netherlands,2019-02-14 13:00:00,2019-02-14 14:00:00,44.62,0.484127,14,3,2
Netherlands,2023-03-10 05:00:00,2023-03-10 06:00:00,119.81,1.2999384999999999,6,4,3
Netherlands,10/02/2024 08:00,2024-02-10 09:00:00,80.38,0.872123,9,5,2
Netherlands,2019-03-14 16:00:00,2019-03-14 17:00:00,42.32,0.45917199999999997,17,3,3
Netherlands,2022-08-10 01:00:00,2022-08-10 03:00:00,285.6,3.0987600000000004,3,2,8
Netherlands,2018-11-09 07:00:00,2018-11-09 08:00:00,72.56,0.787276,8,4,11
Netherlands,2022-01-12 06:00:00,2022-01-12 07:00:00,273.18,2.964003,7,2,1
Netherlands,2019-11-02 17:00:00,2019-11-02 18:00:00,39.44,0.42792399999999997,18,5,11
Netherlands,2016-06-03 14:00:00,2016-06-03 16:00:00,30.0,0.3255,16,4,6
Netherlands,2021-08-16 12:00:00,2021-08-16 14:00:00,64.82,0.703297,14,0,8
Netherlands,2020-09-16 01:00:00,2020-09-16 03:00:00,41.97,0.45537449999999996,3,2,9
Netherlands,2021-12-28 12:00:00,2021-12-28 13:00:00,114.49,1.2422165,13,1,12
Netherlands,2018-08-20 16:00:00,2018-08-20 18:00:00,66.78,0.724563,18,0,8
Netherlands,2017-10-06 07:00:00,2017-10-06 09:00:00,49.9,0.541415,9,4,10
Netherlands,2016-07-21 07:00:00,2016-07-21 09:00:00,52.44,0.568974,9,3,7
Netherlands,07/04/2024 05:00,2024-04-07 07:00:00,0.0,0.0,7,6,4
Netherlands,2016-03-12 00:00:00,2016-03-12 01:00:00,26.1,0.283185,1,5,3
Netherlands,2023-07-21 15:00:00,2023-07-21 17:00:00,87.4,0.9482900000000001,17,4,7
Netherlands,2020-06-12 21:00:00,2020-06-12 23:00:00,24.26,0.263221,23,4,6
Netherlands,16/04/2024 18:00,2024-04-16 20:00:00,115.42,1.252307,20,1,4
Netherlands,2018-04-02 11:00:00,2018-04-02 13:00:00,36.7,0.39819499999999997,13,0,4
Netherlands,2017-01-07 05:00:00,2017-01-07 06:00:00,30.07,0.3262595,6,5,1
Netherlands,2021-01-22 13:00:00,2021-01-22 14:00:00,46.24,0.501704,14,4,1
Netherlands,2021-09-15 23:00:00,2021-09-16 01:00:00,129.4,1.40399,1,3,9
Netherlands,2023-04-29 14:00:00,2023-04-29 16:00:00,80.0,0.868,16,5,4
Netherlands,2023-01-24 14:00:00,2023-01-24 15:00:00,217.98,2.365083,15,1,1
Netherlands,09/10/2024 00:00,2024-10-09 02:00:00,49.21,0.5339285,2,2,10
Netherlands,08/02/2024 14:00,2024-02-08 15:00:00,84.0,0.9114,15,3,2
Netherlands,2017-10-11 16:00:00,2017-10-11 18:00:00,42.98,0.466333,18,2,10
Netherlands,27/05/2024 04:00,2024-05-27 06:00:00,97.14,1.0539690000000002,6,0,5
Netherlands,2016-02-13 21:00:00,2016-02-13 22:00:00,29.94,0.324849,22,5,2
Netherlands,2021-07-06 11:00:00,2021-07-06 13:00:00,54.37,0.5899145,13,1,7
Netherlands,2016-11-13 06:00:00,2016-11-13 07:00:00,35.0,0.37975,7,6,11
Netherlands,2019-03-23 11:00:00,2019-03-23 12:00:00,36.0,0.39059999999999995,12,5,3
Netherlands,27/12/2024 20:00,2024-12-27 21:00:00,125.42,1.360807,21,4,12
Netherlands,02/01/2024 17:00,2024-01-02 18:00:00,81.3,0.8821049999999999,18,1,1
Netherlands,2021-12-23 08:00:00,2021-12-23 09:00:00,450.0,4.8825,9,3,12
Netherlands,2019-12-26 22:00:00,2019-12-26 23:00:00,34.25,0.3716125,23,3,12
Netherlands,2021-06-16 04:00:00,2021-06-16 06:00:00,85.58,0.928543,6,2,6
Netherlands,02/07/2024 13:00,2024-07-02 15:00:00,50.72,0.550312,15,1,7
Netherlands,2021-04-23 05:00:00,2021-04-23 07:00:00,83.73,0.9084705000000001,7,4,4
Netherlands,2015-04-10 15:00:00,2015-04-10 17:00:00,44.94,0.48759899999999995,17,4,4
Netherlands,2016-06-20 20:00:00,2016-06-20 22:00:00,38.0,0.4123,22,0,6
Netherlands,2017-07-15 03:00:00,2017-07-15 05:00:00,29.17,0.3164945,5,5,7
Netherlands,28/09/2024 08:00,2024-09-28 10:00:00,9.83,0.1066555,10,5,9
Netherlands,2023-02-07 02:00:00,2023-02-07 03:00:00,139.36,1.512056,3,1,2
Netherlands,2015-01-17 23:00:00,2015-01-18 00:00:00,36.24,0.393204,0,6,1
Netherlands,2020-03-20 21:00:00,2020-03-20 22:00:00,21.02,0.228067,22,4,3
Netherlands,2016-05-24 23:00:00,2016-05-25 01:00:00,22.57,0.2448845,1,2,5
Netherlands,2022-01-03 09:00:00,2022-01-03 10:00:00,119.04,1.291584,10,0,1
Netherlands,2015-09-19 07:00:00,2015-09-19 09:00:00,36.0,0.39059999999999995,9,5,9
Netherlands,2021-07-14 09:00:00,2021-07-14 11:00:00,99.69,1.0816365,11,2,7
Netherlands,2018-11-16 06:00:00,2018-11-16 07:00:00,68.32,0.7412719999999999,7,4,11
Netherlands,2021-10-25 10:00:00,2021-10-25 12:00:00,155.6,1.68826,12,0,10
Netherlands,2016-11-20 20:00:00,2016-11-20 21:00:00,39.99,0.4338915,21,6,11
Netherlands,2019-01-30 14:00:00,2019-01-30 15:00:00,78.8,0.8549799999999999,15,2,1
Netherlands,2016-05-09 00:00:00,2016-05-09 02:00:00,12.09,0.1311765,2,0,5
Netherlands,2023-04-23 03:00:00,2023-04-23 05:00:00,88.77,0.9631544999999999,5,6,4
Netherlands,2019-04-19 18:00:00,2019-04-19 20:00:00,43.2,0.46872,20,4,4
Netherlands,2015-01-18 22:00:00,2015-01-18 23:00:00,40.0,0.434,23,6,1
Netherlands,2020-12-31 07:00:00,2020-12-31 08:00:00,45.58,0.49454299999999995,8,3,12
Netherlands,2016-02-12 02:00:00,2016-02-12 03:00:00,19.86,0.215481,3,4,2
Netherlands,2020-03-07 12:00:00,2020-03-07 13:00:00,25.06,0.27190099999999995,13,5,3
Netherlands,2022-10-28 11:00:00,2022-10-28 13:00:00,83.2,0.9027200000000001,13,4,10
Netherlands,2020-11-20 17:00:00,2020-11-20 18:00:00,54.9,0.595665,18,4,11
Netherlands,2021-02-06 02:00:00,2021-02-06 03:00:00,35.08,0.380618,3,5,2
Netherlands,2023-09-20 13:00:00,2023-09-20 15:00:00,-1.83,-0.019855499999999998,15,2,9
Netherlands,27/11/2024 00:00,2024-11-27 01:00:00,110.0,1.1935,1,2,11
Netherlands,2015-04-10 00:00:00,2015-04-10 02:00:00,31.75,0.3444875,2,4,4
Netherlands,2022-04-26 05:00:00,2022-04-26 07:00:00,267.49,2.9022665,7,1,4
Netherlands,2021-10-05 15:00:00,2021-10-05 17:00:00,182.9,1.984465,17,1,10
Netherlands,2023-07-12 09:00:00,2023-07-12 11:00:00,50.77,0.5508545,11,2,7
Netherlands,2023-07-30 01:00:00,2023-07-30 03:00:00,57.79,0.6270214999999999,3,6,7
Netherlands,2017-09-02 07:00:00,2017-09-02 09:00:00,38.0,0.4123,9,5,9
Netherlands,2019-01-03 06:00:00,2019-01-03 07:00:00,58.63,0.6361355,7,3,1
Netherlands,2015-11-01 06:00:00,2015-11-01 07:00:00,29.11,0.3158435,7,6,11
Netherlands,2018-11-28 23:00:00,2018-11-29 00:00:00,44.91,0.48727349999999997,0,3,11
Netherlands,2016-08-31 09:00:00,2016-08-31 11:00:00,26.0,0.28209999999999996,11,2,8
Netherlands,2022-03-14 13:00:00,2022-03-14 14:00:00,207.99,2.2566915,14,0,3
Netherlands,2017-11-18 08:00:00,2017-11-18 09:00:00,47.79,0.5185215,9,5,11
Netherlands,2017-03-10 09:00:00,2017-03-10 10:00:00,39.17,0.4249945,10,4,3
Netherlands,2018-01-26 18:00:00,2018-01-26 19:00:00,52.09,0.5651765000000001,19,4,1
Netherlands,2022-01-04 00:00:00,2022-01-04 01:00:00,137.25,1.4891625,1,1,1
Netherlands,2019-05-16 07:00:00,2019-05-16 09:00:00,45.06,0.48890100000000003,9,3,5
Netherlands,2023-05-22 14:00:00,2023-05-22 16:00:00,70.8,0.76818,16,0,5
Netherlands,2018-12-29 05:00:00,2018-12-29 06:00:00,48.01,0.5209085,6,5,12
Netherlands,2022-06-04 08:00:00,2022-06-04 10:00:00,161.61,1.7534685,10,5,6
Netherlands,2017-12-05 00:00:00,2017-12-05 01:00:00,39.1,0.42423500000000003,1,1,12
Netherlands,2020-10-21 23:00:00,2020-10-22 01:00:00,30.05,0.3260425,1,3,10
Netherlands,2021-11-19 10:00:00,2021-11-19 11:00:00,200.1,2.171085,11,4,11
Netherlands,2019-05-21 04:00:00,2019-05-21 06:00:00,40.52,0.439642,6,1,5
Netherlands,2020-06-29 05:00:00,2020-06-29 07:00:00,32.4,0.35153999999999996,7,0,6
Netherlands,2022-01-15 05:00:00,2022-01-15 06:00:00,181.1,1.9649349999999999,6,5,1
Netherlands,2022-09-22 23:00:00,2022-09-23 01:00:00,323.42,3.5091069999999998,1,4,9
Netherlands,2018-09-16 18:00:00,2018-09-16 20:00:00,75.28,0.816788,20,6,9
Netherlands,2023-01-17 23:00:00,2023-01-18 00:00:00,119.8,1.2998299999999998,0,2,1
Netherlands,2020-09-01 12:00:00,2020-09-01 14:00:00,47.12,0.5112519999999999,14,1,9
Netherlands,2022-12-08 02:00:00,2022-12-08 03:00:00,272.72,2.959012,3,3,12
Netherlands,2017-06-08 17:00:00,2017-06-08 19:00:00,43.91,0.47642349999999994,19,3,6
Netherlands,2020-05-30 05:00:00,2020-05-30 07:00:00,14.6,0.15841,7,5,5
Netherlands,2017-03-19 23:00:00,2017-03-20 00:00:00,25.3,0.274505,0,0,3
Netherlands,2023-02-06 15:00:00,2023-02-06 16:00:00,181.8,1.97253,16,0,2
Netherlands,21/03/2024 06:00,2024-03-21 07:00:00,95.9,1.040515,7,3,3
Netherlands,2015-09-28 03:00:00,2015-09-28 05:00:00,42.44,0.46047399999999994,5,0,9
Netherlands,2016-12-16 06:00:00,2016-12-16 07:00:00,54.94,0.5960989999999999,7,4,12
Netherlands,10/09/2024 07:00,2024-09-10 09:00:00,76.01,0.8247085000000001,9,1,9
Netherlands,2023-04-15 22:00:00,2023-04-16 00:00:00,111.55,1.2103175,0,6,4
Netherlands,2019-05-14 20:00:00,2019-05-14 22:00:00,45.19,0.49031149999999996,22,1,5
Netherlands,2019-06-13 16:00:00,2019-06-13 18:00:00,48.71,0.5285035,18,3,6
Netherlands,2016-11-05 00:00:00,2016-11-05 01:00:00,37.07,0.4022095,1,5,11
Netherlands,2022-07-03 07:00:00,2022-07-03 09:00:00,170.26,1.847321,9,6,7
Netherlands,2021-06-27 09:00:00,2021-06-27 11:00:00,52.96,0.574616,11,6,6
Netherlands,25/08/2024 06:00,2024-08-25 08:00:00,0.0,0.0,8,6,8
Netherlands,2017-04-28 20:00:00,2017-04-28 22:00:00,34.73,0.3768205,22,4,4
Netherlands,2015-05-05 14:00:00,2015-05-05 16:00:00,30.1,0.32658499999999996,16,1,5
Netherlands,2017-02-24 07:00:00,2017-02-24 08:00:00,47.24,0.512554,8,4,2
Netherlands,2021-01-12 02:00:00,2021-01-12 03:00:00,24.38,0.26452299999999995,3,1,1
Netherlands,2017-01-31 20:00:00,2017-01-31 21:00:00,56.9,0.617365,21,1,1
Netherlands,2016-11-24 05:00:00,2016-11-24 06:00:00,35.59,0.3861515,6,3,11
Netherlands,2023-04-23 01:00:00,2023-04-23 03:00:00,89.4,0.96999,3,6,4
Netherlands,2020-12-31 13:00:00,2020-12-31 14:00:00,53.08,0.575918,14,3,12
Netherlands,2015-05-04 08:00:00,2015-05-04 10:00:00,37.93,0.41154050000000003,10,0,5
Netherlands,2021-12-29 21:00:00,2021-12-29 22:00:00,106.34,1.153789,22,2,12
Netherlands,2022-04-26 12:00:00,2022-04-26 14:00:00,202.51,2.1972335,14,1,4
Netherlands,17/10/2024 05:00,2024-10-17 07:00:00,98.94,1.073499,7,3,10
Netherlands,2020-11-30 07:00:00,2020-11-30 08:00:00,77.18,0.837403,8,0,11
Netherlands,2022-07-22 14:00:00,2022-07-22 16:00:00,246.31,2.6724634999999997,16,4,7
Netherlands,2022-08-03 18:00:00,2022-08-03 20:00:00,516.43,5.603265499999999,20,2,8
Netherlands,11/10/2023 17:00,2023-10-11 19:00:00,152.0,1.6492,19,2,10
Netherlands,2018-05-27 17:00:00,2018-05-27 19:00:00,54.9,0.595665,19,6,5
Netherlands,2022-11-26 06:00:00,2022-11-26 07:00:00,228.07,2.4745595,7,5,11
Netherlands,2020-07-05 21:00:00,2020-07-05 23:00:00,28.46,0.308791,23,6,7
Netherlands,2019-09-11 11:00:00,2019-09-11 13:00:00,28.79,0.31237149999999997,13,2,9
Netherlands,2020-12-31 04:00:00,2020-12-31 05:00:00,34.0,0.36889999999999995,5,3,12
Netherlands,2017-04-05 20:00:00,2017-04-05 22:00:00,30.1,0.32658499999999996,22,2,4
Netherlands,2023-09-02 05:00:00,2023-09-02 07:00:00,101.09,1.0968265,7,5,9
Netherlands,2021-11-21 23:00:00,2021-11-22 00:00:00,175.86,1.9080810000000001,0,0,11
Netherlands,2018-03-25 23:00:00,2018-03-26 01:00:00,39.53,0.4289005,1,0,3
Netherlands,15/12/2024 19:00,2024-12-15 20:00:00,77.92,0.845432,20,6,12
Netherlands,2021-06-28 13:00:00,2021-06-28 15:00:00,81.2,0.88102,15,0,6
Netherlands,2022-01-27 11:00:00,2022-01-27 12:00:00,226.0,2.4520999999999997,12,3,1
Netherlands,2022-02-27 05:00:00,2022-02-27 06:00:00,186.05,2.0186425000000003,6,6,2
Netherlands,2017-04-18 02:00:00,2017-04-18 04:00:00,28.86,0.313131,4,1,4
Netherlands,2020-06-11 07:00:00,2020-06-11 09:00:00,28.96,0.314216,9,3,6
Netherlands,2022-12-06 04:00:00,2022-12-06 05:00:00,309.23,3.3551455,5,1,12
Netherlands,2023-03-27 04:00:00,2023-03-27 06:00:00,115.0,1.24775,6,0,3
Netherlands,19/12/2024 06:00,2024-12-19 07:00:00,55.78,0.605213,7,3,12
Netherlands,2021-05-06 14:00:00,2021-05-06 16:00:00,64.96,0.7048159999999999,16,3,5
Netherlands,2020-07-18 03:00:00,2020-07-18 05:00:00,25.75,0.2793875,5,5,7
Netherlands,2020-08-11 11:00:00,2020-08-11 13:00:00,20.9,0.226765,13,1,8
Netherlands,2020-04-23 21:00:00,2020-04-23 23:00:00,28.6,0.31031,23,3,4
Netherlands,2019-12-06 09:00:00,2019-12-06 10:00:00,50.8,0.55118,10,4,12
Netherlands,2016-11-13 01:00:00,2016-11-13 02:00:00,34.45,0.3737825,2,6,11
Netherlands,2017-08-31 20:00:00,2017-08-31 22:00:00,35.59,0.3861515,22,3,8
Netherlands,2018-05-01 14:00:00,2018-05-01 16:00:00,44.02,0.477617,16,1,5
Netherlands,2018-08-06 18:00:00,2018-08-06 20:00:00,82.93,0.8997905,20,0,8
Netherlands,2015-08-13 19:00:00,2015-08-13 21:00:00,41.05,0.4453924999999999,21,3,8
Netherlands,2023-04-28 20:00:00,2023-04-28 22:00:00,116.71,1.2663035,22,4,4
Netherlands,2017-10-04 21:00:00,2017-10-04 23:00:00,30.4,0.32983999999999997,23,2,10
Netherlands,04/07/2024 23:00,2024-07-05 01:00:00,6.37,0.0691145,1,4,7
Netherlands,2023-07-21 09:00:00,2023-07-21 11:00:00,89.55,0.9716174999999999,11,4,7
Netherlands,19/07/2024 07:00,2024-07-19 09:00:00,81.43,0.8835155000000001,9,4,7
Netherlands,23/12/2024 08:00,2024-12-23 09:00:00,67.36,0.730856,9,0,12
Netherlands,2016-04-03 15:00:00,2016-04-03 17:00:00,23.28,0.252588,17,6,4
Netherlands,2020-05-25 15:00:00,2020-05-25 17:00:00,18.4,0.19963999999999998,17,0,5
Netherlands,2018-12-01 00:00:00,2018-12-01 01:00:00,45.4,0.49259,1,5,12
Netherlands,2021-04-07 20:00:00,2021-04-07 22:00:00,47.6,0.51646,22,2,4
Netherlands,24/02/2024 19:00,2024-02-24 20:00:00,65.17,0.7070945000000001,20,5,2
Netherlands,2023-09-16 21:00:00,2023-09-16 23:00:00,99.9,1.083915,23,5,9
Netherlands,2015-05-09 13:00:00,2015-05-09 15:00:00,31.08,0.33721799999999996,15,5,5
Netherlands,2020-09-06 12:00:00,2020-09-06 14:00:00,30.28,0.328538,14,6,9
Netherlands,16/03/2024 12:00,2024-03-16 13:00:00,21.02,0.228067,13,5,3
Netherlands,2021-10-20 07:00:00,2021-10-20 09:00:00,161.75,1.7549875,9,2,10
Netherlands,2017-10-31 14:00:00,2017-10-31 15:00:00,37.4,0.40579,15,1,10
Netherlands,2019-05-02 17:00:00,2019-05-02 19:00:00,47.18,0.511903,19,3,5
Netherlands,2019-08-03 12:00:00,2019-08-03 14:00:00,30.1,0.32658499999999996,14,5,8
Netherlands,2016-01-17 15:00:00,2016-01-17 16:00:00,31.94,0.346549,16,6,1
Netherlands,14/04/2024 06:00,2024-04-14 08:00:00,8.21,0.0890785,8,6,4
Netherlands,2021-01-12 09:00:00,2021-01-12 10:00:00,71.0,0.77035,10,1,1
Netherlands,2017-02-14 22:00:00,2017-02-14 23:00:00,34.2,0.37107,23,1,2
Netherlands,2019-03-14 20:00:00,2019-03-14 21:00:00,38.4,0.41664,21,3,3
Netherlands,2017-05-18 14:00:00,2017-05-18 16:00:00,43.92,0.47653199999999996,16,3,5
Netherlands,2019-05-19 00:00:00,2019-05-19 02:00:00,35.0,0.37975,2,6,5
Netherlands,23/12/2024 22:00,2024-12-23 23:00:00,118.91,1.2901734999999999,23,0,12
Netherlands,2016-08-18 14:00:00,2016-08-18 16:00:00,33.0,0.35805000000000003,16,3,8
Netherlands,2017-05-31 21:00:00,2017-05-31 23:00:00,38.36,0.41620599999999996,23,2,5
Netherlands,2018-04-21 15:00:00,2018-04-21 17:00:00,31.89,0.3460065,17,5,4
Netherlands,2020-04-24 08:00:00,2020-04-24 10:00:00,20.0,0.217,10,4,4
Netherlands,2018-11-10 17:00:00,2018-11-10 18:00:00,103.47,1.1226495,18,5,11
Netherlands,2019-05-18 16:00:00,2019-05-18 18:00:00,42.9,0.46546499999999996,18,5,5
Netherlands,2019-01-28 16:00:00,2019-01-28 17:00:00,62.0,0.6727,17,0,1
Netherlands,2023-07-20 21:00:00,2023-07-20 23:00:00,109.66,1.189811,23,3,7
Netherlands,03/01/2025 15:00,2025-01-03 16:00:00,125.8,1.3649299999999998,16,4,1
Netherlands,2019-05-01 05:00:00,2019-05-01 07:00:00,34.98,0.37953299999999995,7,2,5
Netherlands,2023-01-10 09:00:00,2023-01-10 10:00:00,163.52,1.774192,10,1,1
Netherlands,2017-12-16 19:00:00,2017-12-16 20:00:00,40.4,0.43833999999999995,20,5,12
Netherlands,16/04/2024 02:00,2024-04-16 04:00:00,13.78,0.14951299999999998,4,1,4
Netherlands,2016-05-31 13:00:00,2016-05-31 15:00:00,35.84,0.38886400000000004,15,1,5
Netherlands,2016-05-01 05:00:00,2016-05-01 07:00:00,19.99,0.2168915,7,6,5
Netherlands,2015-05-09 04:00:00,2015-05-09 06:00:00,31.08,0.33721799999999996,6,5,5
Netherlands,2016-12-16 10:00:00,2016-12-16 11:00:00,63.03,0.6838755,11,4,12
Netherlands,2020-07-05 23:00:00,2020-07-06 01:00:00,0.05,0.0005425,1,0,7
Netherlands,30/07/2024 13:00,2024-07-30 15:00:00,13.11,0.1422435,15,1,7
Netherlands,2020-03-28 15:00:00,2020-03-28 16:00:00,5.59,0.0606515,16,5,3
Netherlands,2022-11-14 09:00:00,2022-11-14 10:00:00,174.7,1.895495,10,0,11
Netherlands,2020-03-09 15:00:00,2020-03-09 16:00:00,36.24,0.393204,16,0,3
Netherlands,2022-08-27 07:00:00,2022-08-27 09:00:00,685.95,7.4425574999999995,9,5,8
Netherlands,16/11/2024 09:00,2024-11-16 10:00:00,114.9,1.246665,10,5,11
Netherlands,2022-07-30 13:00:00,2022-07-30 15:00:00,277.3,3.008705,15,5,7
Netherlands,09/10/2024 05:00,2024-10-09 07:00:00,98.88,1.072848,7,2,10
Netherlands,2019-01-11 23:00:00,2019-01-12 00:00:00,46.8,0.50778,0,5,1
Netherlands,11/11/2023 21:00,2023-11-11 22:00:00,92.38,1.0023229999999999,22,5,11
Netherlands,2021-04-17 11:00:00,2021-04-17 13:00:00,47.91,0.5198235,13,5,4
Netherlands,2022-12-12 09:00:00,2022-12-12 10:00:00,503.67,5.4648195,10,0,12
Netherlands,2019-08-07 12:00:00,2019-08-07 14:00:00,37.93,0.41154050000000003,14,2,8
Netherlands,2018-10-02 07:00:00,2018-10-02 09:00:00,74.96,0.8133159999999999,9,1,10
Netherlands,2021-01-11 19:00:00,2021-01-11 20:00:00,38.34,0.41598900000000005,20,0,1
Netherlands,2018-08-05 01:00:00,2018-08-05 03:00:00,47.86,0.519281,3,6,8
Netherlands,06/11/2023 09:00,2023-11-06 10:00:00,63.99,0.6942915000000001,10,0,11
Netherlands,10/04/2024 01:00,2024-04-10 03:00:00,8.99,0.0975415,3,2,4
Netherlands,2022-12-11 11:00:00,2022-12-11 12:00:00,347.25,3.7676624999999997,12,6,12
Netherlands,2017-04-09 20:00:00,2017-04-09 22:00:00,39.9,0.43291499999999994,22,6,4
Netherlands,2020-10-08 02:00:00,2020-10-08 04:00:00,22.02,0.238917,4,3,10
Netherlands,2015-12-23 03:00:00,2015-12-23 04:00:00,6.6,0.07161,4,2,12
Netherlands,2015-12-15 13:00:00,2015-12-15 14:00:00,49.6,0.53816,14,1,12
Netherlands,2023-07-20 02:00:00,2023-07-20 04:00:00,82.0,0.8896999999999999,4,3,7
Netherlands,24/04/2024 21:00,2024-04-24 23:00:00,90.0,0.9765,23,2,4
Netherlands,2016-01-09 02:00:00,2016-01-09 03:00:00,23.23,0.2520455,3,5,1
Netherlands,2017-01-07 14:00:00,2017-01-07 15:00:00,50.47,0.5475994999999999,15,5,1
Netherlands,2018-08-10 05:00:00,2018-08-10 07:00:00,51.33,0.5569304999999999,7,4,8
Netherlands,2015-01-07 05:00:00,2015-01-07 06:00:00,35.78,0.38821300000000003,6,2,1
Netherlands,21/11/2024 02:00,2024-11-21 03:00:00,84.15,0.9130275,3,3,11
Netherlands,2018-04-12 23:00:00,2018-04-13 01:00:00,42.0,0.4557,1,4,4
Netherlands,2023-01-05 06:00:00,2023-01-05 07:00:00,119.9,1.300915,7,3,1
Netherlands,2022-01-16 15:00:00,2022-01-16 16:00:00,199.0,2.15915,16,6,1
Netherlands,2018-07-30 04:00:00,2018-07-30 06:00:00,52.56,0.570276,6,0,7
Netherlands,2022-05-13 07:00:00,2022-05-13 09:00:00,225.1,2.442335,9,4,5
Netherlands,2018-08-28 03:00:00,2018-08-28 05:00:00,57.54,0.624309,5,1,8
Netherlands,2018-10-13 10:00:00,2018-10-13 12:00:00,51.0,0.55335,12,5,10
Netherlands,2021-07-13 15:00:00,2021-07-13 17:00:00,98.35,1.0670974999999998,17,1,7
Netherlands,2017-07-11 21:00:00,2017-07-11 23:00:00,34.25,0.3716125,23,1,7
Netherlands,2015-10-03 23:00:00,2015-10-04 01:00:00,51.49,0.5586665000000001,1,6,10
Netherlands,2015-02-20 19:00:00,2015-02-20 20:00:00,51.96,0.563766,20,4,2
Netherlands,2016-11-16 17:00:00,2016-11-16 18:00:00,51.81,0.5621385,18,2,11
Netherlands,2020-05-03 06:00:00,2020-05-03 08:00:00,10.0,0.1085,8,6,5
Netherlands,2017-01-28 17:00:00,2017-01-28 18:00:00,55.0,0.59675,18,5,1
Netherlands,20/06/2024 17:00,2024-06-20 19:00:00,138.38,1.501423,19,3,6
Netherlands,2018-11-16 08:00:00,2018-11-16 09:00:00,82.46,0.8946909999999999,9,4,11
Netherlands,2017-07-21 13:00:00,2017-07-21 15:00:00,30.36,0.32940600000000003,15,4,7
Netherlands,2020-08-29 08:00:00,2020-08-29 10:00:00,36.84,0.399714,10,5,8
Netherlands,26/10/2024 00:00,2024-10-26 02:00:00,102.7,1.114295,2,5,10
Netherlands,2023-05-03 05:00:00,2023-05-03 07:00:00,132.46,1.437191,7,2,5
Netherlands,10/11/2023 19:00,2023-11-10 20:00:00,112.93,1.2252905,20,4,11
Netherlands,2020-04-25 03:00:00,2020-04-25 05:00:00,14.03,0.15222549999999999,5,5,4
Netherlands,16/02/2024 18:00,2024-02-16 19:00:00,80.75,0.8761374999999999,19,4,2
Netherlands,21/07/2024 04:00,2024-07-21 06:00:00,73.9,0.801815,6,6,7
Netherlands,2020-06-05 07:00:00,2020-06-05 09:00:00,31.53,0.34210050000000003,9,4,6
Netherlands,2017-04-22 22:00:00,2017-04-23 00:00:00,39.86,0.432481,0,6,4
Netherlands,2023-09-20 12:00:00,2023-09-20 14:00:00,-4.94,-0.053599,14,2,9
Netherlands,24/06/2024 09:00,2024-06-24 11:00:00,34.3,0.37215499999999996,11,0,6
Netherlands,18/08/2024 08:00,2024-08-18 10:00:00,62.56,0.6787759999999999,10,6,8
Netherlands,2019-10-25 11:00:00,2019-10-25 13:00:00,36.07,0.39135949999999997,13,4,10
Netherlands,2015-04-05 15:00:00,2015-04-05 17:00:00,30.68,0.332878,17,6,4
Netherlands,2018-03-17 08:00:00,2018-03-17 09:00:00,57.66,0.625611,9,5,3
Netherlands,2017-05-01 21:00:00,2017-05-01 23:00:00,42.97,0.4662245,23,0,5
Netherlands,2021-09-10 13:00:00,2021-09-10 15:00:00,130.61,1.4171185,15,4,9
Netherlands,2017-03-07 11:00:00,2017-03-07 12:00:00,49.9,0.541415,12,1,3
Netherlands,2021-10-25 11:00:00,2021-10-25 13:00:00,169.59,1.8400515,13,0,10
Netherlands,2019-04-26 17:00:00,2019-04-26 19:00:00,48.75,0.5289375,19,4,4
Netherlands,2022-04-20 22:00:00,2022-04-21 00:00:00,188.55,2.0457675,0,3,4
Netherlands,2019-05-08 15:00:00,2019-05-08 17:00:00,35.45,0.3846325,17,2,5
Netherlands,2020-01-15 17:00:00,2020-01-15 18:00:00,44.9,0.48716499999999996,18,2,1
Netherlands,2015-06-20 17:00:00,2015-06-20 19:00:00,39.3,0.426405,19,5,6
Netherlands,2018-10-25 12:00:00,2018-10-25 14:00:00,48.6,0.52731,14,3,10
Netherlands,2020-02-27 00:00:00,2020-02-27 01:00:00,28.54,0.309659,1,3,2
Netherlands,2022-05-16 21:00:00,2022-05-16 23:00:00,193.78,2.102513,23,0,5
Netherlands,2017-10-09 06:00:00,2017-10-09 08:00:00,64.05,0.6949425,8,0,10
Netherlands,2015-06-08 15:00:00,2015-06-08 17:00:00,32.92,0.357182,17,0,6
Netherlands,2023-06-13 14:00:00,2023-06-13 16:00:00,73.08,0.792918,16,1,6
Netherlands,2022-08-02 02:00:00,2022-08-02 04:00:00,352.69,3.8266864999999997,4,1,8
Netherlands,2018-02-01 04:00:00,2018-02-01 05:00:00,29.81,0.32343849999999996,5,3,2
Netherlands,2015-10-19 06:00:00,2015-10-19 08:00:00,66.32,0.7195719999999999,8,0,10
Netherlands,2018-01-03 22:00:00,2018-01-03 23:00:00,35.1,0.380835,23,2,1
Netherlands,06/12/2024 20:00,2024-12-06 21:00:00,117.99,1.2801915,21,4,12
Netherlands,2016-03-17 09:00:00,2016-03-17 10:00:00,36.0,0.39059999999999995,10,3,3
